# relative_time, cycles_done, cur_item, corpus_count, pending_total, pending_favs, map_size, saved_crashes, saved_hangs, max_depth, execs_per_sec, total_execs, edges_found, total_crashes, servers_count
61, 11, 1, 5, 0, 0, 0.08%, 0, 0, 1, 25.69, 1635, 53, 0, 0
66, 12, 1, 5, 0, 0, 0.08%, 0, 0, 1, 25.45, 1764, 53, 0, 0
71, 13, 1, 5, 0, 0, 0.08%, 0, 0, 1, 25.20, 1891, 53, 0, 0
77, 14, 1, 5, 0, 0, 0.08%, 0, 0, 1, 25.27, 2020, 53, 0, 0
82, 15, 1, 5, 0, 0, 0.08%, 0, 0, 1, 25.51, 2153, 53, 0, 0
87, 16, 1, 5, 0, 0, 0.08%, 0, 0, 1, 25.69, 2285, 53, 0, 0
92, 16, 1, 5, 0, 0, 0.08%, 0, 0, 1, 25.38, 2412, 53, 0, 0
97, 17, 1, 5, 0, 0, 0.08%, 0, 0, 1, 25.46, 2541, 53, 0, 0
102, 18, 1, 5, 0, 0, 0.08%, 0, 0, 1, 25.35, 2671, 53, 0, 0
107, 19, 1, 5, 0, 0, 0.08%, 0, 0, 1, 25.46, 2803, 53, 0, 0
112, 20, 1, 5, 0, 0, 0.08%, 0, 0, 1, 25.48, 2933, 53, 0, 0
117, 21, 1, 5, 0, 0, 0.08%, 0, 0, 1, 25.45, 3062, 53, 0, 0
123, 22, 1, 5, 0, 0, 0.08%, 0, 0, 1, 26.58, 3200, 53, 0, 0
128, 23, 1, 5, 0, 0, 0.08%, 0, 0, 1, 26.52, 3332, 53, 0, 0
133, 24, 1, 5, 0, 0, 0.08%, 0, 0, 1, 26.16, 3464, 53, 0, 0
138, 25, 1, 5, 0, 0, 0.08%, 0, 0, 1, 25.61, 3595, 53, 0, 0
143, 26, 1, 5, 0, 0, 0.08%, 0, 0, 1, 26.17, 3731, 53, 0, 0
148, 27, 1, 5, 0, 0, 0.08%, 0, 0, 1, 26.60, 3869, 53, 0, 0
153, 28, 1, 5, 0, 0, 0.08%, 0, 0, 1, 25.93, 3999, 53, 0, 0
158, 29, 1, 5, 0, 0, 0.08%, 0, 0, 1, 26.73, 4137, 53, 0, 0
163, 30, 1, 5, 0, 0, 0.08%, 0, 0, 1, 26.86, 4275, 53, 0, 0
169, 31, 1, 5, 0, 0, 0.08%, 0, 0, 1, 26.67, 4413, 53, 0, 0
174, 32, 1, 5, 0, 0, 0.08%, 0, 0, 1, 25.44, 4541, 53, 0, 0
179, 33, 0, 5, 0, 0, 0.08%, 0, 0, 1, 25.60, 4672, 53, 0, 0
184, 34, 0, 5, 0, 0, 0.08%, 0, 0, 1, 26.01, 4804, 53, 0, 0
189, 34, 1, 5, 0, 0, 0.08%, 0, 0, 1, 26.04, 4936, 53, 0, 0
194, 35, 0, 5, 0, 0, 0.08%, 0, 0, 1, 25.65, 5068, 53, 0, 0
199, 36, 1, 5, 0, 0, 0.08%, 0, 0, 1, 26.02, 5200, 53, 0, 0
204, 37, 1, 5, 0, 0, 0.08%, 0, 0, 1, 26.22, 5335, 53, 0, 0
209, 38, 1, 5, 0, 0, 0.08%, 0, 0, 1, 26.83, 5473, 53, 0, 0
215, 39, 0, 5, 0, 0, 0.08%, 0, 0, 1, 26.35, 5610, 53, 0, 0
220, 40, 1, 5, 0, 0, 0.08%, 0, 0, 1, 26.03, 5742, 53, 0, 0
225, 41, 0, 5, 0, 0, 0.08%, 0, 0, 1, 26.13, 5874, 53, 0, 0
230, 42, 1, 5, 0, 0, 0.08%, 0, 0, 1, 26.09, 6005, 53, 0, 0
235, 43, 1, 5, 0, 0, 0.08%, 0, 0, 1, 26.10, 6137, 53, 0, 0
240, 44, 0, 5, 0, 0, 0.08%, 0, 0, 1, 26.10, 6274, 53, 0, 0
245, 45, 0, 5, 0, 0, 0.08%, 0, 0, 1, 25.58, 6407, 53, 0, 0
250, 46, 1, 5, 0, 0, 0.08%, 0, 0, 1, 26.41, 6544, 53, 0, 0
255, 47, 0, 5, 0, 0, 0.08%, 0, 0, 1, 26.86, 6682, 53, 0, 0
261, 48, 1, 5, 0, 0, 0.08%, 0, 0, 1, 26.43, 6817, 53, 0, 0
266, 49, 0, 5, 0, 0, 0.08%, 0, 0, 1, 26.05, 6953, 53, 0, 0
271, 50, 1, 5, 0, 0, 0.08%, 0, 0, 1, 25.86, 7083, 53, 0, 0
276, 51, 1, 5, 0, 0, 0.08%, 0, 0, 1, 25.20, 7212, 53, 0, 0
281, 52, 1, 5, 0, 0, 0.08%, 0, 0, 1, 25.71, 7342, 53, 0, 0
286, 53, 1, 5, 0, 0, 0.08%, 0, 0, 1, 26.52, 7480, 53, 0, 0
291, 54, 1, 5, 0, 0, 0.08%, 0, 0, 1, 26.10, 7612, 53, 0, 0
297, 54, 1, 5, 0, 0, 0.08%, 0, 0, 1, 25.56, 7742, 53, 0, 0
302, 55, 1, 5, 0, 0, 0.08%, 0, 0, 1, 25.59, 7873, 53, 0, 0
307, 56, 1, 5, 0, 0, 0.08%, 0, 0, 1, 26.57, 8011, 53, 0, 0
312, 57, 1, 5, 0, 0, 0.08%, 0, 0, 1, 26.90, 8149, 53, 0, 0
317, 58, 1, 5, 0, 0, 0.08%, 0, 0, 1, 25.91, 8281, 53, 0, 0
322, 59, 1, 5, 0, 0, 0.08%, 0, 0, 1, 25.62, 8411, 53, 0, 0
327, 60, 1, 5, 0, 0, 0.08%, 0, 0, 1, 26.07, 8545, 53, 0, 0
332, 61, 1, 5, 0, 0, 0.08%, 0, 0, 1, 25.98, 8677, 53, 0, 0
337, 62, 1, 5, 0, 0, 0.08%, 0, 0, 1, 25.96, 8806, 53, 0, 0
343, 63, 1, 5, 0, 0, 0.08%, 0, 0, 1, 25.58, 8937, 53, 0, 0
348, 64, 1, 5, 0, 0, 0.08%, 0, 0, 1, 25.40, 9069, 53, 0, 0
353, 65, 1, 5, 0, 0, 0.08%, 0, 0, 1, 25.29, 9196, 53, 0, 0
358, 66, 1, 5, 0, 0, 0.08%, 0, 0, 1, 25.45, 9326, 53, 0, 0
363, 67, 1, 5, 0, 0, 0.08%, 0, 0, 1, 26.29, 9463, 53, 0, 0
368, 68, 1, 5, 0, 0, 0.08%, 0, 0, 1, 26.64, 9601, 53, 0, 0
373, 69, 1, 5, 0, 0, 0.08%, 0, 0, 1, 25.94, 9733, 53, 0, 0
378, 70, 1, 5, 0, 0, 0.08%, 0, 0, 1, 25.67, 9863, 53, 0, 0
384, 71, 1, 5, 0, 0, 0.08%, 0, 0, 1, 25.51, 9994, 53, 0, 0
389, 71, 1, 5, 0, 0, 0.08%, 0, 0, 1, 25.22, 10121, 53, 0, 0
394, 72, 1, 5, 0, 0, 0.08%, 0, 0, 1, 25.76, 10253, 53, 0, 0
399, 73, 1, 5, 0, 0, 0.08%, 0, 0, 1, 26.07, 10385, 53, 0, 0
404, 74, 1, 5, 0, 0, 0.08%, 0, 0, 1, 26.38, 10517, 53, 0, 0
409, 75, 1, 5, 0, 0, 0.08%, 0, 0, 1, 26.61, 10655, 53, 0, 0
414, 76, 1, 5, 0, 0, 0.08%, 0, 0, 1, 26.67, 10793, 53, 0, 0
419, 77, 1, 5, 0, 0, 0.08%, 0, 0, 1, 25.91, 10924, 53, 0, 0
424, 78, 1, 5, 0, 0, 0.08%, 0, 0, 1, 25.69, 11056, 53, 0, 0
429, 79, 0, 5, 0, 0, 0.08%, 0, 0, 1, 26.54, 11194, 53, 0, 0
434, 80, 1, 5, 0, 0, 0.08%, 0, 0, 1, 26.30, 11326, 53, 0, 0
440, 81, 1, 5, 0, 0, 0.08%, 0, 0, 1, 26.76, 11464, 53, 0, 0
445, 82, 1, 5, 0, 0, 0.08%, 0, 0, 1, 26.11, 11599, 53, 0, 0
450, 83, 1, 5, 0, 0, 0.08%, 0, 0, 1, 25.61, 11730, 53, 0, 0
455, 84, 0, 5, 0, 0, 0.08%, 0, 0, 1, 26.59, 11868, 53, 0, 0
460, 85, 1, 5, 0, 0, 0.08%, 0, 0, 1, 25.83, 12001, 53, 0, 0
465, 86, 1, 5, 0, 0, 0.08%, 0, 0, 1, 26.33, 12133, 53, 0, 0
470, 87, 1, 5, 0, 0, 0.08%, 0, 0, 1, 26.75, 12271, 53, 0, 0
476, 88, 1, 5, 0, 0, 0.08%, 0, 0, 1, 26.59, 12409, 53, 0, 0
481, 89, 1, 5, 0, 0, 0.08%, 0, 0, 1, 26.78, 12547, 53, 0, 0
486, 90, 1, 5, 0, 0, 0.08%, 0, 0, 1, 26.80, 12685, 53, 0, 0
491, 91, 1, 5, 0, 0, 0.08%, 0, 0, 1, 25.95, 12816, 53, 0, 0
496, 92, 1, 5, 0, 0, 0.08%, 0, 0, 1, 25.26, 12945, 53, 0, 0
501, 93, 1, 5, 0, 0, 0.08%, 0, 0, 1, 25.12, 13076, 53, 0, 0
506, 94, 1, 5, 0, 0, 0.08%, 0, 0, 1, 25.80, 13209, 53, 0, 0
512, 95, 1, 5, 0, 0, 0.08%, 0, 0, 1, 26.47, 13347, 53, 0, 0
517, 96, 0, 5, 0, 0, 0.08%, 0, 0, 1, 26.65, 13485, 53, 0, 0
522, 96, 1, 5, 0, 0, 0.08%, 0, 0, 1, 25.89, 13615, 53, 0, 0
527, 97, 1, 5, 0, 0, 0.08%, 0, 0, 1, 25.51, 13747, 53, 0, 0
532, 98, 1, 5, 0, 0, 0.08%, 0, 0, 1, 26.29, 13879, 53, 0, 0
537, 99, 1, 5, 0, 0, 0.08%, 0, 0, 1, 25.34, 14010, 53, 0, 0
542, 100, 1, 5, 0, 0, 0.08%, 0, 0, 1, 26.02, 14141, 53, 0, 0
547, 101, 1, 5, 0, 0, 0.08%, 0, 0, 1, 26.13, 14273, 53, 0, 0
553, 102, 1, 5, 0, 0, 0.08%, 0, 0, 1, 26.59, 14411, 53, 0, 0
558, 103, 0, 5, 0, 0, 0.08%, 0, 0, 1, 26.05, 14543, 53, 0, 0
563, 104, 1, 5, 0, 0, 0.08%, 0, 0, 1, 25.45, 14673, 53, 0, 0
568, 105, 1, 5, 0, 0, 0.08%, 0, 0, 1, 25.46, 14801, 53, 0, 0
573, 106, 1, 5, 0, 0, 0.08%, 0, 0, 1, 25.40, 14931, 53, 0, 0
578, 107, 1, 5, 0, 0, 0.08%, 0, 0, 1, 24.90, 15054, 53, 0, 0
583, 108, 1, 5, 0, 0, 0.08%, 0, 0, 1, 26.03, 15186, 53, 0, 0
588, 109, 1, 5, 0, 0, 0.08%, 0, 0, 1, 26.15, 15321, 53, 0, 0
593, 110, 1, 5, 0, 0, 0.08%, 0, 0, 1, 26.18, 15454, 53, 0, 0
598, 111, 1, 5, 0, 0, 0.08%, 0, 0, 1, 26.57, 15591, 53, 0, 0
603, 112, 1, 5, 0, 0, 0.08%, 0, 0, 1, 26.34, 15723, 53, 0, 0
609, 112, 1, 5, 0, 0, 0.08%, 0, 0, 1, 26.88, 15861, 53, 0, 0
614, 113, 1, 5, 0, 0, 0.08%, 0, 0, 1, 26.67, 15999, 53, 0, 0
619, 114, 1, 5, 0, 0, 0.08%, 0, 0, 1, 26.47, 16131, 53, 0, 0
624, 115, 1, 5, 0, 0, 0.08%, 0, 0, 1, 25.77, 16260, 53, 0, 0
629, 116, 1, 5, 0, 0, 0.08%, 0, 0, 1, 25.95, 16393, 53, 0, 0
634, 117, 1, 5, 0, 0, 0.08%, 0, 0, 1, 25.74, 16524, 53, 0, 0
639, 118, 1, 5, 0, 0, 0.08%, 0, 0, 1, 26.85, 16662, 53, 0, 0
644, 119, 1, 5, 0, 0, 0.08%, 0, 0, 1, 26.53, 16799, 53, 0, 0
649, 120, 0, 5, 0, 0, 0.08%, 0, 0, 1, 26.53, 16936, 53, 0, 0
655, 121, 1, 5, 0, 0, 0.08%, 0, 0, 1, 26.52, 17074, 53, 0, 0
660, 122, 1, 5, 0, 0, 0.08%, 0, 0, 1, 26.09, 17209, 53, 0, 0
665, 123, 1, 5, 0, 0, 0.08%, 0, 0, 1, 25.81, 17340, 53, 0, 0
670, 124, 1, 5, 0, 0, 0.08%, 0, 0, 1, 25.55, 17471, 53, 0, 0
675, 125, 1, 5, 0, 0, 0.08%, 0, 0, 1, 26.13, 17607, 53, 0, 0
680, 126, 1, 5, 0, 0, 0.08%, 0, 0, 1, 26.72, 17745, 53, 0, 0
685, 127, 1, 5, 0, 0, 0.08%, 0, 0, 1, 27.18, 17883, 53, 0, 0
690, 128, 1, 5, 0, 0, 0.08%, 0, 0, 1, 25.95, 18013, 53, 0, 0
696, 129, 1, 5, 0, 0, 0.08%, 0, 0, 1, 25.97, 18145, 53, 0, 0
701, 130, 1, 5, 0, 0, 0.08%, 0, 0, 1, 26.07, 18277, 53, 0, 0
706, 131, 1, 5, 0, 0, 0.08%, 0, 0, 1, 26.77, 18415, 53, 0, 0
711, 132, 1, 5, 0, 0, 0.08%, 0, 0, 1, 25.99, 18549, 53, 0, 0
716, 133, 1, 5, 0, 0, 0.08%, 0, 0, 1, 26.31, 18681, 53, 0, 0
721, 134, 1, 5, 0, 0, 0.08%, 0, 0, 1, 25.85, 18816, 53, 0, 0
726, 135, 1, 5, 0, 0, 0.08%, 0, 0, 1, 26.88, 18954, 53, 0, 0
731, 136, 1, 5, 0, 0, 0.08%, 0, 0, 1, 27.23, 19092, 53, 0, 0
737, 137, 1, 5, 0, 0, 0.08%, 0, 0, 1, 25.68, 19223, 53, 0, 0
742, 137, 1, 5, 0, 0, 0.08%, 0, 0, 1, 25.73, 19353, 53, 0, 0
747, 138, 1, 5, 0, 0, 0.08%, 0, 0, 1, 26.29, 19489, 53, 0, 0
752, 139, 1, 5, 0, 0, 0.08%, 0, 0, 1, 25.68, 19620, 53, 0, 0
757, 140, 0, 5, 0, 0, 0.08%, 0, 0, 1, 26.51, 19758, 53, 0, 0
762, 141, 0, 5, 0, 0, 0.08%, 0, 0, 1, 26.89, 19896, 53, 0, 0
767, 142, 1, 5, 0, 0, 0.08%, 0, 0, 1, 26.67, 20034, 53, 0, 0
772, 143, 1, 5, 0, 0, 0.08%, 0, 0, 1, 25.79, 20162, 53, 0, 0
777, 144, 1, 5, 0, 0, 0.08%, 0, 0, 1, 26.41, 20296, 53, 0, 0
782, 145, 1, 5, 0, 0, 0.08%, 0, 0, 1, 26.02, 20427, 53, 0, 0
787, 146, 1, 5, 0, 0, 0.08%, 0, 0, 1, 26.29, 20558, 53, 0, 0
793, 147, 1, 5, 0, 0, 0.08%, 0, 0, 1, 26.37, 20694, 53, 0, 0
798, 148, 1, 5, 0, 0, 0.08%, 0, 0, 1, 26.54, 20832, 53, 0, 0
803, 149, 1, 5, 0, 0, 0.08%, 0, 0, 1, 26.06, 20962, 53, 0, 0
808, 150, 1, 5, 0, 0, 0.08%, 0, 0, 1, 26.29, 21094, 53, 0, 0
813, 151, 1, 5, 0, 0, 0.08%, 0, 0, 1, 26.29, 21231, 53, 0, 0
818, 152, 1, 5, 0, 0, 0.08%, 0, 0, 1, 26.44, 21366, 53, 0, 0
823, 153, 1, 5, 0, 0, 0.08%, 0, 0, 1, 25.64, 21499, 53, 0, 0
828, 154, 1, 5, 0, 0, 0.08%, 0, 0, 1, 25.70, 21631, 53, 0, 0
834, 155, 1, 5, 0, 0, 0.08%, 0, 0, 1, 26.44, 21767, 53, 0, 0
839, 156, 1, 5, 0, 0, 0.08%, 0, 0, 1, 25.96, 21902, 53, 0, 0
844, 157, 1, 5, 0, 0, 0.08%, 0, 0, 1, 25.40, 22030, 53, 0, 0
849, 157, 1, 5, 0, 0, 0.08%, 0, 0, 1, 25.53, 22159, 53, 0, 0
854, 158, 0, 5, 0, 0, 0.08%, 0, 0, 1, 26.24, 22291, 53, 0, 0
859, 159, 1, 5, 0, 0, 0.08%, 0, 0, 1, 26.59, 22429, 53, 0, 0
864, 160, 1, 5, 0, 0, 0.08%, 0, 0, 1, 26.43, 22566, 53, 0, 0
869, 161, 1, 5, 0, 0, 0.08%, 0, 0, 1, 25.53, 22696, 53, 0, 0
875, 162, 1, 5, 0, 0, 0.08%, 0, 0, 1, 26.50, 22834, 53, 0, 0
880, 163, 0, 5, 0, 0, 0.08%, 0, 0, 1, 26.58, 22970, 53, 0, 0
885, 164, 1, 5, 0, 0, 0.08%, 0, 0, 1, 26.15, 23107, 53, 0, 0
890, 165, 1, 5, 0, 0, 0.08%, 0, 0, 1, 25.75, 23238, 53, 0, 0
895, 166, 1, 5, 0, 0, 0.08%, 0, 0, 1, 25.81, 23369, 53, 0, 0
897, 166, 1, 5, 0, 0, 0.08%, 0, 0, 1, 25.42, 23412, 53, 0, 0
