# relative_time, cycles_done, cur_item, corpus_count, pending_total, pending_favs, map_size, saved_crashes, saved_hangs, max_depth, execs_per_sec, total_execs, edges_found, total_crashes, servers_count
62, 9, 1, 5, 0, 0, 0.31%, 0, 0, 1, 13.21, 854, 201, 0, 0
67, 10, 1, 5, 0, 0, 0.31%, 0, 0, 1, 13.21, 923, 201, 0, 0
72, 11, 1, 5, 0, 0, 0.31%, 0, 0, 1, 13.13, 989, 201, 0, 0
77, 12, 1, 5, 0, 0, 0.31%, 0, 0, 1, 12.99, 1055, 201, 0, 0
82, 12, 1, 5, 0, 0, 0.31%, 0, 0, 1, 12.96, 1121, 201, 0, 0
87, 13, 1, 5, 0, 0, 0.31%, 0, 0, 1, 13.39, 1190, 201, 0, 0
92, 14, 1, 5, 0, 0, 0.31%, 0, 0, 1, 13.50, 1259, 201, 0, 0
98, 15, 1, 5, 0, 0, 0.31%, 0, 0, 1, 13.21, 1328, 201, 0, 0
103, 16, 1, 5, 0, 0, 0.31%, 0, 0, 1, 13.03, 1394, 201, 0, 0
108, 16, 1, 5, 0, 0, 0.31%, 0, 0, 1, 13.00, 1460, 201, 0, 0
113, 17, 1, 5, 0, 0, 0.31%, 0, 0, 1, 13.05, 1526, 201, 0, 0
118, 18, 1, 5, 0, 0, 0.31%, 0, 0, 1, 13.02, 1592, 201, 0, 0
123, 19, 1, 5, 0, 0, 0.31%, 0, 0, 1, 13.01, 1658, 201, 0, 0
128, 20, 1, 5, 0, 0, 0.31%, 0, 0, 1, 13.03, 1724, 201, 0, 0
133, 20, 1, 5, 0, 0, 0.31%, 0, 0, 1, 13.03, 1790, 201, 0, 0
138, 21, 1, 5, 0, 0, 0.31%, 0, 0, 1, 13.01, 1856, 201, 0, 0
143, 22, 1, 5, 0, 0, 0.31%, 0, 0, 1, 12.88, 1922, 201, 0, 0
148, 23, 1, 5, 0, 0, 0.31%, 0, 0, 1, 12.86, 1988, 201, 0, 0
154, 24, 1, 5, 0, 0, 0.31%, 0, 0, 1, 12.84, 2054, 201, 0, 0
159, 24, 1, 5, 0, 0, 0.31%, 0, 0, 1, 12.85, 2120, 201, 0, 0
164, 25, 1, 5, 0, 0, 0.31%, 0, 0, 1, 12.83, 2186, 201, 0, 0
169, 26, 1, 5, 0, 0, 0.31%, 0, 0, 1, 12.96, 2252, 201, 0, 0
174, 27, 1, 5, 0, 0, 0.31%, 0, 0, 1, 13.00, 2318, 201, 0, 0
179, 27, 1, 5, 0, 0, 0.31%, 0, 0, 1, 13.04, 2384, 201, 0, 0
184, 28, 1, 5, 0, 0, 0.31%, 0, 0, 1, 13.05, 2450, 201, 0, 0
189, 29, 1, 5, 0, 0, 0.31%, 0, 0, 1, 13.04, 2516, 201, 0, 0
194, 30, 1, 5, 0, 0, 0.31%, 0, 0, 1, 13.06, 2582, 201, 0, 0
199, 31, 1, 5, 0, 0, 0.31%, 0, 0, 1, 13.07, 2648, 201, 0, 0
204, 31, 1, 5, 0, 0, 0.31%, 0, 0, 1, 13.11, 2714, 201, 0, 0
209, 32, 1, 5, 0, 0, 0.31%, 0, 0, 1, 13.07, 2780, 201, 0, 0
214, 33, 1, 5, 0, 0, 0.31%, 0, 0, 1, 13.09, 2846, 201, 0, 0
219, 34, 1, 5, 0, 0, 0.31%, 0, 0, 1, 13.08, 2912, 201, 0, 0
225, 35, 1, 5, 0, 0, 0.31%, 0, 0, 1, 12.94, 2978, 201, 0, 0
230, 35, 1, 5, 0, 0, 0.31%, 0, 0, 1, 12.88, 3044, 201, 0, 0
235, 36, 1, 5, 0, 0, 0.31%, 0, 0, 1, 12.86, 3110, 201, 0, 0
240, 37, 1, 5, 0, 0, 0.31%, 0, 0, 1, 12.87, 3176, 201, 0, 0
245, 38, 1, 5, 0, 0, 0.31%, 0, 0, 1, 12.86, 3242, 201, 0, 0
250, 38, 1, 5, 0, 0, 0.31%, 0, 0, 1, 12.88, 3308, 201, 0, 0
255, 39, 1, 5, 0, 0, 0.31%, 0, 0, 1, 12.86, 3374, 201, 0, 0
260, 40, 1, 5, 0, 0, 0.31%, 0, 0, 1, 12.86, 3440, 201, 0, 0
266, 41, 1, 5, 0, 0, 0.31%, 0, 0, 1, 12.86, 3506, 201, 0, 0
271, 42, 1, 5, 0, 0, 0.31%, 0, 0, 1, 12.84, 3572, 201, 0, 0
276, 42, 1, 5, 0, 0, 0.31%, 0, 0, 1, 12.87, 3638, 201, 0, 0
281, 43, 1, 5, 0, 0, 0.31%, 0, 0, 1, 12.85, 3704, 201, 0, 0
286, 44, 1, 5, 0, 0, 0.31%, 0, 0, 1, 12.85, 3770, 201, 0, 0
291, 45, 1, 5, 0, 0, 0.31%, 0, 0, 1, 12.85, 3836, 201, 0, 0
296, 46, 1, 5, 0, 0, 0.31%, 0, 0, 1, 12.86, 3902, 201, 0, 0
302, 46, 1, 5, 0, 0, 0.31%, 0, 0, 1, 12.86, 3968, 201, 0, 0
307, 47, 1, 5, 0, 0, 0.31%, 0, 0, 1, 12.85, 4034, 201, 0, 0
312, 48, 1, 5, 0, 0, 0.31%, 0, 0, 1, 12.84, 4100, 201, 0, 0
317, 49, 1, 5, 0, 0, 0.31%, 0, 0, 1, 12.84, 4166, 201, 0, 0
322, 49, 1, 5, 0, 0, 0.31%, 0, 0, 1, 12.87, 4232, 201, 0, 0
327, 50, 1, 5, 0, 0, 0.31%, 0, 0, 1, 12.86, 4298, 201, 0, 0
332, 51, 1, 5, 0, 0, 0.31%, 0, 0, 1, 12.84, 4364, 201, 0, 0
338, 52, 1, 5, 0, 0, 0.31%, 0, 0, 1, 12.85, 4430, 201, 0, 0
343, 53, 1, 5, 0, 0, 0.31%, 0, 0, 1, 12.85, 4496, 201, 0, 0
348, 53, 1, 5, 0, 0, 0.31%, 0, 0, 1, 12.93, 4562, 201, 0, 0
353, 54, 1, 5, 0, 0, 0.31%, 0, 0, 1, 13.06, 4628, 201, 0, 0
358, 55, 1, 5, 0, 0, 0.31%, 0, 0, 1, 13.04, 4694, 201, 0, 0
363, 56, 1, 5, 0, 0, 0.31%, 0, 0, 1, 13.06, 4760, 201, 0, 0
368, 57, 1, 5, 0, 0, 0.31%, 0, 0, 1, 13.08, 4826, 201, 0, 0
373, 57, 1, 5, 0, 0, 0.31%, 0, 0, 1, 13.06, 4892, 201, 0, 0
378, 58, 1, 5, 0, 0, 0.31%, 0, 0, 1, 13.08, 4958, 201, 0, 0
383, 59, 1, 5, 0, 0, 0.31%, 0, 0, 1, 13.11, 5024, 201, 0, 0
388, 60, 1, 5, 0, 0, 0.31%, 0, 0, 1, 13.08, 5090, 201, 0, 0
393, 60, 1, 5, 0, 0, 0.31%, 0, 0, 1, 13.07, 5156, 201, 0, 0
398, 61, 1, 5, 0, 0, 0.31%, 0, 0, 1, 13.06, 5222, 201, 0, 0
403, 62, 1, 5, 0, 0, 0.31%, 0, 0, 1, 13.07, 5288, 201, 0, 0
408, 63, 1, 5, 0, 0, 0.31%, 0, 0, 1, 13.08, 5354, 201, 0, 0
413, 64, 1, 5, 0, 0, 0.31%, 0, 0, 1, 13.07, 5420, 201, 0, 0
418, 64, 1, 5, 0, 0, 0.31%, 0, 0, 1, 13.10, 5486, 201, 0, 0
423, 65, 1, 5, 0, 0, 0.31%, 0, 0, 1, 13.08, 5552, 201, 0, 0
428, 66, 1, 5, 0, 0, 0.31%, 0, 0, 1, 13.17, 5618, 201, 0, 0
434, 67, 1, 5, 0, 0, 0.31%, 0, 0, 1, 13.24, 5687, 201, 0, 0
439, 68, 1, 5, 0, 0, 0.31%, 0, 0, 1, 13.22, 5756, 201, 0, 0
444, 68, 1, 5, 0, 0, 0.31%, 0, 0, 1, 13.22, 5825, 201, 0, 0
449, 69, 1, 5, 0, 0, 0.31%, 0, 0, 1, 13.24, 5894, 201, 0, 0
455, 70, 1, 5, 0, 0, 0.31%, 0, 0, 1, 13.22, 5963, 201, 0, 0
460, 71, 1, 5, 0, 0, 0.31%, 0, 0, 1, 13.21, 6029, 201, 0, 0
465, 72, 1, 5, 0, 0, 0.31%, 0, 0, 1, 13.21, 6095, 201, 0, 0
470, 72, 1, 5, 0, 0, 0.31%, 0, 0, 1, 13.21, 6164, 201, 0, 0
475, 73, 1, 5, 0, 0, 0.31%, 0, 0, 1, 13.24, 6233, 201, 0, 0
480, 74, 1, 5, 0, 0, 0.31%, 0, 0, 1, 13.23, 6302, 201, 0, 0
485, 75, 1, 5, 0, 0, 0.31%, 0, 0, 1, 13.24, 6371, 201, 0, 0
491, 76, 1, 5, 0, 0, 0.31%, 0, 0, 1, 13.24, 6440, 201, 0, 0
496, 77, 1, 5, 0, 0, 0.31%, 0, 0, 1, 13.25, 6509, 201, 0, 0
501, 77, 1, 5, 0, 0, 0.31%, 0, 0, 1, 13.26, 6578, 201, 0, 0
506, 78, 1, 5, 0, 0, 0.31%, 0, 0, 1, 13.23, 6647, 201, 0, 0
511, 79, 1, 5, 0, 0, 0.31%, 0, 0, 1, 13.25, 6716, 201, 0, 0
517, 80, 1, 5, 0, 0, 0.31%, 0, 0, 1, 13.24, 6785, 201, 0, 0
522, 81, 1, 5, 0, 0, 0.31%, 0, 0, 1, 13.21, 6851, 201, 0, 0
527, 81, 1, 5, 0, 0, 0.31%, 0, 0, 1, 13.23, 6920, 201, 0, 0
532, 82, 1, 5, 0, 0, 0.31%, 0, 0, 1, 13.20, 6989, 201, 0, 0
537, 83, 1, 5, 0, 0, 0.31%, 0, 0, 1, 13.22, 7058, 201, 0, 0
543, 84, 1, 5, 0, 0, 0.31%, 0, 0, 1, 13.23, 7127, 201, 0, 0
548, 85, 1, 5, 0, 0, 0.31%, 0, 0, 1, 13.23, 7196, 201, 0, 0
553, 86, 1, 5, 0, 0, 0.31%, 0, 0, 1, 13.25, 7265, 201, 0, 0
558, 86, 1, 5, 0, 0, 0.31%, 0, 0, 1, 13.26, 7334, 201, 0, 0
563, 87, 1, 5, 0, 0, 0.31%, 0, 0, 1, 13.24, 7403, 201, 0, 0
568, 88, 1, 5, 0, 0, 0.31%, 0, 0, 1, 13.21, 7469, 201, 0, 0
574, 89, 1, 5, 0, 0, 0.31%, 0, 0, 1, 13.24, 7538, 201, 0, 0
579, 90, 1, 5, 0, 0, 0.31%, 0, 0, 1, 13.23, 7607, 201, 0, 0
584, 90, 1, 5, 0, 0, 0.31%, 0, 0, 1, 13.24, 7676, 201, 0, 0
589, 91, 1, 5, 0, 0, 0.31%, 0, 0, 1, 13.23, 7745, 201, 0, 0
594, 92, 1, 5, 0, 0, 0.31%, 0, 0, 1, 13.20, 7811, 201, 0, 0
599, 93, 1, 5, 0, 0, 0.31%, 0, 0, 1, 13.23, 7880, 201, 0, 0
605, 94, 1, 5, 0, 0, 0.31%, 0, 0, 1, 13.22, 7949, 201, 0, 0
610, 95, 1, 5, 0, 0, 0.31%, 0, 0, 1, 13.19, 8018, 201, 0, 0
615, 95, 1, 5, 0, 0, 0.31%, 0, 0, 1, 13.18, 8084, 201, 0, 0
620, 96, 1, 5, 0, 0, 0.31%, 0, 0, 1, 13.06, 8150, 201, 0, 0
625, 97, 1, 5, 0, 0, 0.31%, 0, 0, 1, 13.07, 8216, 201, 0, 0
630, 98, 1, 5, 0, 0, 0.31%, 0, 0, 1, 13.07, 8282, 201, 0, 0
635, 98, 1, 5, 0, 0, 0.31%, 0, 0, 1, 13.07, 8348, 201, 0, 0
640, 99, 1, 5, 0, 0, 0.31%, 0, 0, 1, 13.06, 8414, 201, 0, 0
645, 100, 1, 5, 0, 0, 0.31%, 0, 0, 1, 13.09, 8480, 201, 0, 0
650, 101, 1, 5, 0, 0, 0.31%, 0, 0, 1, 13.07, 8546, 201, 0, 0
655, 102, 1, 5, 0, 0, 0.31%, 0, 0, 1, 13.06, 8612, 201, 0, 0
660, 102, 1, 5, 0, 0, 0.31%, 0, 0, 1, 13.06, 8678, 201, 0, 0
666, 103, 1, 5, 0, 0, 0.31%, 0, 0, 1, 12.99, 8744, 201, 0, 0
671, 104, 1, 5, 0, 0, 0.31%, 0, 0, 1, 13.00, 8810, 201, 0, 0
676, 105, 1, 5, 0, 0, 0.31%, 0, 0, 1, 13.19, 8876, 201, 0, 0
681, 106, 1, 5, 0, 0, 0.31%, 0, 0, 1, 13.03, 8942, 201, 0, 0
686, 106, 1, 5, 0, 0, 0.31%, 0, 0, 1, 12.95, 9008, 201, 0, 0
691, 107, 1, 5, 0, 0, 0.31%, 0, 0, 1, 12.95, 9074, 201, 0, 0
696, 108, 1, 5, 0, 0, 0.31%, 0, 0, 1, 12.94, 9140, 201, 0, 0
701, 109, 1, 5, 0, 0, 0.31%, 0, 0, 1, 12.92, 9206, 201, 0, 0
706, 109, 1, 5, 0, 0, 0.31%, 0, 0, 1, 12.90, 9272, 201, 0, 0
711, 110, 1, 5, 0, 0, 0.31%, 0, 0, 1, 12.90, 9338, 201, 0, 0
716, 111, 1, 5, 0, 0, 0.31%, 0, 0, 1, 12.90, 9404, 201, 0, 0
722, 112, 1, 5, 0, 0, 0.31%, 0, 0, 1, 12.90, 9470, 201, 0, 0
727, 113, 1, 5, 0, 0, 0.31%, 0, 0, 1, 12.91, 9536, 201, 0, 0
732, 113, 1, 5, 0, 0, 0.31%, 0, 0, 1, 12.90, 9602, 201, 0, 0
737, 114, 1, 5, 0, 0, 0.31%, 0, 0, 1, 13.09, 9668, 201, 0, 0
742, 115, 1, 5, 0, 0, 0.31%, 0, 0, 1, 13.15, 9734, 201, 0, 0
747, 116, 1, 5, 0, 0, 0.31%, 0, 0, 1, 13.16, 9800, 201, 0, 0
752, 117, 1, 5, 0, 0, 0.31%, 0, 0, 1, 13.04, 9866, 201, 0, 0
757, 117, 1, 5, 0, 0, 0.31%, 0, 0, 1, 12.96, 9932, 201, 0, 0
762, 118, 1, 5, 0, 0, 0.31%, 0, 0, 1, 12.91, 9998, 201, 0, 0
767, 119, 1, 5, 0, 0, 0.31%, 0, 0, 1, 12.93, 10064, 201, 0, 0
772, 120, 1, 5, 0, 0, 0.31%, 0, 0, 1, 12.83, 10130, 201, 0, 0
778, 120, 1, 5, 0, 0, 0.31%, 0, 0, 1, 12.80, 10196, 201, 0, 0
783, 121, 1, 5, 0, 0, 0.31%, 0, 0, 1, 12.79, 10262, 201, 0, 0
788, 122, 1, 5, 0, 0, 0.31%, 0, 0, 1, 12.78, 10328, 201, 0, 0
793, 123, 1, 5, 0, 0, 0.31%, 0, 0, 1, 12.80, 10394, 201, 0, 0
798, 124, 1, 5, 0, 0, 0.31%, 0, 0, 1, 12.81, 10460, 201, 0, 0
803, 124, 1, 5, 0, 0, 0.31%, 0, 0, 1, 12.84, 10526, 201, 0, 0
808, 125, 1, 5, 0, 0, 0.31%, 0, 0, 1, 12.83, 10592, 201, 0, 0
814, 126, 1, 5, 0, 0, 0.31%, 0, 0, 1, 12.81, 10658, 201, 0, 0
819, 127, 1, 5, 0, 0, 0.31%, 0, 0, 1, 12.87, 10724, 201, 0, 0
824, 128, 1, 5, 0, 0, 0.31%, 0, 0, 1, 12.81, 10790, 201, 0, 0
829, 128, 1, 5, 0, 0, 0.31%, 0, 0, 1, 12.80, 10856, 201, 0, 0
834, 129, 1, 5, 0, 0, 0.31%, 0, 0, 1, 12.84, 10922, 201, 0, 0
839, 130, 1, 5, 0, 0, 0.31%, 0, 0, 1, 13.01, 10988, 201, 0, 0
844, 131, 1, 5, 0, 0, 0.31%, 0, 0, 1, 13.08, 11054, 201, 0, 0
849, 131, 1, 5, 0, 0, 0.31%, 0, 0, 1, 13.11, 11120, 201, 0, 0
854, 132, 1, 5, 0, 0, 0.31%, 0, 0, 1, 13.10, 11186, 201, 0, 0
859, 133, 1, 5, 0, 0, 0.31%, 0, 0, 1, 13.10, 11252, 201, 0, 0
864, 134, 1, 5, 0, 0, 0.31%, 0, 0, 1, 13.09, 11318, 201, 0, 0
869, 135, 1, 5, 0, 0, 0.31%, 0, 0, 1, 13.07, 11384, 201, 0, 0
875, 135, 1, 5, 0, 0, 0.31%, 0, 0, 1, 13.21, 11453, 201, 0, 0
880, 136, 1, 5, 0, 0, 0.31%, 0, 0, 1, 13.25, 11522, 201, 0, 0
885, 137, 1, 5, 0, 0, 0.31%, 0, 0, 1, 13.14, 11588, 201, 0, 0
890, 138, 1, 5, 0, 0, 0.31%, 0, 0, 1, 13.11, 11654, 201, 0, 0
895, 139, 1, 5, 0, 0, 0.31%, 0, 0, 1, 13.04, 11720, 201, 0, 0
896, 139, 1, 5, 0, 0, 0.31%, 0, 0, 1, 12.91, 11728, 201, 0, 0
