# relative_time, cycles_done, cur_item, corpus_count, pending_total, pending_favs, map_size, saved_crashes, saved_hangs, max_depth, execs_per_sec, total_execs, edges_found, total_crashes, servers_count
61, 2, 1, 5, 0, 0, 0.24%, 1, 0, 1, 6.28, 401, 157, 245, 0
66, 2, 1, 5, 0, 0, 0.24%, 1, 0, 1, 6.01, 433, 157, 265, 0
71, 3, 1, 5, 0, 0, 0.24%, 1, 0, 1, 6.88, 470, 157, 285, 0
76, 3, 1, 5, 0, 0, 0.24%, 1, 0, 1, 6.85, 507, 157, 305, 0
81, 3, 1, 5, 0, 0, 0.24%, 1, 0, 1, 5.95, 536, 157, 325, 0
86, 3, 1, 5, 0, 0, 0.24%, 1, 0, 1, 6.32, 568, 157, 345, 0
91, 4, 1, 5, 0, 0, 0.24%, 1, 0, 1, 5.70, 597, 157, 366, 0
96, 4, 1, 5, 0, 0, 0.24%, 1, 0, 1, 5.58, 628, 157, 387, 0
101, 4, 1, 5, 0, 0, 0.24%, 1, 0, 1, 6.47, 666, 157, 407, 0
106, 4, 1, 5, 0, 0, 0.24%, 1, 0, 1, 7.37, 707, 157, 425, 0
111, 5, 1, 5, 0, 0, 0.24%, 1, 0, 1, 5.81, 737, 157, 445, 0
117, 5, 1, 5, 0, 0, 0.24%, 1, 0, 1, 4.94, 762, 157, 467, 0
122, 5, 1, 5, 0, 0, 0.24%, 1, 0, 1, 4.53, 785, 157, 489, 0
127, 5, 1, 5, 0, 0, 0.24%, 1, 0, 1, 5.22, 812, 157, 510, 0
132, 5, 1, 5, 0, 0, 0.24%, 1, 0, 1, 5.15, 838, 157, 532, 0
137, 5, 1, 5, 0, 0, 0.24%, 1, 0, 1, 4.99, 867, 157, 553, 0
142, 6, 1, 5, 0, 0, 0.24%, 1, 0, 1, 5.51, 897, 157, 575, 0
147, 6, 1, 5, 0, 0, 0.24%, 1, 0, 1, 5.08, 925, 157, 596, 0
153, 6, 1, 5, 0, 0, 0.24%, 1, 0, 1, 5.42, 954, 157, 617, 0
158, 6, 1, 5, 0, 0, 0.24%, 1, 0, 1, 6.14, 987, 157, 637, 0
163, 7, 1, 5, 0, 0, 0.24%, 1, 0, 1, 6.26, 1020, 157, 657, 0
168, 7, 1, 5, 0, 0, 0.24%, 1, 0, 1, 5.55, 1047, 157, 679, 0
173, 7, 1, 5, 0, 0, 0.24%, 1, 0, 1, 4.72, 1070, 157, 701, 0
178, 7, 1, 5, 0, 0, 0.24%, 1, 0, 1, 5.27, 1100, 157, 722, 0
183, 7, 1, 5, 0, 0, 0.24%, 1, 0, 1, 5.71, 1130, 157, 743, 0
189, 8, 1, 5, 0, 0, 0.24%, 1, 0, 1, 5.19, 1156, 157, 765, 0
194, 8, 1, 5, 0, 0, 0.24%, 1, 0, 1, 5.16, 1182, 157, 787, 0
199, 8, 1, 5, 0, 0, 0.24%, 1, 0, 1, 5.59, 1213, 157, 809, 0
204, 8, 1, 5, 0, 0, 0.24%, 1, 0, 1, 5.34, 1240, 157, 831, 0
209, 8, 1, 5, 0, 0, 0.24%, 1, 0, 1, 5.23, 1268, 157, 853, 0
214, 9, 1, 5, 0, 0, 0.24%, 1, 0, 1, 5.03, 1293, 157, 875, 0
219, 9, 1, 5, 0, 0, 0.24%, 1, 0, 1, 5.14, 1320, 157, 897, 0
224, 9, 1, 5, 0, 0, 0.24%, 1, 0, 1, 6.85, 1360, 157, 916, 0
230, 9, 1, 5, 0, 0, 0.24%, 1, 0, 1, 6.12, 1393, 157, 937, 0
235, 9, 1, 5, 0, 0, 0.24%, 1, 0, 1, 5.56, 1422, 157, 958, 0
240, 10, 1, 5, 0, 0, 0.24%, 1, 0, 1, 5.91, 1454, 157, 979, 0
245, 10, 1, 5, 0, 0, 0.24%, 1, 0, 1, 5.05, 1479, 157, 1001, 0
250, 10, 1, 5, 0, 0, 0.24%, 1, 0, 1, 5.02, 1506, 157, 1022, 0
255, 10, 1, 5, 0, 0, 0.24%, 1, 0, 1, 5.64, 1538, 157, 1042, 0
260, 10, 1, 5, 0, 0, 0.24%, 1, 0, 1, 5.04, 1564, 157, 1064, 0
265, 11, 1, 5, 0, 0, 0.24%, 1, 0, 1, 4.64, 1587, 157, 1086, 0
271, 11, 1, 5, 0, 0, 0.24%, 1, 0, 1, 5.81, 1620, 157, 1106, 0
276, 11, 1, 5, 0, 0, 0.24%, 1, 0, 1, 5.62, 1649, 157, 1127, 0
281, 11, 1, 5, 0, 0, 0.24%, 1, 0, 1, 6.37, 1684, 157, 1146, 0
286, 11, 1, 5, 0, 0, 0.24%, 1, 0, 1, 5.17, 1711, 157, 1168, 0
291, 12, 1, 5, 0, 0, 0.24%, 1, 0, 1, 4.53, 1743, 157, 1189, 0
296, 12, 1, 5, 0, 0, 0.24%, 1, 0, 1, 5.01, 1772, 157, 1210, 0
301, 12, 1, 5, 0, 0, 0.24%, 1, 0, 1, 4.64, 1796, 157, 1232, 0
307, 12, 1, 5, 0, 0, 0.24%, 1, 0, 1, 4.83, 1821, 157, 1254, 0
312, 12, 1, 5, 0, 0, 0.24%, 1, 0, 1, 4.74, 1845, 157, 1276, 0
317, 13, 1, 5, 0, 0, 0.24%, 1, 0, 1, 6.35, 1883, 157, 1296, 0
322, 13, 1, 5, 0, 0, 0.24%, 1, 0, 1, 4.99, 1909, 157, 1317, 0
327, 13, 1, 5, 0, 0, 0.24%, 1, 0, 1, 6.35, 1947, 157, 1336, 0
332, 13, 1, 5, 0, 0, 0.24%, 1, 0, 1, 6.19, 1982, 157, 1357, 0
337, 14, 1, 5, 0, 0, 0.24%, 1, 0, 1, 6.93, 2019, 157, 1377, 0
343, 14, 1, 5, 0, 0, 0.24%, 1, 0, 1, 5.32, 2045, 157, 1400, 0
348, 14, 1, 5, 0, 0, 0.24%, 1, 0, 1, 6.57, 2082, 157, 1420, 0
353, 14, 1, 5, 0, 0, 0.24%, 1, 0, 1, 6.35, 2114, 157, 1441, 0
358, 15, 1, 5, 0, 0, 0.24%, 1, 0, 1, 7.73, 2159, 157, 1459, 0
363, 15, 1, 5, 0, 0, 0.24%, 1, 0, 1, 5.96, 2190, 157, 1480, 0
368, 15, 1, 5, 0, 0, 0.24%, 1, 0, 1, 4.76, 2212, 157, 1502, 0
373, 15, 1, 5, 0, 0, 0.24%, 1, 0, 1, 4.85, 2237, 157, 1523, 0
378, 15, 1, 5, 0, 0, 0.24%, 1, 0, 1, 6.00, 2269, 157, 1543, 0
383, 16, 1, 5, 0, 0, 0.24%, 1, 0, 1, 5.19, 2295, 157, 1565, 0
389, 16, 1, 5, 0, 0, 0.24%, 1, 0, 1, 5.05, 2320, 157, 1587, 0
394, 16, 1, 5, 0, 0, 0.24%, 1, 0, 1, 5.03, 2347, 157, 1609, 0
399, 16, 1, 5, 0, 0, 0.24%, 1, 0, 1, 4.85, 2372, 157, 1630, 0
404, 16, 1, 5, 0, 0, 0.24%, 1, 0, 1, 4.70, 2395, 157, 1652, 0
409, 17, 1, 5, 0, 0, 0.24%, 1, 0, 1, 5.15, 2423, 157, 1673, 0
414, 17, 1, 5, 0, 0, 0.24%, 1, 0, 1, 4.97, 2449, 157, 1695, 0
419, 17, 1, 5, 0, 0, 0.24%, 1, 0, 1, 5.01, 2474, 157, 1716, 0
424, 17, 1, 5, 0, 0, 0.24%, 1, 0, 1, 5.82, 2506, 157, 1736, 0
429, 17, 1, 5, 0, 0, 0.24%, 1, 0, 1, 5.27, 2533, 157, 1757, 0
434, 18, 1, 5, 0, 0, 0.24%, 1, 0, 1, 4.68, 2556, 157, 1779, 0
439, 18, 1, 5, 0, 0, 0.24%, 1, 0, 1, 4.79, 2581, 157, 1801, 0
444, 18, 1, 5, 0, 0, 0.24%, 1, 0, 1, 5.03, 2607, 157, 1823, 0
449, 18, 1, 5, 0, 0, 0.24%, 1, 0, 1, 5.77, 2641, 157, 1843, 0
455, 18, 1, 5, 0, 0, 0.24%, 1, 0, 1, 4.94, 2665, 157, 1865, 0
460, 18, 1, 5, 0, 0, 0.24%, 1, 0, 1, 4.66, 2688, 157, 1886, 0
465, 19, 1, 5, 0, 0, 0.24%, 1, 0, 1, 4.60, 2712, 157, 1908, 0
470, 19, 1, 5, 0, 0, 0.24%, 1, 0, 1, 5.83, 2743, 157, 1929, 0
475, 19, 1, 5, 0, 0, 0.24%, 1, 0, 1, 5.14, 2771, 157, 1951, 0
480, 19, 1, 5, 0, 0, 0.24%, 1, 0, 1, 6.16, 2806, 157, 1970, 0
485, 20, 1, 5, 0, 0, 0.24%, 1, 0, 1, 5.49, 2835, 157, 1991, 0
490, 20, 1, 5, 0, 0, 0.24%, 1, 0, 1, 5.90, 2867, 157, 2011, 0
495, 20, 1, 5, 0, 0, 0.24%, 1, 0, 1, 5.41, 2895, 157, 2032, 0
501, 20, 1, 5, 0, 0, 0.24%, 1, 0, 1, 4.61, 2917, 157, 2054, 0
506, 20, 1, 5, 0, 0, 0.24%, 1, 0, 1, 4.85, 2942, 157, 2076, 0
511, 20, 1, 5, 0, 0, 0.24%, 1, 0, 1, 4.70, 2966, 157, 2098, 0
516, 21, 1, 5, 0, 0, 0.24%, 1, 0, 1, 4.82, 2991, 157, 2120, 0
521, 21, 1, 5, 0, 0, 0.24%, 1, 0, 1, 5.51, 3024, 157, 2140, 0
526, 21, 1, 5, 0, 0, 0.24%, 1, 0, 1, 5.57, 3053, 157, 2161, 0
531, 21, 1, 5, 0, 0, 0.24%, 1, 0, 1, 4.67, 3076, 157, 2184, 0
536, 21, 1, 5, 0, 0, 0.24%, 1, 0, 1, 5.05, 3103, 157, 2205, 0
541, 22, 1, 5, 0, 0, 0.24%, 1, 0, 1, 4.79, 3128, 157, 2227, 0
547, 22, 1, 5, 0, 0, 0.24%, 1, 0, 1, 4.55, 3151, 157, 2249, 0
552, 22, 1, 5, 0, 0, 0.24%, 1, 0, 1, 5.55, 3183, 157, 2270, 0
557, 22, 1, 5, 0, 0, 0.24%, 1, 0, 1, 5.66, 3217, 157, 2290, 0
562, 23, 1, 5, 0, 0, 0.24%, 1, 0, 1, 6.69, 3254, 157, 2310, 0
567, 23, 1, 5, 0, 0, 0.24%, 1, 0, 1, 6.60, 3289, 157, 2331, 0
572, 23, 1, 5, 0, 0, 0.24%, 1, 0, 1, 6.56, 3324, 157, 2352, 0
578, 23, 1, 5, 0, 0, 0.24%, 1, 0, 1, 7.33, 3364, 157, 2371, 0
583, 24, 1, 5, 0, 0, 0.24%, 1, 0, 1, 6.49, 3397, 157, 2391, 0
588, 24, 1, 5, 0, 0, 0.24%, 1, 0, 1, 5.26, 3422, 157, 2413, 0
593, 24, 1, 5, 0, 0, 0.24%, 1, 0, 1, 5.36, 3450, 157, 2434, 0
598, 24, 1, 5, 0, 0, 0.24%, 1, 0, 1, 5.55, 3481, 157, 2455, 0
603, 24, 1, 5, 0, 0, 0.24%, 1, 0, 1, 5.12, 3508, 157, 2477, 0
608, 25, 1, 5, 0, 0, 0.24%, 1, 0, 1, 6.07, 3543, 157, 2497, 0
613, 25, 1, 5, 0, 0, 0.24%, 1, 0, 1, 6.15, 3574, 157, 2518, 0
618, 25, 1, 5, 0, 0, 0.24%, 1, 0, 1, 6.53, 3610, 157, 2538, 0
624, 25, 1, 5, 0, 0, 0.24%, 1, 0, 1, 6.16, 3643, 157, 2559, 0
629, 26, 1, 5, 0, 0, 0.24%, 1, 0, 1, 6.39, 3678, 157, 2579, 0
634, 26, 1, 5, 0, 0, 0.24%, 1, 0, 1, 6.38, 3709, 157, 2599, 0
639, 26, 1, 5, 0, 0, 0.24%, 1, 0, 1, 5.28, 3734, 157, 2620, 0
644, 26, 1, 5, 0, 0, 0.24%, 1, 0, 1, 4.72, 3757, 157, 2641, 0
649, 26, 1, 5, 0, 0, 0.24%, 1, 0, 1, 5.61, 3789, 157, 2661, 0
654, 27, 1, 5, 0, 0, 0.24%, 1, 0, 1, 5.52, 3818, 157, 2683, 0
659, 27, 1, 5, 0, 0, 0.24%, 1, 0, 1, 5.32, 3845, 157, 2704, 0
664, 27, 1, 5, 0, 0, 0.24%, 1, 0, 1, 4.82, 3870, 157, 2727, 0
669, 27, 1, 5, 0, 0, 0.24%, 1, 0, 1, 4.61, 3893, 157, 2749, 0
674, 27, 1, 5, 0, 0, 0.24%, 1, 0, 1, 5.34, 3921, 157, 2770, 0
679, 27, 1, 5, 0, 0, 0.24%, 1, 0, 1, 5.20, 3950, 157, 2791, 0
685, 28, 1, 5, 0, 0, 0.24%, 1, 0, 1, 5.75, 3985, 157, 2811, 0
690, 28, 1, 5, 0, 0, 0.24%, 1, 0, 1, 5.62, 4015, 157, 2832, 0
695, 28, 1, 5, 0, 0, 0.24%, 1, 0, 1, 4.77, 4039, 157, 2854, 0
700, 28, 1, 5, 0, 0, 0.24%, 1, 0, 1, 5.67, 4068, 157, 2874, 0
705, 29, 1, 5, 0, 0, 0.24%, 1, 0, 1, 4.90, 4093, 157, 2896, 0
710, 29, 1, 5, 0, 0, 0.24%, 1, 0, 1, 4.71, 4117, 157, 2918, 0
715, 29, 1, 5, 0, 0, 0.24%, 1, 0, 1, 4.75, 4143, 157, 2939, 0
720, 29, 1, 5, 0, 0, 0.24%, 1, 0, 1, 5.33, 4171, 157, 2960, 0
725, 29, 1, 5, 0, 0, 0.24%, 1, 0, 1, 4.58, 4193, 157, 2982, 0
730, 29, 1, 5, 0, 0, 0.24%, 1, 0, 1, 5.30, 4221, 157, 3003, 0
735, 30, 1, 5, 0, 0, 0.24%, 1, 0, 1, 5.91, 4254, 157, 3023, 0
740, 30, 1, 5, 0, 0, 0.24%, 1, 0, 1, 6.21, 4289, 157, 3043, 0
746, 30, 1, 5, 0, 0, 0.24%, 1, 0, 1, 5.66, 4317, 157, 3065, 0
751, 30, 1, 5, 0, 0, 0.24%, 1, 0, 1, 6.87, 4353, 157, 3084, 0
756, 31, 1, 5, 0, 0, 0.24%, 1, 0, 1, 6.06, 4388, 157, 3104, 0
761, 31, 1, 5, 0, 0, 0.24%, 1, 0, 1, 5.65, 4417, 157, 3125, 0
766, 31, 1, 5, 0, 0, 0.24%, 1, 0, 1, 5.29, 4446, 157, 3146, 0
771, 31, 1, 5, 0, 0, 0.24%, 1, 0, 1, 5.49, 4476, 157, 3166, 0
776, 31, 1, 5, 0, 0, 0.24%, 1, 0, 1, 4.88, 4501, 157, 3188, 0
781, 32, 1, 5, 0, 0, 0.24%, 1, 0, 1, 6.09, 4535, 157, 3208, 0
787, 32, 1, 5, 0, 0, 0.24%, 1, 0, 1, 5.00, 4560, 157, 3230, 0
792, 32, 1, 5, 0, 0, 0.24%, 1, 0, 1, 5.02, 4586, 157, 3251, 0
797, 32, 1, 5, 0, 0, 0.24%, 1, 0, 1, 5.90, 4620, 157, 3271, 0
802, 32, 1, 5, 0, 0, 0.24%, 1, 0, 1, 4.98, 4644, 157, 3293, 0
807, 33, 1, 5, 0, 0, 0.24%, 1, 0, 1, 5.73, 4680, 157, 3313, 0
812, 33, 1, 5, 0, 0, 0.24%, 1, 0, 1, 6.62, 4715, 157, 3332, 0
817, 33, 1, 5, 0, 0, 0.24%, 1, 0, 1, 5.67, 4745, 157, 3353, 0
822, 33, 1, 5, 0, 0, 0.24%, 1, 0, 1, 5.04, 4770, 157, 3374, 0
827, 34, 1, 5, 0, 0, 0.24%, 1, 0, 1, 4.86, 4796, 157, 3396, 0
833, 34, 1, 5, 0, 0, 0.24%, 1, 0, 1, 4.86, 4821, 157, 3418, 0
838, 34, 1, 5, 0, 0, 0.24%, 1, 0, 1, 4.86, 4846, 157, 3440, 0
843, 34, 1, 5, 0, 0, 0.24%, 1, 0, 1, 5.68, 4879, 157, 3461, 0
848, 34, 1, 5, 0, 0, 0.24%, 1, 0, 1, 6.28, 4913, 157, 3482, 0
853, 35, 1, 5, 0, 0, 0.24%, 1, 0, 1, 5.37, 4939, 157, 3504, 0
858, 35, 1, 5, 0, 0, 0.24%, 1, 0, 1, 4.61, 4961, 157, 3526, 0
863, 35, 1, 5, 0, 0, 0.24%, 1, 0, 1, 4.96, 4988, 157, 3548, 0
869, 35, 1, 5, 0, 0, 0.24%, 1, 0, 1, 5.06, 5014, 157, 3570, 0
874, 35, 1, 5, 0, 0, 0.24%, 1, 0, 1, 5.92, 5047, 157, 3590, 0
879, 36, 1, 5, 0, 0, 0.24%, 1, 0, 1, 5.47, 5079, 157, 3610, 0
884, 36, 1, 5, 0, 0, 0.24%, 1, 0, 1, 5.05, 5104, 157, 3632, 0
889, 36, 1, 5, 0, 0, 0.24%, 1, 0, 1, 6.18, 5139, 157, 3653, 0
894, 36, 1, 5, 0, 0, 0.24%, 1, 0, 1, 5.35, 5170, 157, 3674, 0
897, 36, 1, 5, 0, 0, 0.24%, 1, 0, 1, 0.00, 5187, 157, 3685, 0
