# relative_time, cycles_done, cur_item, corpus_count, pending_total, pending_favs, map_size, saved_crashes, saved_hangs, max_depth, execs_per_sec, total_execs, edges_found, total_crashes, servers_count
61, 9, 1, 5, 0, 0, 0.28%, 0, 0, 1, 20.88, 1347, 184, 0, 0
66, 10, 1, 5, 0, 0, 0.28%, 0, 0, 1, 20.87, 1452, 184, 0, 0
71, 10, 1, 5, 0, 0, 0.28%, 0, 0, 1, 20.90, 1557, 184, 0, 0
76, 11, 1, 5, 0, 0, 0.28%, 0, 0, 1, 20.96, 1662, 184, 0, 0
82, 12, 1, 5, 0, 0, 0.28%, 0, 0, 1, 21.04, 1772, 184, 0, 0
87, 13, 1, 5, 0, 0, 0.28%, 0, 0, 1, 21.01, 1882, 184, 0, 0
92, 13, 1, 5, 0, 0, 0.28%, 0, 0, 1, 20.80, 1987, 184, 0, 0
97, 14, 1, 5, 0, 0, 0.28%, 0, 0, 1, 21.13, 2097, 184, 0, 0
102, 15, 1, 5, 0, 0, 0.28%, 0, 0, 1, 21.32, 2207, 184, 0, 0
107, 16, 1, 5, 0, 0, 0.28%, 0, 0, 1, 21.39, 2317, 184, 0, 0
112, 17, 1, 5, 0, 0, 0.28%, 0, 0, 1, 21.34, 2427, 184, 0, 0
118, 17, 1, 5, 0, 0, 0.28%, 0, 0, 1, 21.20, 2537, 184, 0, 0
123, 18, 1, 5, 0, 0, 0.28%, 0, 0, 1, 21.05, 2647, 184, 0, 0
128, 19, 1, 5, 0, 0, 0.28%, 0, 0, 1, 21.03, 2757, 184, 0, 0
133, 20, 1, 5, 0, 0, 0.28%, 0, 0, 1, 20.73, 2862, 184, 0, 0
138, 20, 1, 5, 0, 0, 0.28%, 0, 0, 1, 20.59, 2967, 184, 0, 0
143, 21, 1, 5, 0, 0, 0.28%, 0, 0, 1, 20.56, 3072, 184, 0, 0
149, 22, 1, 5, 0, 0, 0.28%, 0, 0, 1, 20.57, 3177, 184, 0, 0
154, 23, 1, 5, 0, 0, 0.28%, 0, 0, 1, 20.56, 3282, 184, 0, 0
159, 23, 1, 5, 0, 0, 0.28%, 0, 0, 1, 20.56, 3387, 184, 0, 0
164, 24, 1, 5, 0, 0, 0.28%, 0, 0, 1, 20.74, 3492, 184, 0, 0
169, 25, 1, 5, 0, 0, 0.28%, 0, 0, 1, 20.93, 3597, 184, 0, 0
174, 26, 1, 5, 0, 0, 0.28%, 0, 0, 1, 20.92, 3702, 184, 0, 0
179, 26, 1, 5, 0, 0, 0.28%, 0, 0, 1, 21.00, 3812, 184, 0, 0
184, 27, 1, 5, 0, 0, 0.28%, 0, 0, 1, 21.06, 3922, 184, 0, 0
189, 28, 1, 5, 0, 0, 0.28%, 0, 0, 1, 20.58, 4028, 184, 0, 0
195, 29, 1, 5, 0, 0, 0.28%, 0, 0, 1, 21.01, 4138, 184, 0, 0
200, 30, 1, 5, 0, 0, 0.28%, 0, 0, 1, 21.04, 4248, 184, 0, 0
205, 30, 1, 5, 0, 0, 0.28%, 0, 0, 1, 21.05, 4358, 184, 0, 0
210, 31, 1, 5, 0, 0, 0.28%, 0, 0, 1, 21.08, 4468, 184, 0, 0
216, 32, 1, 5, 0, 0, 0.28%, 0, 0, 1, 21.06, 4578, 184, 0, 0
221, 33, 1, 5, 0, 0, 0.28%, 0, 0, 1, 21.07, 4688, 184, 0, 0
226, 34, 1, 5, 0, 0, 0.28%, 0, 0, 1, 21.09, 4798, 184, 0, 0
231, 34, 1, 5, 0, 0, 0.28%, 0, 0, 1, 21.16, 4908, 184, 0, 0
236, 35, 1, 5, 0, 0, 0.28%, 0, 0, 1, 21.20, 5018, 184, 0, 0
242, 36, 1, 5, 0, 0, 0.28%, 0, 0, 1, 21.20, 5128, 184, 0, 0
247, 37, 1, 5, 0, 0, 0.28%, 0, 0, 1, 21.10, 5237, 184, 0, 0
252, 37, 1, 5, 0, 0, 0.28%, 0, 0, 1, 21.11, 5347, 184, 0, 0
257, 38, 1, 5, 0, 0, 0.28%, 0, 0, 1, 21.10, 5457, 184, 0, 0
262, 39, 1, 5, 0, 0, 0.28%, 0, 0, 1, 21.07, 5567, 184, 0, 0
268, 40, 1, 5, 0, 0, 0.28%, 0, 0, 1, 21.10, 5677, 184, 0, 0
273, 41, 1, 5, 0, 0, 0.28%, 0, 0, 1, 21.04, 5782, 184, 0, 0
278, 41, 1, 5, 0, 0, 0.28%, 0, 0, 1, 21.26, 5892, 184, 0, 0
283, 42, 1, 5, 0, 0, 0.28%, 0, 0, 1, 20.52, 5998, 184, 0, 0
288, 43, 1, 5, 0, 0, 0.28%, 0, 0, 1, 19.66, 6098, 184, 0, 0
293, 44, 1, 5, 0, 0, 0.28%, 0, 0, 1, 19.55, 6198, 184, 0, 0
298, 44, 1, 5, 0, 0, 0.28%, 0, 0, 1, 20.50, 6305, 184, 0, 0
304, 45, 1, 5, 0, 0, 0.28%, 0, 0, 1, 20.87, 6414, 184, 0, 0
309, 46, 1, 5, 0, 0, 0.28%, 0, 0, 1, 21.07, 6524, 184, 0, 0
314, 47, 1, 5, 0, 0, 0.28%, 0, 0, 1, 21.13, 6634, 184, 0, 0
319, 47, 1, 5, 0, 0, 0.28%, 0, 0, 1, 21.13, 6744, 184, 0, 0
324, 48, 1, 5, 0, 0, 0.28%, 0, 0, 1, 21.09, 6854, 184, 0, 0
330, 49, 1, 5, 0, 0, 0.28%, 0, 0, 1, 21.17, 6964, 184, 0, 0
335, 50, 1, 5, 0, 0, 0.28%, 0, 0, 1, 21.18, 7074, 184, 0, 0
340, 51, 1, 5, 0, 0, 0.28%, 0, 0, 1, 21.20, 7184, 184, 0, 0
345, 51, 1, 5, 0, 0, 0.28%, 0, 0, 1, 21.06, 7294, 184, 0, 0
350, 52, 1, 5, 0, 0, 0.28%, 0, 0, 1, 20.95, 7399, 184, 0, 0
355, 53, 1, 5, 0, 0, 0.28%, 0, 0, 1, 21.06, 7509, 184, 0, 0
361, 54, 1, 5, 0, 0, 0.28%, 0, 0, 1, 20.89, 7618, 184, 0, 0
366, 54, 1, 5, 0, 0, 0.28%, 0, 0, 1, 20.86, 7723, 184, 0, 0
371, 55, 1, 5, 0, 0, 0.28%, 0, 0, 1, 20.83, 7828, 184, 0, 0
376, 56, 1, 5, 0, 0, 0.28%, 0, 0, 1, 20.86, 7933, 184, 0, 0
381, 57, 1, 5, 0, 0, 0.28%, 0, 0, 1, 21.03, 8043, 184, 0, 0
386, 57, 1, 5, 0, 0, 0.28%, 0, 0, 1, 20.96, 8148, 184, 0, 0
391, 58, 1, 5, 0, 0, 0.28%, 0, 0, 1, 20.86, 8253, 184, 0, 0
396, 59, 1, 5, 0, 0, 0.28%, 0, 0, 1, 20.79, 8358, 184, 0, 0
401, 60, 1, 5, 0, 0, 0.28%, 0, 0, 1, 20.77, 8463, 184, 0, 0
406, 60, 1, 5, 0, 0, 0.28%, 0, 0, 1, 20.81, 8568, 184, 0, 0
411, 61, 1, 5, 0, 0, 0.28%, 0, 0, 1, 20.28, 8672, 184, 0, 0
416, 62, 1, 5, 0, 0, 0.28%, 0, 0, 1, 19.64, 8772, 184, 0, 0
422, 63, 1, 5, 0, 0, 0.28%, 0, 0, 1, 20.36, 8878, 184, 0, 0
427, 63, 1, 5, 0, 0, 0.28%, 0, 0, 1, 20.83, 8983, 184, 0, 0
432, 64, 1, 5, 0, 0, 0.28%, 0, 0, 1, 20.98, 9093, 184, 0, 0
437, 65, 1, 5, 0, 0, 0.28%, 0, 0, 1, 21.05, 9203, 184, 0, 0
442, 66, 1, 5, 0, 0, 0.28%, 0, 0, 1, 21.09, 9313, 184, 0, 0
447, 67, 1, 5, 0, 0, 0.28%, 0, 0, 1, 21.00, 9418, 184, 0, 0
453, 67, 1, 5, 0, 0, 0.28%, 0, 0, 1, 21.03, 9528, 184, 0, 0
458, 68, 1, 5, 0, 0, 0.28%, 0, 0, 1, 20.85, 9635, 184, 0, 0
463, 69, 1, 5, 0, 0, 0.28%, 0, 0, 1, 21.03, 9745, 184, 0, 0
468, 70, 1, 5, 0, 0, 0.28%, 0, 0, 1, 21.08, 9855, 184, 0, 0
473, 70, 1, 5, 0, 0, 0.28%, 0, 0, 1, 20.98, 9960, 184, 0, 0
478, 71, 1, 5, 0, 0, 0.28%, 0, 0, 1, 20.83, 10065, 184, 0, 0
483, 72, 1, 5, 0, 0, 0.28%, 0, 0, 1, 20.94, 10170, 184, 0, 0
488, 73, 1, 5, 0, 0, 0.28%, 0, 0, 1, 20.99, 10280, 184, 0, 0
494, 73, 1, 5, 0, 0, 0.28%, 0, 0, 1, 21.29, 10390, 184, 0, 0
499, 74, 1, 5, 0, 0, 0.28%, 0, 0, 1, 21.40, 10500, 184, 0, 0
504, 75, 1, 5, 0, 0, 0.28%, 0, 0, 1, 21.30, 10609, 184, 0, 0
509, 76, 1, 5, 0, 0, 0.28%, 0, 0, 1, 21.26, 10719, 184, 0, 0
514, 77, 1, 5, 0, 0, 0.28%, 0, 0, 1, 21.13, 10829, 184, 0, 0
519, 77, 1, 5, 0, 0, 0.28%, 0, 0, 1, 21.13, 10939, 184, 0, 0
525, 78, 1, 5, 0, 0, 0.28%, 0, 0, 1, 21.12, 11049, 184, 0, 0
530, 79, 1, 5, 0, 0, 0.28%, 0, 0, 1, 21.12, 11159, 184, 0, 0
535, 80, 1, 5, 0, 0, 0.28%, 0, 0, 1, 19.98, 11258, 184, 0, 0
540, 80, 1, 5, 0, 0, 0.28%, 0, 0, 1, 20.11, 11360, 184, 0, 0
545, 81, 1, 5, 0, 0, 0.28%, 0, 0, 1, 20.67, 11465, 184, 0, 0
550, 82, 1, 5, 0, 0, 0.28%, 0, 0, 1, 20.70, 11570, 184, 0, 0
555, 83, 1, 5, 0, 0, 0.28%, 0, 0, 1, 20.70, 11675, 184, 0, 0
560, 83, 1, 5, 0, 0, 0.28%, 0, 0, 1, 20.68, 11780, 184, 0, 0
565, 84, 1, 5, 0, 0, 0.28%, 0, 0, 1, 20.72, 11885, 184, 0, 0
570, 85, 1, 5, 0, 0, 0.28%, 0, 0, 1, 20.72, 11990, 184, 0, 0
575, 86, 1, 5, 0, 0, 0.28%, 0, 0, 1, 20.76, 12095, 184, 0, 0
580, 86, 1, 5, 0, 0, 0.28%, 0, 0, 1, 20.92, 12200, 184, 0, 0
586, 87, 1, 5, 0, 0, 0.28%, 0, 0, 1, 21.02, 12310, 184, 0, 0
591, 88, 1, 5, 0, 0, 0.28%, 0, 0, 1, 21.15, 12420, 184, 0, 0
596, 89, 1, 5, 0, 0, 0.28%, 0, 0, 1, 21.25, 12530, 184, 0, 0
601, 90, 1, 5, 0, 0, 0.28%, 0, 0, 1, 21.03, 12639, 184, 0, 0
606, 90, 1, 5, 0, 0, 0.28%, 0, 0, 1, 20.85, 12744, 184, 0, 0
611, 91, 1, 5, 0, 0, 0.28%, 0, 0, 1, 20.77, 12849, 184, 0, 0
616, 92, 1, 5, 0, 0, 0.28%, 0, 0, 1, 21.00, 12959, 184, 0, 0
622, 93, 1, 5, 0, 0, 0.28%, 0, 0, 1, 21.11, 13069, 184, 0, 0
627, 93, 1, 5, 0, 0, 0.28%, 0, 0, 1, 21.01, 13174, 184, 0, 0
632, 94, 1, 5, 0, 0, 0.28%, 0, 0, 1, 21.17, 13284, 184, 0, 0
637, 95, 1, 5, 0, 0, 0.28%, 0, 0, 1, 21.66, 13394, 184, 0, 0
642, 96, 1, 5, 0, 0, 0.28%, 0, 0, 1, 21.75, 13504, 184, 0, 0
647, 96, 1, 5, 0, 0, 0.28%, 0, 0, 1, 21.59, 13614, 184, 0, 0
652, 97, 1, 5, 0, 0, 0.28%, 0, 0, 1, 21.09, 13723, 184, 0, 0
657, 98, 1, 5, 0, 0, 0.28%, 0, 0, 1, 21.22, 13833, 184, 0, 0
663, 99, 1, 5, 0, 0, 0.28%, 0, 0, 1, 20.91, 13938, 184, 0, 0
668, 100, 1, 5, 0, 0, 0.28%, 0, 0, 1, 20.95, 14043, 184, 0, 0
673, 100, 1, 5, 0, 0, 0.28%, 0, 0, 1, 20.99, 14148, 184, 0, 0
678, 101, 1, 5, 0, 0, 0.28%, 0, 0, 1, 20.94, 14253, 184, 0, 0
683, 102, 1, 5, 0, 0, 0.28%, 0, 0, 1, 20.97, 14358, 184, 0, 0
688, 103, 1, 5, 0, 0, 0.28%, 0, 0, 1, 21.02, 14468, 184, 0, 0
693, 103, 1, 5, 0, 0, 0.28%, 0, 0, 1, 21.01, 14578, 184, 0, 0
698, 104, 1, 5, 0, 0, 0.28%, 0, 0, 1, 20.90, 14683, 184, 0, 0
703, 105, 1, 5, 0, 0, 0.28%, 0, 0, 1, 20.83, 14788, 184, 0, 0
708, 106, 1, 5, 0, 0, 0.28%, 0, 0, 1, 21.05, 14898, 184, 0, 0
713, 106, 1, 5, 0, 0, 0.28%, 0, 0, 1, 20.99, 15003, 184, 0, 0
718, 107, 1, 5, 0, 0, 0.28%, 0, 0, 1, 20.97, 15108, 184, 0, 0
723, 108, 1, 5, 0, 0, 0.28%, 0, 0, 1, 20.99, 15213, 184, 0, 0
729, 109, 1, 5, 0, 0, 0.28%, 0, 0, 1, 21.07, 15323, 184, 0, 0
734, 109, 1, 5, 0, 0, 0.28%, 0, 0, 1, 21.11, 15433, 184, 0, 0
739, 110, 1, 5, 0, 0, 0.28%, 0, 0, 1, 21.00, 15542, 184, 0, 0
744, 111, 1, 5, 0, 0, 0.28%, 0, 0, 1, 20.90, 15647, 184, 0, 0
749, 112, 1, 5, 0, 0, 0.28%, 0, 0, 1, 20.90, 15752, 184, 0, 0
754, 112, 1, 5, 0, 0, 0.28%, 0, 0, 1, 20.94, 15857, 184, 0, 0
759, 113, 1, 5, 0, 0, 0.28%, 0, 0, 1, 21.18, 15967, 184, 0, 0
764, 114, 1, 5, 0, 0, 0.28%, 0, 0, 1, 21.05, 16077, 184, 0, 0
770, 115, 1, 5, 0, 0, 0.28%, 0, 0, 1, 21.02, 16187, 184, 0, 0
775, 116, 1, 5, 0, 0, 0.28%, 0, 0, 1, 20.97, 16292, 184, 0, 0
780, 116, 1, 5, 0, 0, 0.28%, 0, 0, 1, 20.95, 16397, 184, 0, 0
785, 117, 1, 5, 0, 0, 0.28%, 0, 0, 1, 20.89, 16502, 184, 0, 0
790, 118, 1, 5, 0, 0, 0.28%, 0, 0, 1, 20.86, 16607, 184, 0, 0
795, 119, 1, 5, 0, 0, 0.28%, 0, 0, 1, 20.88, 16712, 184, 0, 0
800, 119, 1, 5, 0, 0, 0.28%, 0, 0, 1, 20.30, 16815, 184, 0, 0
805, 120, 1, 5, 0, 0, 0.28%, 0, 0, 1, 19.63, 16915, 184, 0, 0
810, 121, 1, 5, 0, 0, 0.28%, 0, 0, 1, 19.48, 17015, 184, 0, 0
815, 122, 1, 5, 0, 0, 0.28%, 0, 0, 1, 20.56, 17120, 184, 0, 0
820, 122, 1, 5, 0, 0, 0.28%, 0, 0, 1, 20.53, 17226, 184, 0, 0
825, 123, 1, 5, 0, 0, 0.28%, 0, 0, 1, 19.65, 17326, 184, 0, 0
831, 124, 1, 5, 0, 0, 0.28%, 0, 0, 1, 20.67, 17435, 184, 0, 0
836, 125, 1, 5, 0, 0, 0.28%, 0, 0, 1, 20.85, 17545, 184, 0, 0
841, 125, 1, 5, 0, 0, 0.28%, 0, 0, 1, 20.97, 17650, 184, 0, 0
846, 126, 1, 5, 0, 0, 0.28%, 0, 0, 1, 20.97, 17760, 184, 0, 0
851, 127, 1, 5, 0, 0, 0.28%, 0, 0, 1, 20.93, 17865, 184, 0, 0
856, 128, 1, 5, 0, 0, 0.28%, 0, 0, 1, 20.89, 17970, 184, 0, 0
861, 128, 1, 5, 0, 0, 0.28%, 0, 0, 1, 20.72, 18075, 184, 0, 0
866, 129, 1, 5, 0, 0, 0.28%, 0, 0, 1, 20.86, 18180, 184, 0, 0
871, 130, 1, 5, 0, 0, 0.28%, 0, 0, 1, 21.12, 18290, 184, 0, 0
877, 131, 1, 5, 0, 0, 0.28%, 0, 0, 1, 21.06, 18400, 184, 0, 0
882, 131, 1, 5, 0, 0, 0.28%, 0, 0, 1, 20.87, 18505, 184, 0, 0
887, 132, 1, 5, 0, 0, 0.28%, 0, 0, 1, 20.83, 18610, 184, 0, 0
892, 133, 1, 5, 0, 0, 0.28%, 0, 0, 1, 20.90, 18715, 184, 0, 0
897, 134, 1, 5, 0, 0, 0.28%, 0, 0, 1, 0.00, 18814, 184, 0, 0
