# relative_time, cycles_done, cur_item, corpus_count, pending_total, pending_favs, map_size, saved_crashes, saved_hangs, max_depth, execs_per_sec, total_execs, edges_found, total_crashes, servers_count
61, 11, 1, 5, 0, 0, 0.29%, 0, 0, 1, 31.08, 1935, 193, 0, 0
66, 12, 0, 5, 0, 0, 0.29%, 0, 0, 1, 30.67, 2088, 193, 0, 0
71, 13, 0, 5, 0, 0, 0.29%, 0, 0, 1, 30.50, 2240, 193, 0, 0
76, 14, 0, 5, 0, 0, 0.29%, 0, 0, 1, 31.39, 2402, 193, 0, 0
81, 15, 0, 5, 0, 0, 0.29%, 0, 0, 1, 31.38, 2562, 193, 0, 0
86, 17, 0, 5, 0, 0, 0.29%, 0, 0, 1, 31.45, 2728, 193, 0, 0
91, 18, 1, 5, 0, 0, 0.29%, 0, 0, 1, 31.94, 2890, 193, 0, 0
96, 19, 0, 5, 0, 0, 0.29%, 0, 0, 1, 31.30, 3049, 193, 0, 0
102, 20, 1, 5, 0, 0, 0.29%, 0, 0, 1, 31.48, 3206, 193, 0, 0
107, 21, 0, 5, 0, 0, 0.29%, 0, 0, 1, 32.43, 3371, 193, 0, 0
112, 22, 0, 5, 0, 0, 0.29%, 0, 0, 1, 31.02, 3530, 193, 0, 0
117, 22, 0, 5, 0, 0, 0.29%, 0, 0, 1, 30.16, 3683, 193, 0, 0
122, 23, 0, 5, 0, 0, 0.29%, 0, 0, 1, 30.96, 3842, 193, 0, 0
127, 24, 1, 5, 0, 0, 0.29%, 0, 0, 1, 31.38, 3998, 193, 0, 0
132, 26, 1, 5, 0, 0, 0.29%, 0, 0, 1, 30.83, 4153, 193, 0, 0
137, 27, 0, 5, 0, 0, 0.29%, 0, 0, 1, 30.43, 4312, 193, 0, 0
143, 27, 0, 5, 0, 0, 0.29%, 0, 0, 1, 30.24, 4469, 193, 0, 0
148, 28, 0, 5, 0, 0, 0.29%, 0, 0, 1, 30.47, 4629, 193, 0, 0
153, 29, 0, 5, 0, 0, 0.29%, 0, 0, 1, 30.23, 4785, 193, 0, 0
158, 30, 0, 5, 0, 0, 0.29%, 0, 0, 1, 31.10, 4950, 193, 0, 0
163, 32, 1, 5, 0, 0, 0.29%, 0, 0, 1, 32.89, 5115, 193, 0, 0
168, 33, 0, 5, 0, 0, 0.29%, 0, 0, 1, 30.95, 5271, 193, 0, 0
173, 33, 0, 5, 0, 0, 0.29%, 0, 0, 1, 29.56, 5423, 193, 0, 0
179, 34, 0, 5, 0, 0, 0.29%, 0, 0, 1, 30.33, 5574, 193, 0, 0
184, 34, 0, 5, 0, 0, 0.29%, 0, 0, 1, 29.62, 5723, 193, 0, 0
189, 35, 0, 5, 0, 0, 0.29%, 0, 0, 1, 30.52, 5880, 193, 0, 0
194, 36, 0, 5, 0, 0, 0.29%, 0, 0, 1, 30.60, 6035, 193, 0, 0
199, 37, 0, 5, 0, 0, 0.29%, 0, 0, 1, 29.92, 6187, 193, 0, 0
204, 37, 0, 5, 0, 0, 0.29%, 0, 0, 1, 30.63, 6340, 193, 0, 0
209, 38, 0, 5, 0, 0, 0.29%, 0, 0, 1, 31.10, 6495, 193, 0, 0
214, 39, 0, 5, 0, 0, 0.29%, 0, 0, 1, 32.15, 6663, 193, 0, 0
219, 40, 1, 5, 0, 0, 0.29%, 0, 0, 1, 31.28, 6823, 193, 0, 0
224, 41, 0, 5, 0, 0, 0.29%, 0, 0, 1, 30.61, 6979, 193, 0, 0
230, 42, 1, 5, 0, 0, 0.29%, 0, 0, 1, 30.52, 7137, 193, 0, 0
235, 42, 0, 5, 0, 0, 0.29%, 0, 0, 1, 30.04, 7289, 193, 0, 0
240, 44, 1, 5, 0, 0, 0.29%, 0, 0, 1, 30.81, 7447, 193, 0, 0
245, 45, 0, 5, 0, 0, 0.29%, 0, 0, 1, 30.95, 7610, 193, 0, 0
250, 45, 1, 5, 0, 0, 0.29%, 0, 0, 1, 30.69, 7766, 193, 0, 0
255, 46, 0, 5, 0, 0, 0.29%, 0, 0, 1, 30.75, 7924, 193, 0, 0
260, 47, 0, 5, 0, 0, 0.29%, 0, 0, 1, 30.10, 8077, 193, 0, 0
265, 48, 0, 5, 0, 0, 0.29%, 0, 0, 1, 31.38, 8237, 193, 0, 0
270, 49, 1, 5, 0, 0, 0.29%, 0, 0, 1, 31.42, 8398, 193, 0, 0
275, 50, 0, 5, 0, 0, 0.29%, 0, 0, 1, 31.12, 8557, 193, 0, 0
281, 51, 1, 5, 0, 0, 0.29%, 0, 0, 1, 31.37, 8718, 193, 0, 0
286, 52, 0, 5, 0, 0, 0.29%, 0, 0, 1, 31.37, 8877, 193, 0, 0
291, 53, 0, 5, 0, 0, 0.29%, 0, 0, 1, 30.46, 9034, 193, 0, 0
296, 54, 0, 5, 0, 0, 0.29%, 0, 0, 1, 32.08, 9198, 193, 0, 0
301, 54, 0, 5, 0, 0, 0.29%, 0, 0, 1, 30.41, 9354, 193, 0, 0
306, 56, 0, 5, 0, 0, 0.29%, 0, 0, 1, 30.60, 9511, 193, 0, 0
311, 57, 1, 5, 0, 0, 0.29%, 0, 0, 1, 31.66, 9671, 193, 0, 0
316, 57, 1, 5, 0, 0, 0.29%, 0, 0, 1, 31.01, 9831, 193, 0, 0
322, 58, 0, 5, 0, 0, 0.29%, 0, 0, 1, 31.38, 9995, 193, 0, 0
327, 59, 0, 5, 0, 0, 0.29%, 0, 0, 1, 30.29, 10145, 193, 0, 0
332, 60, 0, 5, 0, 0, 0.29%, 0, 0, 1, 30.31, 10298, 193, 0, 0
337, 61, 0, 5, 0, 0, 0.29%, 0, 0, 1, 31.60, 10463, 193, 0, 0
342, 62, 0, 5, 0, 0, 0.29%, 0, 0, 1, 31.08, 10620, 193, 0, 0
347, 62, 1, 5, 0, 0, 0.29%, 0, 0, 1, 30.84, 10778, 193, 0, 0
352, 63, 0, 5, 0, 0, 0.29%, 0, 0, 1, 31.21, 10938, 193, 0, 0
357, 64, 0, 5, 0, 0, 0.29%, 0, 0, 1, 31.21, 11095, 193, 0, 0
362, 65, 1, 5, 0, 0, 0.29%, 0, 0, 1, 30.04, 11251, 193, 0, 0
367, 66, 0, 5, 0, 0, 0.29%, 0, 0, 1, 30.34, 11405, 193, 0, 0
372, 67, 0, 5, 0, 0, 0.29%, 0, 0, 1, 30.56, 11563, 193, 0, 0
377, 68, 0, 5, 0, 0, 0.29%, 0, 0, 1, 30.68, 11721, 193, 0, 0
383, 69, 0, 5, 0, 0, 0.29%, 0, 0, 1, 30.36, 11878, 193, 0, 0
388, 70, 0, 5, 0, 0, 0.29%, 0, 0, 1, 31.49, 12037, 193, 0, 0
393, 71, 0, 5, 0, 0, 0.29%, 0, 0, 1, 30.48, 12191, 193, 0, 0
398, 72, 0, 5, 0, 0, 0.29%, 0, 0, 1, 30.18, 12348, 193, 0, 0
403, 72, 0, 5, 0, 0, 0.29%, 0, 0, 1, 29.29, 12495, 193, 0, 0
408, 73, 1, 5, 0, 0, 0.29%, 0, 0, 1, 30.48, 12651, 193, 0, 0
413, 74, 0, 5, 0, 0, 0.29%, 0, 0, 1, 29.38, 12801, 193, 0, 0
418, 75, 0, 5, 0, 0, 0.29%, 0, 0, 1, 29.52, 12954, 193, 0, 0
423, 76, 0, 5, 0, 0, 0.29%, 0, 0, 1, 30.66, 13111, 193, 0, 0
428, 77, 0, 5, 0, 0, 0.29%, 0, 0, 1, 30.08, 13262, 193, 0, 0
433, 77, 0, 5, 0, 0, 0.29%, 0, 0, 1, 30.74, 13415, 193, 0, 0
439, 78, 0, 5, 0, 0, 0.29%, 0, 0, 1, 30.26, 13566, 193, 0, 0
444, 79, 0, 5, 0, 0, 0.29%, 0, 0, 1, 30.51, 13719, 193, 0, 0
449, 80, 0, 5, 0, 0, 0.29%, 0, 0, 1, 29.47, 13874, 193, 0, 0
454, 81, 1, 5, 0, 0, 0.29%, 0, 0, 1, 29.77, 14026, 193, 0, 0
459, 81, 0, 5, 0, 0, 0.29%, 0, 0, 1, 28.58, 14170, 193, 0, 0
464, 82, 0, 5, 0, 0, 0.29%, 0, 0, 1, 30.28, 14329, 193, 0, 0
469, 83, 0, 5, 0, 0, 0.29%, 0, 0, 1, 29.97, 14484, 193, 0, 0
474, 84, 0, 5, 0, 0, 0.29%, 0, 0, 1, 30.39, 14639, 193, 0, 0
479, 85, 0, 5, 0, 0, 0.29%, 0, 0, 1, 30.21, 14795, 193, 0, 0
485, 86, 0, 5, 0, 0, 0.29%, 0, 0, 1, 31.84, 14957, 193, 0, 0
490, 86, 0, 5, 0, 0, 0.29%, 0, 0, 1, 31.16, 15110, 193, 0, 0
495, 87, 0, 5, 0, 0, 0.29%, 0, 0, 1, 30.19, 15262, 193, 0, 0
500, 88, 1, 5, 0, 0, 0.29%, 0, 0, 1, 30.70, 15417, 193, 0, 0
505, 89, 0, 5, 0, 0, 0.29%, 0, 0, 1, 31.70, 15578, 193, 0, 0
510, 90, 1, 5, 0, 0, 0.29%, 0, 0, 1, 31.02, 15734, 193, 0, 0
515, 91, 0, 5, 0, 0, 0.29%, 0, 0, 1, 31.35, 15891, 193, 0, 0
520, 92, 1, 5, 0, 0, 0.29%, 0, 0, 1, 32.70, 16057, 193, 0, 0
525, 93, 0, 5, 0, 0, 0.29%, 0, 0, 1, 31.33, 16219, 193, 0, 0
530, 94, 1, 5, 0, 0, 0.29%, 0, 0, 1, 30.02, 16371, 193, 0, 0
535, 95, 0, 5, 0, 0, 0.29%, 0, 0, 1, 30.43, 16529, 193, 0, 0
541, 96, 0, 5, 0, 0, 0.29%, 0, 0, 1, 30.53, 16686, 193, 0, 0
546, 97, 0, 5, 0, 0, 0.29%, 0, 0, 1, 31.52, 16845, 193, 0, 0
551, 98, 0, 5, 0, 0, 0.29%, 0, 0, 1, 30.60, 16998, 193, 0, 0
556, 99, 0, 5, 0, 0, 0.29%, 0, 0, 1, 30.58, 17154, 193, 0, 0
561, 100, 1, 5, 0, 0, 0.29%, 0, 0, 1, 30.78, 17309, 193, 0, 0
566, 101, 0, 5, 0, 0, 0.29%, 0, 0, 1, 30.23, 17464, 193, 0, 0
571, 102, 0, 5, 0, 0, 0.29%, 0, 0, 1, 30.82, 17626, 193, 0, 0
576, 103, 1, 5, 0, 0, 0.29%, 0, 0, 1, 31.74, 17788, 193, 0, 0
581, 104, 0, 5, 0, 0, 0.29%, 0, 0, 1, 30.46, 17940, 193, 0, 0
587, 104, 0, 5, 0, 0, 0.29%, 0, 0, 1, 30.25, 18097, 193, 0, 0
592, 105, 0, 5, 0, 0, 0.29%, 0, 0, 1, 31.28, 18259, 193, 0, 0
597, 106, 1, 5, 0, 0, 0.29%, 0, 0, 1, 31.14, 18414, 193, 0, 0
602, 107, 0, 5, 0, 0, 0.29%, 0, 0, 1, 30.92, 18576, 193, 0, 0
607, 108, 0, 5, 0, 0, 0.29%, 0, 0, 1, 30.36, 18729, 193, 0, 0
612, 108, 0, 5, 0, 0, 0.29%, 0, 0, 1, 29.88, 18883, 193, 0, 0
617, 110, 1, 5, 0, 0, 0.29%, 0, 0, 1, 30.96, 19047, 193, 0, 0
622, 111, 0, 5, 0, 0, 0.29%, 0, 0, 1, 31.80, 19212, 193, 0, 0
628, 112, 1, 5, 0, 0, 0.29%, 0, 0, 1, 30.59, 19364, 193, 0, 0
633, 113, 1, 5, 0, 0, 0.29%, 0, 0, 1, 31.79, 19527, 193, 0, 0
638, 114, 1, 5, 0, 0, 0.29%, 0, 0, 1, 31.39, 19686, 193, 0, 0
643, 115, 0, 5, 0, 0, 0.29%, 0, 0, 1, 30.15, 19839, 193, 0, 0
648, 115, 0, 5, 0, 0, 0.29%, 0, 0, 1, 29.78, 19991, 193, 0, 0
653, 116, 0, 5, 0, 0, 0.29%, 0, 0, 1, 30.33, 20148, 193, 0, 0
658, 117, 0, 5, 0, 0, 0.29%, 0, 0, 1, 30.20, 20305, 193, 0, 0
663, 118, 0, 5, 0, 0, 0.29%, 0, 0, 1, 29.57, 20457, 193, 0, 0
669, 118, 0, 5, 0, 0, 0.29%, 0, 0, 1, 28.78, 20606, 193, 0, 0
674, 119, 0, 5, 0, 0, 0.29%, 0, 0, 1, 30.15, 20763, 193, 0, 0
679, 120, 0, 5, 0, 0, 0.29%, 0, 0, 1, 30.30, 20915, 193, 0, 0
684, 122, 0, 5, 0, 0, 0.29%, 0, 0, 1, 32.40, 21085, 193, 0, 0
689, 123, 0, 5, 0, 0, 0.29%, 0, 0, 1, 30.33, 21237, 193, 0, 0
694, 124, 0, 5, 0, 0, 0.29%, 0, 0, 1, 30.82, 21396, 193, 0, 0
699, 124, 0, 5, 0, 0, 0.29%, 0, 0, 1, 29.29, 21545, 193, 0, 0
705, 126, 0, 5, 0, 0, 0.29%, 0, 0, 1, 30.93, 21705, 193, 0, 0
710, 126, 1, 5, 0, 0, 0.29%, 0, 0, 1, 31.42, 21862, 193, 0, 0
715, 127, 0, 5, 0, 0, 0.29%, 0, 0, 1, 30.73, 22018, 193, 0, 0
720, 128, 0, 5, 0, 0, 0.29%, 0, 0, 1, 30.53, 22172, 193, 0, 0
725, 129, 1, 5, 0, 0, 0.29%, 0, 0, 1, 30.45, 22327, 193, 0, 0
730, 130, 0, 5, 0, 0, 0.29%, 0, 0, 1, 30.27, 22487, 193, 0, 0
736, 131, 0, 5, 0, 0, 0.29%, 0, 0, 1, 31.28, 22653, 193, 0, 0
741, 132, 1, 5, 0, 0, 0.29%, 0, 0, 1, 30.14, 22805, 193, 0, 0
746, 133, 0, 5, 0, 0, 0.29%, 0, 0, 1, 30.67, 22964, 193, 0, 0
751, 134, 1, 5, 0, 0, 0.29%, 0, 0, 1, 31.23, 23125, 193, 0, 0
756, 135, 1, 5, 0, 0, 0.29%, 0, 0, 1, 30.44, 23279, 193, 0, 0
761, 136, 0, 5, 0, 0, 0.29%, 0, 0, 1, 29.81, 23429, 193, 0, 0
766, 137, 0, 5, 0, 0, 0.29%, 0, 0, 1, 30.39, 23584, 193, 0, 0
771, 138, 0, 5, 0, 0, 0.29%, 0, 0, 1, 30.76, 23740, 193, 0, 0
777, 138, 0, 5, 0, 0, 0.29%, 0, 0, 1, 30.49, 23894, 193, 0, 0
782, 139, 0, 5, 0, 0, 0.29%, 0, 0, 1, 30.33, 24050, 193, 0, 0
787, 140, 1, 5, 0, 0, 0.29%, 0, 0, 1, 31.27, 24211, 193, 0, 0
792, 142, 0, 5, 0, 0, 0.29%, 0, 0, 1, 32.68, 24379, 193, 0, 0
797, 143, 0, 5, 0, 0, 0.29%, 0, 0, 1, 30.97, 24537, 193, 0, 0
802, 144, 1, 5, 0, 0, 0.29%, 0, 0, 1, 30.97, 24697, 193, 0, 0
807, 145, 0, 5, 0, 0, 0.29%, 0, 0, 1, 30.94, 24855, 193, 0, 0
812, 146, 0, 5, 0, 0, 0.29%, 0, 0, 1, 30.17, 25009, 193, 0, 0
817, 147, 0, 5, 0, 0, 0.29%, 0, 0, 1, 31.54, 25172, 193, 0, 0
822, 148, 0, 5, 0, 0, 0.29%, 0, 0, 1, 30.71, 25329, 193, 0, 0
828, 150, 0, 5, 0, 0, 0.29%, 0, 0, 1, 31.77, 25492, 193, 0, 0
833, 150, 0, 5, 0, 0, 0.29%, 0, 0, 1, 30.81, 25650, 193, 0, 0
838, 151, 0, 5, 0, 0, 0.29%, 0, 0, 1, 30.64, 25806, 193, 0, 0
843, 152, 1, 5, 0, 0, 0.29%, 0, 0, 1, 29.79, 25958, 193, 0, 0
848, 153, 0, 5, 0, 0, 0.29%, 0, 0, 1, 29.76, 26115, 193, 0, 0
853, 154, 0, 5, 0, 0, 0.29%, 0, 0, 1, 30.62, 26270, 193, 0, 0
858, 155, 0, 5, 0, 0, 0.29%, 0, 0, 1, 31.89, 26433, 193, 0, 0
863, 156, 1, 5, 0, 0, 0.29%, 0, 0, 1, 32.10, 26596, 193, 0, 0
869, 157, 0, 5, 0, 0, 0.29%, 0, 0, 1, 30.99, 26752, 193, 0, 0
874, 159, 0, 5, 0, 0, 0.29%, 0, 0, 1, 31.17, 26915, 193, 0, 0
879, 159, 0, 5, 0, 0, 0.29%, 0, 0, 1, 30.27, 27066, 193, 0, 0
884, 160, 1, 5, 0, 0, 0.29%, 0, 0, 1, 31.23, 27228, 193, 0, 0
889, 162, 0, 5, 0, 0, 0.29%, 0, 0, 1, 31.03, 27388, 193, 0, 0
894, 163, 0, 5, 0, 0, 0.29%, 0, 0, 1, 31.44, 27546, 193, 0, 0
897, 163, 1, 5, 0, 0, 0.29%, 0, 0, 1, 29.02, 27636, 193, 0, 0
