# relative_time, cycles_done, cur_item, corpus_count, pending_total, pending_favs, map_size, saved_crashes, saved_hangs, max_depth, execs_per_sec, total_execs, edges_found, total_crashes, servers_count
61, 12, 1, 5, 0, 0, 0.29%, 0, 0, 1, 29.65, 1834, 190, 0, 0
66, 13, 1, 5, 0, 0, 0.29%, 0, 0, 1, 29.71, 1987, 190, 0, 0
71, 15, 1, 5, 0, 0, 0.29%, 0, 0, 1, 29.60, 2139, 190, 0, 0
76, 16, 1, 5, 0, 0, 0.29%, 0, 0, 1, 29.71, 2290, 190, 0, 0
81, 17, 1, 5, 0, 0, 0.29%, 0, 0, 1, 29.56, 2440, 190, 0, 0
86, 18, 1, 5, 0, 0, 0.29%, 0, 0, 1, 29.45, 2590, 190, 0, 0
91, 19, 1, 5, 0, 0, 0.29%, 0, 0, 1, 29.65, 2743, 190, 0, 0
96, 20, 1, 5, 0, 0, 0.29%, 0, 0, 1, 29.12, 2893, 190, 0, 0
101, 21, 1, 5, 0, 0, 0.29%, 0, 0, 1, 29.40, 3040, 190, 0, 0
107, 22, 1, 5, 0, 0, 0.29%, 0, 0, 1, 28.96, 3187, 190, 0, 0
112, 23, 1, 5, 0, 0, 0.29%, 0, 0, 1, 28.67, 3331, 190, 0, 0
117, 24, 1, 5, 0, 0, 0.29%, 0, 0, 1, 29.49, 3484, 190, 0, 0
122, 25, 1, 5, 0, 0, 0.29%, 0, 0, 1, 29.42, 3634, 190, 0, 0
127, 26, 1, 5, 0, 0, 0.29%, 0, 0, 1, 29.44, 3784, 190, 0, 0
132, 27, 1, 5, 0, 0, 0.29%, 0, 0, 1, 29.38, 3934, 190, 0, 0
137, 28, 1, 5, 0, 0, 0.29%, 0, 0, 1, 29.36, 4084, 190, 0, 0
142, 29, 1, 5, 0, 0, 0.29%, 0, 0, 1, 29.52, 4234, 190, 0, 0
147, 31, 1, 5, 0, 0, 0.29%, 0, 0, 1, 29.48, 4384, 190, 0, 0
152, 32, 1, 5, 0, 0, 0.29%, 0, 0, 1, 29.49, 4534, 190, 0, 0
158, 33, 1, 5, 0, 0, 0.29%, 0, 0, 1, 29.62, 4685, 190, 0, 0
163, 34, 1, 5, 0, 0, 0.29%, 0, 0, 1, 29.69, 4836, 190, 0, 0
168, 35, 1, 5, 0, 0, 0.29%, 0, 0, 1, 29.85, 4988, 190, 0, 0
173, 36, 1, 5, 0, 0, 0.29%, 0, 0, 1, 29.71, 5138, 190, 0, 0
178, 37, 1, 5, 0, 0, 0.29%, 0, 0, 1, 29.04, 5288, 190, 0, 0
183, 38, 1, 5, 0, 0, 0.29%, 0, 0, 1, 28.22, 5432, 190, 0, 0
188, 39, 1, 5, 0, 0, 0.29%, 0, 0, 1, 29.52, 5581, 190, 0, 0
193, 40, 1, 5, 0, 0, 0.29%, 0, 0, 1, 29.77, 5735, 190, 0, 0
198, 41, 1, 5, 0, 0, 0.29%, 0, 0, 1, 29.49, 5885, 190, 0, 0
203, 42, 1, 5, 0, 0, 0.29%, 0, 0, 1, 29.60, 6035, 190, 0, 0
209, 43, 1, 5, 0, 0, 0.29%, 0, 0, 1, 29.63, 6185, 190, 0, 0
214, 44, 1, 5, 0, 0, 0.29%, 0, 0, 1, 29.62, 6335, 190, 0, 0
219, 46, 1, 5, 0, 0, 0.29%, 0, 0, 1, 29.52, 6488, 190, 0, 0
224, 47, 1, 5, 0, 0, 0.29%, 0, 0, 1, 29.77, 6639, 190, 0, 0
229, 48, 1, 5, 0, 0, 0.29%, 0, 0, 1, 29.47, 6789, 190, 0, 0
234, 49, 1, 5, 0, 0, 0.29%, 0, 0, 1, 29.40, 6939, 190, 0, 0
239, 50, 1, 5, 0, 0, 0.29%, 0, 0, 1, 29.48, 7089, 190, 0, 0
244, 51, 1, 5, 0, 0, 0.29%, 0, 0, 1, 29.53, 7239, 190, 0, 0
249, 52, 1, 5, 0, 0, 0.29%, 0, 0, 1, 29.50, 7389, 190, 0, 0
254, 53, 1, 5, 0, 0, 0.29%, 0, 0, 1, 29.50, 7539, 190, 0, 0
260, 54, 1, 5, 0, 0, 0.29%, 0, 0, 1, 29.22, 7689, 190, 0, 0
265, 55, 1, 5, 0, 0, 0.29%, 0, 0, 1, 27.91, 7829, 190, 0, 0
270, 56, 1, 5, 0, 0, 0.29%, 0, 0, 1, 27.27, 7967, 190, 0, 0
275, 57, 1, 5, 0, 0, 0.29%, 0, 0, 1, 27.12, 8105, 190, 0, 0
280, 58, 1, 5, 0, 0, 0.29%, 0, 0, 1, 29.03, 8255, 190, 0, 0
285, 59, 1, 5, 0, 0, 0.29%, 0, 0, 1, 29.39, 8406, 190, 0, 0
290, 60, 1, 5, 0, 0, 0.29%, 0, 0, 1, 29.49, 8556, 190, 0, 0
295, 61, 1, 5, 0, 0, 0.29%, 0, 0, 1, 29.68, 8706, 190, 0, 0
300, 62, 1, 5, 0, 0, 0.29%, 0, 0, 1, 29.50, 8857, 190, 0, 0
305, 63, 1, 5, 0, 0, 0.29%, 0, 0, 1, 27.67, 8995, 190, 0, 0
310, 64, 1, 5, 0, 0, 0.29%, 0, 0, 1, 27.07, 9133, 190, 0, 0
316, 65, 1, 5, 0, 0, 0.29%, 0, 0, 1, 28.47, 9277, 190, 0, 0
321, 67, 1, 5, 0, 0, 0.29%, 0, 0, 1, 29.09, 9427, 190, 0, 0
326, 68, 1, 5, 0, 0, 0.29%, 0, 0, 1, 29.31, 9577, 190, 0, 0
331, 69, 1, 5, 0, 0, 0.29%, 0, 0, 1, 29.40, 9727, 190, 0, 0
336, 70, 1, 5, 0, 0, 0.29%, 0, 0, 1, 29.66, 9878, 190, 0, 0
341, 71, 1, 5, 0, 0, 0.29%, 0, 0, 1, 29.67, 10028, 190, 0, 0
346, 72, 1, 5, 0, 0, 0.29%, 0, 0, 1, 29.55, 10178, 190, 0, 0
351, 73, 1, 5, 0, 0, 0.29%, 0, 0, 1, 29.54, 10328, 190, 0, 0
356, 74, 1, 5, 0, 0, 0.29%, 0, 0, 1, 29.75, 10479, 190, 0, 0
361, 75, 1, 5, 0, 0, 0.29%, 0, 0, 1, 29.89, 10634, 190, 0, 0
367, 76, 1, 5, 0, 0, 0.29%, 0, 0, 1, 29.75, 10788, 190, 0, 0
372, 77, 1, 5, 0, 0, 0.29%, 0, 0, 1, 29.34, 10938, 190, 0, 0
377, 78, 1, 5, 0, 0, 0.29%, 0, 0, 1, 29.75, 11090, 190, 0, 0
382, 80, 1, 5, 0, 0, 0.29%, 0, 0, 1, 29.61, 11240, 190, 0, 0
387, 81, 1, 5, 0, 0, 0.29%, 0, 0, 1, 29.60, 11391, 190, 0, 0
392, 82, 1, 5, 0, 0, 0.29%, 0, 0, 1, 29.91, 11547, 190, 0, 0
397, 83, 1, 5, 0, 0, 0.29%, 0, 0, 1, 29.59, 11697, 190, 0, 0
402, 84, 1, 5, 0, 0, 0.29%, 0, 0, 1, 29.68, 11847, 190, 0, 0
407, 85, 1, 5, 0, 0, 0.29%, 0, 0, 1, 29.61, 11997, 190, 0, 0
412, 86, 1, 5, 0, 0, 0.29%, 0, 0, 1, 29.55, 12147, 190, 0, 0
418, 87, 1, 5, 0, 0, 0.29%, 0, 0, 1, 29.39, 12297, 190, 0, 0
423, 88, 1, 5, 0, 0, 0.29%, 0, 0, 1, 30.04, 12452, 190, 0, 0
428, 89, 1, 5, 0, 0, 0.29%, 0, 0, 1, 29.96, 12604, 190, 0, 0
433, 90, 1, 5, 0, 0, 0.29%, 0, 0, 1, 29.80, 12755, 190, 0, 0
438, 91, 1, 5, 0, 0, 0.29%, 0, 0, 1, 29.56, 12905, 190, 0, 0
443, 92, 1, 5, 0, 0, 0.29%, 0, 0, 1, 29.74, 13056, 190, 0, 0
448, 94, 1, 5, 0, 0, 0.29%, 0, 0, 1, 29.45, 13206, 190, 0, 0
453, 95, 1, 5, 0, 0, 0.29%, 0, 0, 1, 29.32, 13356, 190, 0, 0
458, 96, 1, 5, 0, 0, 0.29%, 0, 0, 1, 29.64, 13506, 190, 0, 0
463, 97, 1, 5, 0, 0, 0.29%, 0, 0, 1, 29.79, 13659, 190, 0, 0
469, 98, 1, 5, 0, 0, 0.29%, 0, 0, 1, 29.99, 13816, 190, 0, 0
474, 99, 1, 5, 0, 0, 0.29%, 0, 0, 1, 29.53, 13966, 190, 0, 0
479, 100, 1, 5, 0, 0, 0.29%, 0, 0, 1, 29.36, 14116, 190, 0, 0
484, 101, 1, 5, 0, 0, 0.29%, 0, 0, 1, 29.35, 14266, 190, 0, 0
489, 102, 1, 5, 0, 0, 0.29%, 0, 0, 1, 29.44, 14416, 190, 0, 0
494, 103, 1, 5, 0, 0, 0.29%, 0, 0, 1, 29.44, 14566, 190, 0, 0
499, 104, 1, 5, 0, 0, 0.29%, 0, 0, 1, 29.88, 14720, 190, 0, 0
504, 105, 1, 5, 0, 0, 0.29%, 0, 0, 1, 30.14, 14877, 190, 0, 0
509, 107, 1, 5, 0, 0, 0.29%, 0, 0, 1, 30.15, 15029, 190, 0, 0
514, 108, 1, 5, 0, 0, 0.29%, 0, 0, 1, 29.77, 15178, 190, 0, 0
519, 109, 1, 5, 0, 0, 0.29%, 0, 0, 1, 29.47, 15328, 190, 0, 0
524, 110, 1, 5, 0, 0, 0.29%, 0, 0, 1, 28.10, 15466, 190, 0, 0
530, 111, 1, 5, 0, 0, 0.29%, 0, 0, 1, 29.62, 15619, 190, 0, 0
535, 112, 1, 5, 0, 0, 0.29%, 0, 0, 1, 29.98, 15774, 190, 0, 0
540, 113, 1, 5, 0, 0, 0.29%, 0, 0, 1, 29.65, 15924, 190, 0, 0
545, 114, 1, 5, 0, 0, 0.29%, 0, 0, 1, 29.70, 16078, 190, 0, 0
550, 115, 1, 5, 0, 0, 0.29%, 0, 0, 1, 29.55, 16228, 190, 0, 0
555, 116, 1, 5, 0, 0, 0.29%, 0, 0, 1, 29.52, 16378, 190, 0, 0
560, 117, 1, 5, 0, 0, 0.29%, 0, 0, 1, 29.68, 16530, 190, 0, 0
565, 118, 1, 5, 0, 0, 0.29%, 0, 0, 1, 29.61, 16682, 190, 0, 0
571, 119, 1, 5, 0, 0, 0.29%, 0, 0, 1, 29.89, 16834, 190, 0, 0
576, 121, 1, 5, 0, 0, 0.29%, 0, 0, 1, 29.88, 16985, 190, 0, 0
581, 122, 1, 5, 0, 0, 0.29%, 0, 0, 1, 29.72, 17135, 190, 0, 0
586, 123, 1, 5, 0, 0, 0.29%, 0, 0, 1, 29.50, 17285, 190, 0, 0
591, 124, 1, 5, 0, 0, 0.29%, 0, 0, 1, 29.70, 17437, 190, 0, 0
596, 125, 1, 5, 0, 0, 0.29%, 0, 0, 1, 29.66, 17587, 190, 0, 0
601, 126, 1, 5, 0, 0, 0.29%, 0, 0, 1, 29.46, 17737, 190, 0, 0
606, 127, 1, 5, 0, 0, 0.29%, 0, 0, 1, 29.62, 17887, 190, 0, 0
611, 128, 1, 5, 0, 0, 0.29%, 0, 0, 1, 29.49, 18037, 190, 0, 0
616, 129, 1, 5, 0, 0, 0.29%, 0, 0, 1, 29.58, 18187, 190, 0, 0
621, 130, 1, 5, 0, 0, 0.29%, 0, 0, 1, 29.73, 18342, 190, 0, 0
627, 131, 1, 5, 0, 0, 0.29%, 0, 0, 1, 29.33, 18492, 190, 0, 0
632, 132, 1, 5, 0, 0, 0.29%, 0, 0, 1, 29.46, 18642, 190, 0, 0
637, 133, 1, 5, 0, 0, 0.29%, 0, 0, 1, 29.49, 18792, 190, 0, 0
642, 135, 1, 5, 0, 0, 0.29%, 0, 0, 1, 29.67, 18943, 190, 0, 0
647, 136, 1, 5, 0, 0, 0.29%, 0, 0, 1, 29.86, 19098, 190, 0, 0
652, 137, 1, 5, 0, 0, 0.29%, 0, 0, 1, 29.44, 19248, 190, 0, 0
657, 138, 1, 5, 0, 0, 0.29%, 0, 0, 1, 29.51, 19398, 190, 0, 0
662, 139, 1, 5, 0, 0, 0.29%, 0, 0, 1, 29.45, 19548, 190, 0, 0
667, 140, 1, 5, 0, 0, 0.29%, 0, 0, 1, 29.64, 19698, 190, 0, 0
672, 141, 1, 5, 0, 0, 0.29%, 0, 0, 1, 29.63, 19848, 190, 0, 0
677, 142, 1, 5, 0, 0, 0.29%, 0, 0, 1, 29.50, 19998, 190, 0, 0
683, 143, 1, 5, 0, 0, 0.29%, 0, 0, 1, 29.36, 20148, 190, 0, 0
688, 144, 1, 5, 0, 0, 0.29%, 0, 0, 1, 29.62, 20300, 190, 0, 0
693, 145, 1, 5, 0, 0, 0.29%, 0, 0, 1, 29.59, 20450, 190, 0, 0
698, 146, 1, 5, 0, 0, 0.29%, 0, 0, 1, 29.77, 20601, 190, 0, 0
703, 147, 1, 5, 0, 0, 0.29%, 0, 0, 1, 29.79, 20751, 190, 0, 0
708, 149, 1, 5, 0, 0, 0.29%, 0, 0, 1, 29.79, 20901, 190, 0, 0
713, 150, 1, 5, 0, 0, 0.29%, 0, 0, 1, 29.45, 21051, 190, 0, 0
718, 151, 1, 5, 0, 0, 0.29%, 0, 0, 1, 29.87, 21202, 190, 0, 0
723, 152, 1, 5, 0, 0, 0.29%, 0, 0, 1, 29.80, 21351, 190, 0, 0
728, 153, 1, 5, 0, 0, 0.29%, 0, 0, 1, 29.65, 21503, 190, 0, 0
733, 154, 1, 5, 0, 0, 0.29%, 0, 0, 1, 29.49, 21653, 190, 0, 0
738, 155, 1, 5, 0, 0, 0.29%, 0, 0, 1, 29.42, 21803, 190, 0, 0
743, 156, 1, 5, 0, 0, 0.29%, 0, 0, 1, 29.48, 21954, 190, 0, 0
749, 157, 1, 5, 0, 0, 0.29%, 0, 0, 1, 29.68, 22104, 190, 0, 0
754, 158, 1, 5, 0, 0, 0.29%, 0, 0, 1, 29.68, 22256, 190, 0, 0
759, 159, 1, 5, 0, 0, 0.29%, 0, 0, 1, 30.20, 22413, 190, 0, 0
764, 160, 1, 5, 0, 0, 0.29%, 0, 0, 1, 29.83, 22569, 190, 0, 0
769, 162, 1, 5, 0, 0, 0.29%, 0, 0, 1, 29.59, 22719, 190, 0, 0
774, 163, 1, 5, 0, 0, 0.29%, 0, 0, 1, 29.54, 22869, 190, 0, 0
779, 164, 1, 5, 0, 0, 0.29%, 0, 0, 1, 29.50, 23019, 190, 0, 0
784, 165, 1, 5, 0, 0, 0.29%, 0, 0, 1, 29.50, 23170, 190, 0, 0
790, 166, 1, 5, 0, 0, 0.29%, 0, 0, 1, 29.49, 23320, 190, 0, 0
795, 167, 1, 5, 0, 0, 0.29%, 0, 0, 1, 29.75, 23473, 190, 0, 0
800, 168, 1, 5, 0, 0, 0.29%, 0, 0, 1, 29.57, 23624, 190, 0, 0
805, 169, 1, 5, 0, 0, 0.29%, 0, 0, 1, 29.52, 23774, 190, 0, 0
810, 170, 1, 5, 0, 0, 0.29%, 0, 0, 1, 29.46, 23924, 190, 0, 0
815, 171, 1, 5, 0, 0, 0.29%, 0, 0, 1, 29.51, 24077, 190, 0, 0
820, 172, 1, 5, 0, 0, 0.29%, 0, 0, 1, 29.41, 24227, 190, 0, 0
825, 173, 1, 5, 0, 0, 0.29%, 0, 0, 1, 29.69, 24379, 190, 0, 0
830, 174, 1, 5, 0, 0, 0.29%, 0, 0, 1, 29.75, 24531, 190, 0, 0
836, 176, 1, 5, 0, 0, 0.29%, 0, 0, 1, 29.81, 24684, 190, 0, 0
841, 177, 1, 5, 0, 0, 0.29%, 0, 0, 1, 29.84, 24834, 190, 0, 0
846, 178, 1, 5, 0, 0, 0.29%, 0, 0, 1, 29.91, 24989, 190, 0, 0
851, 179, 1, 5, 0, 0, 0.29%, 0, 0, 1, 29.43, 25139, 190, 0, 0
856, 180, 1, 5, 0, 0, 0.29%, 0, 0, 1, 29.31, 25289, 190, 0, 0
861, 181, 1, 5, 0, 0, 0.29%, 0, 0, 1, 29.22, 25439, 190, 0, 0
866, 182, 1, 5, 0, 0, 0.29%, 0, 0, 1, 29.29, 25589, 190, 0, 0
871, 183, 1, 5, 0, 0, 0.29%, 0, 0, 1, 29.40, 25739, 190, 0, 0
876, 184, 1, 5, 0, 0, 0.29%, 0, 0, 1, 29.63, 25890, 190, 0, 0
882, 185, 1, 5, 0, 0, 0.29%, 0, 0, 1, 29.49, 26040, 190, 0, 0
887, 186, 1, 5, 0, 0, 0.29%, 0, 0, 1, 29.29, 26192, 190, 0, 0
892, 187, 1, 5, 0, 0, 0.29%, 0, 0, 1, 29.12, 26342, 190, 0, 0
897, 188, 1, 5, 0, 0, 0.29%, 0, 0, 1, 29.09, 26488, 190, 0, 0
897, 188, 1, 5, 0, 0, 0.29%, 0, 0, 1, 28.73, 26490, 190, 0, 0
