# relative_time, cycles_done, cur_item, corpus_count, pending_total, pending_favs, map_size, saved_crashes, saved_hangs, max_depth, execs_per_sec, total_execs, edges_found, total_crashes, servers_count
61, 6, 0, 5, 0, 0, 0.34%, 0, 0, 1, 13.63, 842, 223, 0, 0
66, 6, 0, 5, 0, 0, 0.34%, 0, 0, 1, 13.07, 904, 223, 0, 0
71, 7, 0, 5, 0, 0, 0.34%, 0, 0, 1, 12.62, 969, 223, 0, 0
76, 7, 0, 5, 0, 0, 0.34%, 0, 0, 1, 12.29, 1028, 223, 0, 0
82, 7, 0, 5, 0, 0, 0.34%, 0, 0, 1, 13.00, 1100, 223, 0, 0
87, 8, 0, 5, 0, 0, 0.34%, 0, 0, 1, 12.52, 1162, 223, 0, 0
92, 8, 0, 5, 0, 0, 0.34%, 0, 0, 1, 12.70, 1226, 223, 0, 0
97, 9, 1, 5, 0, 0, 0.34%, 0, 0, 1, 11.89, 1284, 223, 0, 0
102, 9, 0, 5, 0, 0, 0.34%, 0, 0, 1, 13.36, 1356, 223, 0, 0
107, 10, 0, 5, 0, 0, 0.34%, 0, 0, 1, 13.10, 1422, 223, 0, 0
112, 10, 0, 5, 0, 0, 0.34%, 0, 0, 1, 11.77, 1480, 223, 0, 0
118, 11, 1, 5, 0, 0, 0.34%, 0, 0, 1, 12.47, 1546, 223, 0, 0
123, 11, 1, 5, 0, 0, 0.34%, 0, 0, 1, 13.97, 1617, 223, 0, 0
128, 12, 0, 5, 0, 0, 0.34%, 0, 0, 1, 11.79, 1676, 223, 0, 0
133, 12, 0, 5, 0, 0, 0.34%, 0, 0, 1, 13.04, 1745, 223, 0, 0
138, 13, 0, 5, 0, 0, 0.34%, 0, 0, 1, 14.13, 1817, 223, 0, 0
143, 13, 0, 5, 0, 0, 0.34%, 0, 0, 1, 12.98, 1879, 223, 0, 0
148, 14, 1, 5, 0, 0, 0.34%, 0, 0, 1, 13.66, 1952, 223, 0, 0
153, 15, 1, 5, 0, 0, 0.34%, 0, 0, 1, 13.22, 2017, 223, 0, 0
158, 15, 1, 5, 0, 0, 0.34%, 0, 0, 1, 13.41, 2088, 223, 0, 0
163, 16, 0, 5, 0, 0, 0.34%, 0, 0, 1, 13.29, 2154, 223, 0, 0
169, 16, 1, 5, 0, 0, 0.34%, 0, 0, 1, 11.63, 2211, 223, 0, 0
174, 17, 0, 5, 0, 0, 0.34%, 0, 0, 1, 12.98, 2279, 223, 0, 0
179, 17, 0, 5, 0, 0, 0.34%, 0, 0, 1, 12.96, 2347, 223, 0, 0
184, 18, 1, 5, 0, 0, 0.34%, 0, 0, 1, 12.56, 2408, 223, 0, 0
189, 18, 1, 5, 0, 0, 0.34%, 0, 0, 1, 13.37, 2475, 223, 0, 0
194, 19, 1, 5, 0, 0, 0.34%, 0, 0, 1, 14.59, 2554, 223, 0, 0
199, 20, 1, 5, 0, 0, 0.34%, 0, 0, 1, 14.27, 2626, 223, 0, 0
204, 21, 0, 5, 0, 0, 0.34%, 0, 0, 1, 12.99, 2690, 223, 0, 0
210, 21, 1, 5, 0, 0, 0.34%, 0, 0, 1, 13.16, 2755, 223, 0, 0
215, 21, 0, 5, 0, 0, 0.34%, 0, 0, 1, 13.31, 2822, 223, 0, 0
220, 22, 0, 5, 0, 0, 0.34%, 0, 0, 1, 11.08, 2878, 223, 0, 0
225, 22, 0, 5, 0, 0, 0.34%, 0, 0, 1, 11.99, 2944, 223, 0, 0
230, 23, 0, 5, 0, 0, 0.34%, 0, 0, 1, 12.26, 3009, 223, 0, 0
235, 23, 0, 5, 0, 0, 0.34%, 0, 0, 1, 11.78, 3070, 223, 0, 0
241, 24, 1, 5, 0, 0, 0.34%, 0, 0, 1, 11.74, 3130, 223, 0, 0
246, 24, 0, 5, 0, 0, 0.34%, 0, 0, 1, 11.40, 3190, 223, 0, 0
251, 24, 0, 5, 0, 0, 0.34%, 0, 0, 1, 11.75, 3254, 223, 0, 0
256, 25, 0, 5, 0, 0, 0.34%, 0, 0, 1, 13.10, 3323, 223, 0, 0
261, 25, 0, 5, 0, 0, 0.34%, 0, 0, 1, 12.99, 3391, 223, 0, 0
266, 26, 0, 5, 0, 0, 0.34%, 0, 0, 1, 13.16, 3461, 223, 0, 0
271, 27, 1, 5, 0, 0, 0.34%, 0, 0, 1, 12.90, 3529, 223, 0, 0
276, 27, 1, 5, 0, 0, 0.34%, 0, 0, 1, 13.30, 3598, 223, 0, 0
281, 27, 0, 5, 0, 0, 0.34%, 0, 0, 1, 10.80, 3649, 223, 0, 0
286, 28, 1, 5, 0, 0, 0.34%, 0, 0, 1, 11.41, 3707, 223, 0, 0
292, 28, 0, 5, 0, 0, 0.34%, 0, 0, 1, 11.31, 3765, 223, 0, 0
297, 29, 1, 5, 0, 0, 0.34%, 0, 0, 1, 10.99, 3819, 223, 0, 0
302, 29, 0, 5, 0, 0, 0.34%, 0, 0, 1, 11.15, 3875, 223, 0, 0
307, 29, 1, 5, 0, 0, 0.34%, 0, 0, 1, 10.41, 3927, 223, 0, 0
312, 30, 0, 5, 0, 0, 0.34%, 0, 0, 1, 9.70, 3977, 223, 0, 0
317, 30, 1, 5, 0, 0, 0.34%, 0, 0, 1, 11.49, 4035, 223, 0, 0
322, 31, 0, 5, 0, 0, 0.34%, 0, 0, 1, 11.17, 4093, 223, 0, 0
327, 31, 0, 5, 0, 0, 0.34%, 0, 0, 1, 11.96, 4158, 223, 0, 0
332, 32, 0, 5, 0, 0, 0.34%, 0, 0, 1, 10.57, 4210, 223, 0, 0
337, 32, 0, 5, 0, 0, 0.34%, 0, 0, 1, 10.68, 4265, 223, 0, 0
343, 32, 1, 5, 0, 0, 0.34%, 0, 0, 1, 10.45, 4320, 223, 0, 0
348, 33, 1, 5, 0, 0, 0.34%, 0, 0, 1, 10.30, 4373, 223, 0, 0
353, 33, 0, 5, 0, 0, 0.34%, 0, 0, 1, 10.88, 4432, 223, 0, 0
358, 33, 0, 5, 0, 0, 0.34%, 0, 0, 1, 10.14, 4484, 223, 0, 0
363, 34, 0, 5, 0, 0, 0.34%, 0, 0, 1, 11.67, 4546, 223, 0, 0
368, 34, 0, 5, 0, 0, 0.34%, 0, 0, 1, 10.78, 4603, 223, 0, 0
374, 35, 0, 5, 0, 0, 0.34%, 0, 0, 1, 10.94, 4663, 223, 0, 0
379, 35, 0, 5, 0, 0, 0.34%, 0, 0, 1, 10.35, 4717, 223, 0, 0
384, 35, 0, 5, 0, 0, 0.34%, 0, 0, 1, 10.60, 4775, 223, 0, 0
389, 36, 0, 5, 0, 0, 0.34%, 0, 0, 1, 10.71, 4830, 223, 0, 0
394, 36, 0, 5, 0, 0, 0.34%, 0, 0, 1, 13.01, 4900, 223, 0, 0
399, 37, 0, 5, 0, 0, 0.34%, 0, 0, 1, 12.11, 4961, 223, 0, 0
405, 37, 1, 5, 0, 0, 0.34%, 0, 0, 1, 11.83, 5021, 223, 0, 0
410, 37, 0, 5, 0, 0, 0.34%, 0, 0, 1, 12.80, 5088, 223, 0, 0
415, 38, 0, 5, 0, 0, 0.34%, 0, 0, 1, 12.95, 5155, 223, 0, 0
420, 38, 1, 5, 0, 0, 0.34%, 0, 0, 1, 11.90, 5212, 223, 0, 0
425, 38, 0, 5, 0, 0, 0.34%, 0, 0, 1, 11.25, 5267, 223, 0, 0
430, 39, 1, 5, 0, 0, 0.34%, 0, 0, 1, 14.36, 5345, 223, 0, 0
435, 40, 0, 5, 0, 0, 0.34%, 0, 0, 1, 13.11, 5410, 223, 0, 0
441, 40, 0, 5, 0, 0, 0.34%, 0, 0, 1, 13.81, 5483, 223, 0, 0
446, 41, 1, 5, 0, 0, 0.34%, 0, 0, 1, 13.80, 5550, 223, 0, 0
451, 41, 1, 5, 0, 0, 0.34%, 0, 0, 1, 13.71, 5616, 223, 0, 0
456, 42, 0, 5, 0, 0, 0.34%, 0, 0, 1, 11.69, 5674, 223, 0, 0
461, 42, 1, 5, 0, 0, 0.34%, 0, 0, 1, 12.20, 5736, 223, 0, 0
466, 43, 0, 5, 0, 0, 0.34%, 0, 0, 1, 12.97, 5801, 223, 0, 0
471, 43, 0, 5, 0, 0, 0.34%, 0, 0, 1, 12.51, 5863, 223, 0, 0
476, 43, 0, 5, 0, 0, 0.34%, 0, 0, 1, 11.87, 5923, 223, 0, 0
481, 44, 1, 5, 0, 0, 0.34%, 0, 0, 1, 11.38, 5981, 223, 0, 0
487, 44, 0, 5, 0, 0, 0.34%, 0, 0, 1, 12.41, 6051, 223, 0, 0
492, 45, 0, 5, 0, 0, 0.34%, 0, 0, 1, 12.02, 6112, 223, 0, 0
497, 45, 0, 5, 0, 0, 0.34%, 0, 0, 1, 13.73, 6190, 223, 0, 0
502, 46, 0, 5, 0, 0, 0.34%, 0, 0, 1, 11.73, 6250, 223, 0, 0
507, 46, 0, 5, 0, 0, 0.34%, 0, 0, 1, 12.01, 6312, 223, 0, 0
512, 47, 1, 5, 0, 0, 0.34%, 0, 0, 1, 12.98, 6380, 223, 0, 0
517, 47, 1, 5, 0, 0, 0.34%, 0, 0, 1, 13.31, 6446, 223, 0, 0
522, 47, 0, 5, 0, 0, 0.34%, 0, 0, 1, 11.33, 6501, 223, 0, 0
527, 48, 0, 5, 0, 0, 0.34%, 0, 0, 1, 10.36, 6552, 223, 0, 0
532, 48, 0, 5, 0, 0, 0.34%, 0, 0, 1, 11.71, 6618, 223, 0, 0
537, 49, 0, 5, 0, 0, 0.34%, 0, 0, 1, 10.91, 6672, 223, 0, 0
542, 49, 0, 5, 0, 0, 0.34%, 0, 0, 1, 11.25, 6731, 223, 0, 0
548, 49, 0, 5, 0, 0, 0.34%, 0, 0, 1, 11.78, 6796, 223, 0, 0
553, 50, 1, 5, 0, 0, 0.34%, 0, 0, 1, 16.46, 6884, 223, 0, 0
558, 51, 1, 5, 0, 0, 0.34%, 0, 0, 1, 13.68, 6954, 223, 0, 0
563, 52, 0, 5, 0, 0, 0.34%, 0, 0, 1, 12.93, 7024, 223, 0, 0
568, 52, 0, 5, 0, 0, 0.34%, 0, 0, 1, 12.28, 7086, 223, 0, 0
573, 52, 0, 5, 0, 0, 0.34%, 0, 0, 1, 10.93, 7140, 223, 0, 0
578, 53, 1, 5, 0, 0, 0.34%, 0, 0, 1, 14.48, 7216, 223, 0, 0
583, 54, 1, 5, 0, 0, 0.34%, 0, 0, 1, 13.07, 7285, 223, 0, 0
588, 54, 0, 5, 0, 0, 0.34%, 0, 0, 1, 12.39, 7348, 223, 0, 0
593, 55, 1, 5, 0, 0, 0.34%, 0, 0, 1, 13.68, 7416, 223, 0, 0
599, 55, 0, 5, 0, 0, 0.34%, 0, 0, 1, 13.36, 7484, 223, 0, 0
604, 56, 0, 5, 0, 0, 0.34%, 0, 0, 1, 13.47, 7553, 223, 0, 0
609, 56, 1, 5, 0, 0, 0.34%, 0, 0, 1, 12.19, 7617, 223, 0, 0
614, 57, 1, 5, 0, 0, 0.34%, 0, 0, 1, 12.13, 7679, 223, 0, 0
619, 57, 0, 5, 0, 0, 0.34%, 0, 0, 1, 12.11, 7740, 223, 0, 0
624, 58, 0, 5, 0, 0, 0.34%, 0, 0, 1, 12.76, 7805, 223, 0, 0
629, 58, 1, 5, 0, 0, 0.34%, 0, 0, 1, 13.18, 7872, 223, 0, 0
634, 59, 1, 5, 0, 0, 0.34%, 0, 0, 1, 13.65, 7942, 223, 0, 0
639, 59, 0, 5, 0, 0, 0.34%, 0, 0, 1, 12.18, 8001, 223, 0, 0
644, 60, 0, 5, 0, 0, 0.34%, 0, 0, 1, 12.70, 8065, 223, 0, 0
649, 60, 0, 5, 0, 0, 0.34%, 0, 0, 1, 12.85, 8129, 223, 0, 0
654, 61, 1, 5, 0, 0, 0.34%, 0, 0, 1, 14.21, 8204, 223, 0, 0
660, 62, 0, 5, 0, 0, 0.34%, 0, 0, 1, 15.75, 8286, 223, 0, 0
665, 62, 0, 5, 0, 0, 0.34%, 0, 0, 1, 12.98, 8347, 223, 0, 0
670, 63, 0, 5, 0, 0, 0.34%, 0, 0, 1, 12.76, 8413, 223, 0, 0
675, 63, 0, 5, 0, 0, 0.34%, 0, 0, 1, 11.31, 8467, 223, 0, 0
680, 63, 0, 5, 0, 0, 0.34%, 0, 0, 1, 12.51, 8533, 223, 0, 0
685, 64, 0, 5, 0, 0, 0.34%, 0, 0, 1, 11.81, 8595, 223, 0, 0
690, 64, 1, 5, 0, 0, 0.34%, 0, 0, 1, 12.15, 8658, 223, 0, 0
696, 65, 1, 5, 0, 0, 0.34%, 0, 0, 1, 11.98, 8724, 223, 0, 0
701, 65, 0, 5, 0, 0, 0.34%, 0, 0, 1, 12.56, 8790, 223, 0, 0
706, 66, 1, 5, 0, 0, 0.34%, 0, 0, 1, 12.35, 8854, 223, 0, 0
711, 67, 0, 5, 0, 0, 0.34%, 0, 0, 1, 12.17, 8921, 223, 0, 0
716, 67, 0, 5, 0, 0, 0.34%, 0, 0, 1, 11.75, 8978, 223, 0, 0
721, 67, 0, 5, 0, 0, 0.34%, 0, 0, 1, 11.53, 9040, 223, 0, 0
727, 68, 1, 5, 0, 0, 0.34%, 0, 0, 1, 14.89, 9116, 223, 0, 0
732, 69, 1, 5, 0, 0, 0.34%, 0, 0, 1, 16.10, 9195, 223, 0, 0
737, 69, 0, 5, 0, 0, 0.34%, 0, 0, 1, 14.14, 9265, 223, 0, 0
742, 70, 1, 5, 0, 0, 0.34%, 0, 0, 1, 12.47, 9324, 223, 0, 0
747, 70, 1, 5, 0, 0, 0.34%, 0, 0, 1, 14.13, 9397, 223, 0, 0
752, 71, 1, 5, 0, 0, 0.34%, 0, 0, 1, 13.28, 9464, 223, 0, 0
757, 71, 0, 5, 0, 0, 0.34%, 0, 0, 1, 12.61, 9527, 223, 0, 0
763, 72, 0, 5, 0, 0, 0.34%, 0, 0, 1, 11.77, 9584, 223, 0, 0
768, 72, 1, 5, 0, 0, 0.34%, 0, 0, 1, 12.97, 9651, 223, 0, 0
773, 73, 0, 5, 0, 0, 0.34%, 0, 0, 1, 13.74, 9722, 223, 0, 0
778, 74, 1, 5, 0, 0, 0.34%, 0, 0, 1, 16.17, 9806, 223, 0, 0
783, 74, 1, 5, 0, 0, 0.34%, 0, 0, 1, 14.06, 9871, 223, 0, 0
788, 75, 0, 5, 0, 0, 0.34%, 0, 0, 1, 13.30, 9935, 223, 0, 0
793, 75, 0, 5, 0, 0, 0.34%, 0, 0, 1, 12.37, 9998, 223, 0, 0
798, 76, 0, 5, 0, 0, 0.34%, 0, 0, 1, 13.31, 10069, 223, 0, 0
804, 76, 0, 5, 0, 0, 0.34%, 0, 0, 1, 12.55, 10129, 223, 0, 0
809, 76, 0, 5, 0, 0, 0.34%, 0, 0, 1, 12.45, 10195, 223, 0, 0
814, 77, 1, 5, 0, 0, 0.34%, 0, 0, 1, 14.61, 10267, 223, 0, 0
819, 78, 0, 5, 0, 0, 0.34%, 0, 0, 1, 14.38, 10342, 223, 0, 0
824, 78, 0, 5, 0, 0, 0.34%, 0, 0, 1, 13.39, 10404, 223, 0, 0
829, 79, 0, 5, 0, 0, 0.34%, 0, 0, 1, 13.21, 10467, 223, 0, 0
834, 79, 0, 5, 0, 0, 0.34%, 0, 0, 1, 11.46, 10525, 223, 0, 0
840, 79, 0, 5, 0, 0, 0.34%, 0, 0, 1, 11.62, 10586, 223, 0, 0
845, 80, 1, 5, 0, 0, 0.34%, 0, 0, 1, 11.90, 10646, 223, 0, 0
850, 80, 1, 5, 0, 0, 0.34%, 0, 0, 1, 12.78, 10712, 223, 0, 0
855, 81, 0, 5, 0, 0, 0.34%, 0, 0, 1, 12.75, 10778, 223, 0, 0
860, 81, 0, 5, 0, 0, 0.34%, 0, 0, 1, 14.91, 10856, 223, 0, 0
865, 82, 0, 5, 0, 0, 0.34%, 0, 0, 1, 14.27, 10923, 223, 0, 0
870, 82, 0, 5, 0, 0, 0.34%, 0, 0, 1, 13.20, 10988, 223, 0, 0
875, 83, 0, 5, 0, 0, 0.34%, 0, 0, 1, 13.26, 11052, 223, 0, 0
880, 83, 0, 5, 0, 0, 0.34%, 0, 0, 1, 12.10, 11109, 223, 0, 0
885, 83, 1, 5, 0, 0, 0.34%, 0, 0, 1, 12.46, 11173, 223, 0, 0
891, 84, 1, 5, 0, 0, 0.34%, 0, 0, 1, 13.37, 11241, 223, 0, 0
896, 85, 0, 5, 0, 0, 0.34%, 0, 0, 1, 13.15, 11311, 223, 0, 0
897, 85, 0, 5, 0, 0, 0.34%, 0, 0, 1, 12.69, 11326, 223, 0, 0
