# relative_time, cycles_done, cur_item, corpus_count, pending_total, pending_favs, map_size, saved_crashes, saved_hangs, max_depth, execs_per_sec, total_execs, edges_found, total_crashes, servers_count
61, 2, 1, 5, 0, 0, 0.24%, 1, 0, 1, 5.14, 402, 157, 256, 0
66, 2, 1, 5, 0, 0, 0.24%, 1, 0, 1, 6.75, 442, 157, 275, 0
72, 3, 1, 5, 0, 0, 0.24%, 1, 0, 1, 7.06, 481, 157, 295, 0
77, 3, 1, 5, 0, 0, 0.24%, 1, 0, 1, 5.88, 508, 157, 316, 0
82, 3, 1, 5, 0, 0, 0.24%, 1, 0, 1, 5.09, 534, 157, 337, 0
87, 3, 1, 5, 0, 0, 0.24%, 1, 0, 1, 4.72, 559, 157, 359, 0
92, 3, 1, 5, 0, 0, 0.24%, 1, 0, 1, 5.00, 585, 157, 380, 0
97, 4, 1, 5, 0, 0, 0.24%, 1, 0, 1, 5.41, 615, 157, 401, 0
102, 4, 1, 5, 0, 0, 0.24%, 1, 0, 1, 5.35, 643, 157, 423, 0
108, 4, 1, 5, 0, 0, 0.24%, 1, 0, 1, 6.93, 683, 157, 443, 0
113, 4, 1, 5, 0, 0, 0.24%, 1, 0, 1, 6.09, 713, 157, 463, 0
118, 5, 1, 5, 0, 0, 0.24%, 1, 0, 1, 5.55, 740, 157, 485, 0
123, 5, 1, 5, 0, 0, 0.24%, 1, 0, 1, 6.14, 772, 157, 506, 0
128, 5, 1, 5, 0, 0, 0.24%, 1, 0, 1, 6.14, 809, 157, 526, 0
133, 5, 1, 5, 0, 0, 0.24%, 1, 0, 1, 4.96, 832, 157, 547, 0
138, 5, 1, 5, 0, 0, 0.24%, 1, 0, 1, 5.17, 858, 157, 568, 0
143, 6, 1, 5, 0, 0, 0.24%, 1, 0, 1, 5.12, 885, 157, 589, 0
148, 6, 1, 5, 0, 0, 0.24%, 1, 0, 1, 5.85, 919, 157, 609, 0
154, 6, 1, 5, 0, 0, 0.24%, 1, 0, 1, 4.85, 942, 157, 631, 0
159, 6, 1, 5, 0, 0, 0.24%, 1, 0, 1, 5.38, 971, 157, 652, 0
164, 6, 1, 5, 0, 0, 0.24%, 1, 0, 1, 5.59, 1000, 157, 673, 0
169, 7, 1, 5, 0, 0, 0.24%, 1, 0, 1, 5.28, 1029, 157, 694, 0
174, 7, 1, 5, 0, 0, 0.24%, 1, 0, 1, 5.63, 1064, 157, 714, 0
180, 7, 1, 5, 0, 0, 0.24%, 1, 0, 1, 5.70, 1096, 157, 734, 0
185, 7, 1, 5, 0, 0, 0.24%, 1, 0, 1, 5.17, 1125, 157, 755, 0
190, 8, 1, 5, 0, 0, 0.24%, 1, 0, 1, 5.36, 1153, 157, 777, 0
195, 8, 1, 5, 0, 0, 0.24%, 1, 0, 1, 5.07, 1180, 157, 798, 0
200, 8, 1, 5, 0, 0, 0.24%, 1, 0, 1, 6.03, 1219, 157, 817, 0
205, 8, 1, 5, 0, 0, 0.24%, 1, 0, 1, 5.59, 1247, 157, 838, 0
211, 8, 1, 5, 0, 0, 0.24%, 1, 0, 1, 5.48, 1275, 157, 860, 0
216, 9, 1, 5, 0, 0, 0.24%, 1, 0, 1, 6.98, 1316, 157, 879, 0
221, 9, 1, 5, 0, 0, 0.24%, 1, 0, 1, 5.43, 1342, 157, 901, 0
226, 9, 1, 5, 0, 0, 0.24%, 1, 0, 1, 5.01, 1368, 157, 922, 0
231, 9, 1, 5, 0, 0, 0.24%, 1, 0, 1, 5.04, 1393, 157, 943, 0
236, 9, 1, 5, 0, 0, 0.24%, 1, 0, 1, 4.76, 1417, 157, 965, 0
241, 10, 1, 5, 0, 0, 0.24%, 1, 0, 1, 4.91, 1445, 157, 986, 0
246, 10, 1, 5, 0, 0, 0.24%, 1, 0, 1, 6.15, 1489, 157, 1004, 0
251, 10, 1, 5, 0, 0, 0.24%, 1, 0, 1, 5.23, 1518, 157, 1025, 0
256, 10, 1, 5, 0, 0, 0.24%, 1, 0, 1, 4.92, 1542, 157, 1046, 0
261, 11, 1, 5, 0, 0, 0.24%, 1, 0, 1, 5.68, 1577, 157, 1066, 0
267, 11, 1, 5, 0, 0, 0.24%, 1, 0, 1, 5.12, 1604, 157, 1087, 0
272, 11, 1, 5, 0, 0, 0.24%, 1, 0, 1, 5.50, 1634, 157, 1108, 0
277, 11, 1, 5, 0, 0, 0.24%, 1, 0, 1, 5.52, 1661, 157, 1129, 0
282, 11, 1, 5, 0, 0, 0.24%, 1, 0, 1, 5.81, 1692, 157, 1149, 0
287, 12, 1, 5, 0, 0, 0.24%, 1, 0, 1, 4.80, 1716, 157, 1171, 0
292, 12, 1, 5, 0, 0, 0.24%, 1, 0, 1, 4.52, 1739, 157, 1193, 0
297, 12, 1, 5, 0, 0, 0.24%, 1, 0, 1, 6.07, 1772, 157, 1213, 0
302, 12, 1, 5, 0, 0, 0.24%, 1, 0, 1, 4.93, 1797, 157, 1235, 0
307, 12, 1, 5, 0, 0, 0.24%, 1, 0, 1, 5.41, 1824, 157, 1256, 0
313, 13, 1, 5, 0, 0, 0.24%, 1, 0, 1, 5.48, 1853, 157, 1278, 0
318, 13, 1, 5, 0, 0, 0.24%, 1, 0, 1, 5.31, 1881, 157, 1299, 0
323, 13, 1, 5, 0, 0, 0.24%, 1, 0, 1, 5.38, 1908, 157, 1320, 0
328, 13, 1, 5, 0, 0, 0.24%, 1, 0, 1, 5.23, 1935, 157, 1341, 0
333, 13, 1, 5, 0, 0, 0.24%, 1, 0, 1, 6.21, 1968, 157, 1361, 0
338, 14, 1, 5, 0, 0, 0.24%, 1, 0, 1, 6.30, 2005, 157, 1381, 0
343, 14, 1, 5, 0, 0, 0.24%, 1, 0, 1, 5.65, 2032, 157, 1402, 0
348, 14, 1, 5, 0, 0, 0.24%, 1, 0, 1, 5.48, 2060, 157, 1423, 0
354, 14, 1, 5, 0, 0, 0.24%, 1, 0, 1, 4.78, 2084, 157, 1445, 0
359, 14, 1, 5, 0, 0, 0.24%, 1, 0, 1, 5.14, 2113, 157, 1466, 0
364, 15, 1, 5, 0, 0, 0.24%, 1, 0, 1, 5.68, 2143, 157, 1486, 0
369, 15, 1, 5, 0, 0, 0.24%, 1, 0, 1, 6.51, 2179, 157, 1505, 0
374, 15, 1, 5, 0, 0, 0.24%, 1, 0, 1, 5.70, 2208, 157, 1526, 0
379, 15, 1, 5, 0, 0, 0.24%, 1, 0, 1, 6.38, 2242, 157, 1546, 0
384, 16, 1, 5, 0, 0, 0.24%, 1, 0, 1, 6.34, 2276, 157, 1566, 0
389, 16, 1, 5, 0, 0, 0.24%, 1, 0, 1, 5.01, 2300, 157, 1588, 0
394, 16, 1, 5, 0, 0, 0.24%, 1, 0, 1, 4.85, 2325, 157, 1610, 0
400, 16, 1, 5, 0, 0, 0.24%, 1, 0, 1, 4.80, 2349, 157, 1631, 0
405, 16, 1, 5, 0, 0, 0.24%, 1, 0, 1, 4.79, 2373, 157, 1652, 0
410, 16, 1, 5, 0, 0, 0.24%, 1, 0, 1, 4.73, 2399, 157, 1674, 0
415, 17, 1, 5, 0, 0, 0.24%, 1, 0, 1, 4.50, 2422, 157, 1696, 0
420, 17, 1, 5, 0, 0, 0.24%, 1, 0, 1, 7.13, 2465, 157, 1714, 0
425, 17, 1, 5, 0, 0, 0.24%, 1, 0, 1, 5.72, 2492, 157, 1735, 0
430, 17, 1, 5, 0, 0, 0.24%, 1, 0, 1, 5.48, 2521, 157, 1756, 0
435, 18, 1, 5, 0, 0, 0.24%, 1, 0, 1, 5.63, 2553, 157, 1777, 0
440, 18, 1, 5, 0, 0, 0.24%, 1, 0, 1, 6.81, 2593, 157, 1796, 0
446, 18, 1, 5, 0, 0, 0.24%, 1, 0, 1, 6.61, 2626, 157, 1817, 0
451, 18, 1, 5, 0, 0, 0.24%, 1, 0, 1, 5.85, 2655, 157, 1838, 0
456, 19, 1, 5, 0, 0, 0.24%, 1, 0, 1, 6.37, 2692, 157, 1858, 0
461, 19, 1, 5, 0, 0, 0.24%, 1, 0, 1, 6.65, 2728, 157, 1879, 0
466, 19, 1, 5, 0, 0, 0.24%, 1, 0, 1, 6.50, 2762, 157, 1900, 0
472, 19, 1, 5, 0, 0, 0.24%, 1, 0, 1, 6.12, 2794, 157, 1921, 0
477, 19, 1, 5, 0, 0, 0.24%, 1, 0, 1, 5.18, 2820, 157, 1943, 0
482, 20, 1, 5, 0, 0, 0.24%, 1, 0, 1, 5.87, 2851, 157, 1964, 0
487, 20, 1, 5, 0, 0, 0.24%, 1, 0, 1, 5.32, 2878, 157, 1985, 0
492, 20, 1, 5, 0, 0, 0.24%, 1, 0, 1, 4.99, 2903, 157, 2007, 0
497, 20, 1, 5, 0, 0, 0.24%, 1, 0, 1, 5.67, 2935, 157, 2027, 0
502, 20, 1, 5, 0, 0, 0.24%, 1, 0, 1, 4.87, 2960, 157, 2048, 0
507, 21, 1, 5, 0, 0, 0.24%, 1, 0, 1, 4.80, 2984, 157, 2069, 0
513, 21, 1, 5, 0, 0, 0.24%, 1, 0, 1, 4.63, 3008, 157, 2091, 0
518, 21, 1, 5, 0, 0, 0.24%, 1, 0, 1, 5.31, 3039, 157, 2111, 0
523, 21, 1, 5, 0, 0, 0.24%, 1, 0, 1, 5.54, 3068, 157, 2132, 0
528, 21, 1, 5, 0, 0, 0.24%, 1, 0, 1, 6.22, 3105, 157, 2151, 0
533, 22, 1, 5, 0, 0, 0.24%, 1, 0, 1, 5.91, 3135, 157, 2172, 0
538, 22, 1, 5, 0, 0, 0.24%, 1, 0, 1, 6.69, 3174, 157, 2191, 0
543, 22, 1, 5, 0, 0, 0.24%, 1, 0, 1, 5.25, 3199, 157, 2213, 0
549, 22, 1, 5, 0, 0, 0.24%, 1, 0, 1, 4.93, 3225, 157, 2234, 0
554, 22, 1, 5, 0, 0, 0.24%, 1, 0, 1, 4.78, 3249, 157, 2256, 0
559, 23, 1, 5, 0, 0, 0.24%, 1, 0, 1, 5.01, 3278, 157, 2278, 0
564, 23, 1, 5, 0, 0, 0.24%, 1, 0, 1, 4.95, 3304, 157, 2300, 0
569, 23, 1, 5, 0, 0, 0.24%, 1, 0, 1, 5.25, 3332, 157, 2321, 0
574, 23, 1, 5, 0, 0, 0.24%, 1, 0, 1, 5.25, 3358, 157, 2342, 0
579, 23, 1, 5, 0, 0, 0.24%, 1, 0, 1, 5.15, 3384, 157, 2364, 0
584, 24, 1, 5, 0, 0, 0.24%, 1, 0, 1, 4.57, 3407, 157, 2387, 0
589, 24, 1, 5, 0, 0, 0.24%, 1, 0, 1, 4.57, 3430, 157, 2409, 0
595, 24, 1, 5, 0, 0, 0.24%, 1, 0, 1, 4.78, 3455, 157, 2431, 0
600, 24, 1, 5, 0, 0, 0.24%, 1, 0, 1, 5.23, 3483, 157, 2453, 0
605, 24, 1, 5, 0, 0, 0.24%, 1, 0, 1, 5.13, 3512, 157, 2475, 0
610, 25, 1, 5, 0, 0, 0.24%, 1, 0, 1, 4.70, 3536, 157, 2497, 0
615, 25, 1, 5, 0, 0, 0.24%, 1, 0, 1, 4.86, 3562, 157, 2519, 0
621, 25, 1, 5, 0, 0, 0.24%, 1, 0, 1, 5.84, 3593, 157, 2540, 0
626, 25, 1, 5, 0, 0, 0.24%, 1, 0, 1, 5.49, 3621, 157, 2561, 0
631, 25, 1, 5, 0, 0, 0.24%, 1, 0, 1, 4.71, 3645, 157, 2583, 0
636, 26, 1, 5, 0, 0, 0.24%, 1, 0, 1, 5.96, 3680, 157, 2603, 0
641, 26, 1, 5, 0, 0, 0.24%, 1, 0, 1, 5.15, 3707, 157, 2625, 0
646, 26, 1, 5, 0, 0, 0.24%, 1, 0, 1, 5.44, 3737, 157, 2646, 0
651, 26, 1, 5, 0, 0, 0.24%, 1, 0, 1, 5.00, 3762, 157, 2667, 0
656, 26, 1, 5, 0, 0, 0.24%, 1, 0, 1, 5.19, 3788, 157, 2688, 0
662, 27, 1, 5, 0, 0, 0.24%, 1, 0, 1, 5.96, 3822, 157, 2709, 0
667, 27, 1, 5, 0, 0, 0.24%, 1, 0, 1, 5.94, 3854, 157, 2730, 0
672, 27, 1, 5, 0, 0, 0.24%, 1, 0, 1, 5.48, 3885, 157, 2751, 0
677, 27, 1, 5, 0, 0, 0.24%, 1, 0, 1, 5.22, 3911, 157, 2772, 0
682, 27, 1, 5, 0, 0, 0.24%, 1, 0, 1, 5.44, 3938, 157, 2794, 0
687, 28, 1, 5, 0, 0, 0.24%, 1, 0, 1, 5.27, 3965, 157, 2815, 0
693, 28, 1, 5, 0, 0, 0.24%, 1, 0, 1, 5.58, 3997, 157, 2836, 0
698, 28, 1, 5, 0, 0, 0.24%, 1, 0, 1, 5.37, 4026, 157, 2857, 0
703, 28, 1, 5, 0, 0, 0.24%, 1, 0, 1, 5.57, 4055, 157, 2878, 0
708, 28, 1, 5, 0, 0, 0.24%, 1, 0, 1, 5.35, 4086, 157, 2899, 0
713, 29, 1, 5, 0, 0, 0.24%, 1, 0, 1, 6.16, 4118, 157, 2919, 0
718, 29, 1, 5, 0, 0, 0.24%, 1, 0, 1, 5.58, 4149, 157, 2940, 0
723, 29, 1, 5, 0, 0, 0.24%, 1, 0, 1, 4.80, 4173, 157, 2961, 0
728, 29, 1, 5, 0, 0, 0.24%, 1, 0, 1, 5.14, 4201, 157, 2982, 0
734, 29, 1, 5, 0, 0, 0.24%, 1, 0, 1, 4.92, 4226, 157, 3004, 0
739, 30, 1, 5, 0, 0, 0.24%, 1, 0, 1, 4.93, 4251, 157, 3025, 0
744, 30, 1, 5, 0, 0, 0.24%, 1, 0, 1, 5.38, 4279, 157, 3046, 0
749, 30, 1, 5, 0, 0, 0.24%, 1, 0, 1, 5.23, 4307, 157, 3067, 0
754, 30, 1, 5, 0, 0, 0.24%, 1, 0, 1, 5.74, 4340, 157, 3087, 0
759, 30, 1, 5, 0, 0, 0.24%, 1, 0, 1, 4.88, 4363, 157, 3109, 0
764, 31, 1, 5, 0, 0, 0.24%, 1, 0, 1, 5.01, 4390, 157, 3131, 0
769, 31, 1, 5, 0, 0, 0.24%, 1, 0, 1, 5.58, 4423, 157, 3152, 0
774, 31, 1, 5, 0, 0, 0.24%, 1, 0, 1, 5.61, 4452, 157, 3173, 0
779, 31, 1, 5, 0, 0, 0.24%, 1, 0, 1, 5.45, 4482, 157, 3194, 0
785, 31, 1, 5, 0, 0, 0.24%, 1, 0, 1, 5.21, 4509, 157, 3216, 0
790, 32, 1, 5, 0, 0, 0.24%, 1, 0, 1, 4.89, 4534, 157, 3239, 0
795, 32, 1, 5, 0, 0, 0.24%, 1, 0, 1, 5.16, 4562, 157, 3260, 0
800, 32, 1, 5, 0, 0, 0.24%, 1, 0, 1, 5.95, 4598, 157, 3280, 0
805, 32, 1, 5, 0, 0, 0.24%, 1, 0, 1, 5.58, 4626, 157, 3301, 0
810, 33, 1, 5, 0, 0, 0.24%, 1, 0, 1, 5.81, 4656, 157, 3322, 0
815, 33, 1, 5, 0, 0, 0.24%, 1, 0, 1, 6.11, 4687, 157, 3342, 0
820, 33, 1, 5, 0, 0, 0.24%, 1, 0, 1, 5.17, 4713, 157, 3363, 0
826, 33, 1, 5, 0, 0, 0.24%, 1, 0, 1, 5.12, 4741, 157, 3385, 0
831, 33, 1, 5, 0, 0, 0.24%, 1, 0, 1, 4.86, 4766, 157, 3407, 0
836, 34, 1, 5, 0, 0, 0.24%, 1, 0, 1, 5.52, 4797, 157, 3428, 0
841, 34, 1, 5, 0, 0, 0.24%, 1, 0, 1, 5.24, 4824, 157, 3450, 0
846, 34, 1, 5, 0, 0, 0.24%, 1, 0, 1, 4.65, 4847, 157, 3472, 0
851, 34, 1, 5, 0, 0, 0.24%, 1, 0, 1, 4.96, 4873, 157, 3493, 0
857, 34, 1, 5, 0, 0, 0.24%, 1, 0, 1, 4.79, 4897, 157, 3515, 0
862, 34, 1, 5, 0, 0, 0.24%, 1, 0, 1, 5.79, 4929, 157, 3536, 0
867, 35, 1, 5, 0, 0, 0.24%, 1, 0, 1, 5.08, 4954, 157, 3557, 0
872, 35, 1, 5, 0, 0, 0.24%, 1, 0, 1, 6.80, 4990, 157, 3577, 0
877, 35, 1, 5, 0, 0, 0.24%, 1, 0, 1, 5.56, 5016, 157, 3599, 0
882, 35, 1, 5, 0, 0, 0.24%, 1, 0, 1, 7.15, 5057, 157, 3618, 0
887, 36, 1, 5, 0, 0, 0.24%, 1, 0, 1, 6.60, 5089, 157, 3638, 0
892, 36, 1, 5, 0, 0, 0.24%, 1, 0, 1, 6.16, 5122, 157, 3658, 0
897, 36, 1, 5, 0, 0, 0.24%, 1, 0, 1, 0.00, 5144, 157, 3676, 0
