# relative_time, cycles_done, cur_item, corpus_count, pending_total, pending_favs, map_size, saved_crashes, saved_hangs, max_depth, execs_per_sec, total_execs, edges_found, total_crashes, servers_count
62, 14, 1, 5, 0, 0, 0.09%, 0, 0, 1, 33.92, 2136, 62, 0, 0
67, 16, 1, 5, 0, 0, 0.09%, 0, 0, 1, 33.81, 2311, 62, 0, 0
72, 17, 1, 5, 0, 0, 0.09%, 0, 0, 1, 33.88, 2486, 62, 0, 0
77, 18, 1, 5, 0, 0, 0.09%, 0, 0, 1, 33.84, 2661, 62, 0, 0
82, 19, 1, 5, 0, 0, 0.09%, 0, 0, 1, 33.40, 2836, 62, 0, 0
87, 21, 1, 5, 0, 0, 0.09%, 0, 0, 1, 32.38, 2997, 62, 0, 0
92, 22, 1, 5, 0, 0, 0.09%, 0, 0, 1, 33.17, 3165, 62, 0, 0
98, 23, 1, 5, 0, 0, 0.09%, 0, 0, 1, 32.31, 3333, 62, 0, 0
103, 24, 1, 5, 0, 0, 0.09%, 0, 0, 1, 31.85, 3494, 62, 0, 0
108, 25, 1, 5, 0, 0, 0.09%, 0, 0, 1, 31.74, 3655, 62, 0, 0
113, 26, 1, 5, 0, 0, 0.09%, 0, 0, 1, 31.68, 3816, 62, 0, 0
118, 28, 1, 5, 0, 0, 0.09%, 0, 0, 1, 31.97, 3977, 62, 0, 0
123, 29, 1, 5, 0, 0, 0.09%, 0, 0, 1, 33.41, 4152, 62, 0, 0
128, 30, 1, 5, 0, 0, 0.09%, 0, 0, 1, 33.78, 4327, 62, 0, 0
133, 31, 1, 5, 0, 0, 0.09%, 0, 0, 1, 33.81, 4502, 62, 0, 0
139, 33, 1, 5, 0, 0, 0.09%, 0, 0, 1, 33.80, 4677, 62, 0, 0
144, 34, 1, 5, 0, 0, 0.09%, 0, 0, 1, 33.44, 4845, 62, 0, 0
149, 35, 1, 5, 0, 0, 0.09%, 0, 0, 1, 33.60, 5020, 62, 0, 0
154, 36, 1, 5, 0, 0, 0.09%, 0, 0, 1, 33.66, 5195, 62, 0, 0
159, 38, 1, 5, 0, 0, 0.09%, 0, 0, 1, 33.70, 5370, 62, 0, 0
164, 39, 1, 5, 0, 0, 0.09%, 0, 0, 1, 33.69, 5545, 62, 0, 0
169, 40, 1, 5, 0, 0, 0.09%, 0, 0, 1, 33.61, 5713, 62, 0, 0
175, 41, 1, 5, 0, 0, 0.09%, 0, 0, 1, 33.65, 5888, 62, 0, 0
180, 43, 1, 5, 0, 0, 0.09%, 0, 0, 1, 33.66, 6063, 62, 0, 0
185, 44, 1, 5, 0, 0, 0.09%, 0, 0, 1, 33.65, 6238, 62, 0, 0
190, 45, 1, 5, 0, 0, 0.09%, 0, 0, 1, 33.69, 6413, 62, 0, 0
195, 46, 1, 5, 0, 0, 0.09%, 0, 0, 1, 33.69, 6588, 62, 0, 0
201, 48, 1, 5, 0, 0, 0.09%, 0, 0, 1, 33.46, 6762, 62, 0, 0
206, 49, 1, 5, 0, 0, 0.09%, 0, 0, 1, 33.77, 6937, 62, 0, 0
211, 50, 1, 5, 0, 0, 0.09%, 0, 0, 1, 33.80, 7112, 62, 0, 0
216, 51, 1, 5, 0, 0, 0.09%, 0, 0, 1, 33.77, 7287, 62, 0, 0
221, 53, 1, 5, 0, 0, 0.09%, 0, 0, 1, 33.74, 7462, 62, 0, 0
227, 54, 1, 5, 0, 0, 0.09%, 0, 0, 1, 33.80, 7637, 62, 0, 0
232, 55, 1, 5, 0, 0, 0.09%, 0, 0, 1, 33.61, 7812, 62, 0, 0
237, 56, 1, 5, 0, 0, 0.09%, 0, 0, 1, 32.64, 7980, 62, 0, 0
242, 57, 1, 5, 0, 0, 0.09%, 0, 0, 1, 31.94, 8141, 62, 0, 0
247, 59, 1, 5, 0, 0, 0.09%, 0, 0, 1, 32.81, 8309, 62, 0, 0
252, 60, 1, 5, 0, 0, 0.09%, 0, 0, 1, 33.71, 8484, 62, 0, 0
257, 61, 1, 5, 0, 0, 0.09%, 0, 0, 1, 33.91, 8659, 62, 0, 0
263, 62, 1, 5, 0, 0, 0.09%, 0, 0, 1, 33.91, 8834, 62, 0, 0
268, 64, 1, 5, 0, 0, 0.09%, 0, 0, 1, 33.95, 9009, 62, 0, 0
273, 65, 1, 5, 0, 0, 0.09%, 0, 0, 1, 33.86, 9184, 62, 0, 0
278, 66, 1, 5, 0, 0, 0.09%, 0, 0, 1, 33.92, 9359, 62, 0, 0
283, 67, 1, 5, 0, 0, 0.09%, 0, 0, 1, 33.92, 9534, 62, 0, 0
288, 69, 1, 5, 0, 0, 0.09%, 0, 0, 1, 33.91, 9709, 62, 0, 0
294, 70, 1, 5, 0, 0, 0.09%, 0, 0, 1, 33.90, 9884, 62, 0, 0
299, 71, 1, 5, 0, 0, 0.09%, 0, 0, 1, 33.88, 10059, 62, 0, 0
304, 72, 1, 5, 0, 0, 0.09%, 0, 0, 1, 33.91, 10234, 62, 0, 0
309, 74, 1, 5, 0, 0, 0.09%, 0, 0, 1, 33.89, 10409, 62, 0, 0
314, 75, 1, 5, 0, 0, 0.09%, 0, 0, 1, 33.95, 10584, 62, 0, 0
319, 76, 1, 5, 0, 0, 0.09%, 0, 0, 1, 33.95, 10759, 62, 0, 0
324, 77, 1, 5, 0, 0, 0.09%, 0, 0, 1, 32.74, 10927, 62, 0, 0
330, 78, 1, 5, 0, 0, 0.09%, 0, 0, 1, 31.82, 11088, 62, 0, 0
335, 80, 1, 5, 0, 0, 0.09%, 0, 0, 1, 31.60, 11249, 62, 0, 0
340, 81, 1, 5, 0, 0, 0.09%, 0, 0, 1, 31.56, 11410, 62, 0, 0
345, 82, 1, 5, 0, 0, 0.09%, 0, 0, 1, 31.55, 11571, 62, 0, 0
350, 83, 1, 5, 0, 0, 0.09%, 0, 0, 1, 31.55, 11732, 62, 0, 0
355, 84, 1, 5, 0, 0, 0.09%, 0, 0, 1, 32.81, 11900, 62, 0, 0
360, 85, 1, 5, 0, 0, 0.09%, 0, 0, 1, 33.30, 12068, 62, 0, 0
365, 87, 1, 5, 0, 0, 0.09%, 0, 0, 1, 31.80, 12229, 62, 0, 0
370, 88, 1, 5, 0, 0, 0.09%, 0, 0, 1, 32.44, 12390, 62, 0, 0
375, 89, 1, 5, 0, 0, 0.09%, 0, 0, 1, 33.32, 12558, 62, 0, 0
380, 90, 1, 5, 0, 0, 0.09%, 0, 0, 1, 33.53, 12726, 62, 0, 0
385, 91, 1, 5, 0, 0, 0.09%, 0, 0, 1, 34.04, 12901, 62, 0, 0
391, 93, 1, 5, 0, 0, 0.09%, 0, 0, 1, 34.16, 13076, 62, 0, 0
396, 94, 1, 5, 0, 0, 0.09%, 0, 0, 1, 34.20, 13251, 62, 0, 0
401, 95, 1, 5, 0, 0, 0.09%, 0, 0, 1, 34.15, 13426, 62, 0, 0
406, 96, 1, 5, 0, 0, 0.09%, 0, 0, 1, 34.05, 13601, 62, 0, 0
411, 98, 1, 5, 0, 0, 0.09%, 0, 0, 1, 34.06, 13776, 62, 0, 0
416, 99, 1, 5, 0, 0, 0.09%, 0, 0, 1, 34.02, 13951, 62, 0, 0
421, 100, 1, 5, 0, 0, 0.09%, 0, 0, 1, 34.06, 14126, 62, 0, 0
426, 101, 1, 5, 0, 0, 0.09%, 0, 0, 1, 34.05, 14301, 62, 0, 0
432, 103, 1, 5, 0, 0, 0.09%, 0, 0, 1, 34.04, 14476, 62, 0, 0
437, 104, 1, 5, 0, 0, 0.09%, 0, 0, 1, 34.07, 14651, 62, 0, 0
442, 105, 1, 5, 0, 0, 0.09%, 0, 0, 1, 34.05, 14826, 62, 0, 0
447, 106, 1, 5, 0, 0, 0.09%, 0, 0, 1, 34.04, 15001, 62, 0, 0
452, 108, 1, 5, 0, 0, 0.09%, 0, 0, 1, 34.17, 15176, 62, 0, 0
457, 109, 1, 5, 0, 0, 0.09%, 0, 0, 1, 34.14, 15351, 62, 0, 0
462, 110, 1, 5, 0, 0, 0.09%, 0, 0, 1, 34.18, 15526, 62, 0, 0
468, 111, 1, 5, 0, 0, 0.09%, 0, 0, 1, 34.17, 15701, 62, 0, 0
473, 113, 1, 5, 0, 0, 0.09%, 0, 0, 1, 34.18, 15876, 62, 0, 0
478, 114, 1, 5, 0, 0, 0.09%, 0, 0, 1, 32.82, 16044, 62, 0, 0
483, 115, 1, 5, 0, 0, 0.09%, 0, 0, 1, 31.90, 16204, 62, 0, 0
488, 116, 1, 5, 0, 0, 0.09%, 0, 0, 1, 31.62, 16365, 62, 0, 0
493, 117, 1, 5, 0, 0, 0.09%, 0, 0, 1, 31.55, 16526, 62, 0, 0
498, 118, 1, 5, 0, 0, 0.09%, 0, 0, 1, 31.53, 16687, 62, 0, 0
503, 120, 1, 5, 0, 0, 0.09%, 0, 0, 1, 31.51, 16848, 62, 0, 0
508, 121, 1, 5, 0, 0, 0.09%, 0, 0, 1, 31.38, 17009, 62, 0, 0
514, 122, 1, 5, 0, 0, 0.09%, 0, 0, 1, 31.37, 17170, 62, 0, 0
519, 123, 1, 5, 0, 0, 0.09%, 0, 0, 1, 31.35, 17331, 62, 0, 0
524, 124, 1, 5, 0, 0, 0.09%, 0, 0, 1, 31.30, 17492, 62, 0, 0
529, 125, 1, 5, 0, 0, 0.09%, 0, 0, 1, 31.36, 17653, 62, 0, 0
534, 126, 1, 5, 0, 0, 0.09%, 0, 0, 1, 31.67, 17814, 62, 0, 0
539, 128, 1, 5, 0, 0, 0.09%, 0, 0, 1, 31.77, 17975, 62, 0, 0
544, 129, 1, 5, 0, 0, 0.09%, 0, 0, 1, 31.75, 18136, 62, 0, 0
549, 130, 1, 5, 0, 0, 0.09%, 0, 0, 1, 31.74, 18297, 62, 0, 0
554, 131, 1, 5, 0, 0, 0.09%, 0, 0, 1, 31.67, 18458, 62, 0, 0
559, 132, 1, 5, 0, 0, 0.09%, 0, 0, 1, 31.68, 18619, 62, 0, 0
564, 133, 1, 5, 0, 0, 0.09%, 0, 0, 1, 31.73, 18780, 62, 0, 0
570, 135, 1, 5, 0, 0, 0.09%, 0, 0, 1, 31.67, 18941, 62, 0, 0
575, 136, 1, 5, 0, 0, 0.09%, 0, 0, 1, 31.61, 19102, 62, 0, 0
580, 137, 1, 5, 0, 0, 0.09%, 0, 0, 1, 31.63, 19263, 62, 0, 0
585, 138, 1, 5, 0, 0, 0.09%, 0, 0, 1, 31.59, 19424, 62, 0, 0
590, 139, 1, 5, 0, 0, 0.09%, 0, 0, 1, 31.60, 19585, 62, 0, 0
595, 140, 1, 5, 0, 0, 0.09%, 0, 0, 1, 31.54, 19746, 62, 0, 0
600, 141, 1, 5, 0, 0, 0.09%, 0, 0, 1, 31.34, 19906, 62, 0, 0
605, 143, 1, 5, 0, 0, 0.09%, 0, 0, 1, 31.52, 20067, 62, 0, 0
610, 144, 1, 5, 0, 0, 0.09%, 0, 0, 1, 31.44, 20228, 62, 0, 0
615, 145, 1, 5, 0, 0, 0.09%, 0, 0, 1, 31.45, 20389, 62, 0, 0
621, 146, 1, 5, 0, 0, 0.09%, 0, 0, 1, 31.28, 20550, 62, 0, 0
626, 147, 1, 5, 0, 0, 0.09%, 0, 0, 1, 31.18, 20711, 62, 0, 0
631, 148, 1, 5, 0, 0, 0.09%, 0, 0, 1, 31.21, 20872, 62, 0, 0
636, 149, 1, 5, 0, 0, 0.09%, 0, 0, 1, 31.23, 21033, 62, 0, 0
641, 151, 1, 5, 0, 0, 0.09%, 0, 0, 1, 31.19, 21194, 62, 0, 0
646, 152, 1, 5, 0, 0, 0.09%, 0, 0, 1, 31.25, 21355, 62, 0, 0
652, 153, 1, 5, 0, 0, 0.09%, 0, 0, 1, 31.27, 21516, 62, 0, 0
657, 154, 1, 5, 0, 0, 0.09%, 0, 0, 1, 31.30, 21677, 62, 0, 0
662, 155, 1, 5, 0, 0, 0.09%, 0, 0, 1, 31.31, 21838, 62, 0, 0
667, 156, 1, 5, 0, 0, 0.09%, 0, 0, 1, 31.33, 21999, 62, 0, 0
672, 158, 1, 5, 0, 0, 0.09%, 0, 0, 1, 31.32, 22160, 62, 0, 0
677, 159, 1, 5, 0, 0, 0.09%, 0, 0, 1, 31.22, 22321, 62, 0, 0
682, 160, 1, 5, 0, 0, 0.09%, 0, 0, 1, 31.10, 22482, 62, 0, 0
688, 161, 1, 5, 0, 0, 0.09%, 0, 0, 1, 31.12, 22643, 62, 0, 0
693, 162, 1, 5, 0, 0, 0.09%, 0, 0, 1, 31.14, 22804, 62, 0, 0
698, 163, 1, 5, 0, 0, 0.09%, 0, 0, 1, 31.19, 22965, 62, 0, 0
703, 164, 1, 5, 0, 0, 0.09%, 0, 0, 1, 31.20, 23126, 62, 0, 0
708, 166, 1, 5, 0, 0, 0.09%, 0, 0, 1, 31.17, 23287, 62, 0, 0
713, 167, 1, 5, 0, 0, 0.09%, 0, 0, 1, 31.19, 23448, 62, 0, 0
719, 168, 1, 5, 0, 0, 0.09%, 0, 0, 1, 31.14, 23609, 62, 0, 0
724, 169, 1, 5, 0, 0, 0.09%, 0, 0, 1, 31.20, 23770, 62, 0, 0
729, 170, 1, 5, 0, 0, 0.09%, 0, 0, 1, 31.19, 23931, 62, 0, 0
734, 171, 1, 5, 0, 0, 0.09%, 0, 0, 1, 31.23, 24092, 62, 0, 0
739, 172, 1, 5, 0, 0, 0.09%, 0, 0, 1, 31.37, 24253, 62, 0, 0
744, 174, 1, 5, 0, 0, 0.09%, 0, 0, 1, 31.57, 24414, 62, 0, 0
749, 175, 1, 5, 0, 0, 0.09%, 0, 0, 1, 31.69, 24575, 62, 0, 0
755, 176, 1, 5, 0, 0, 0.09%, 0, 0, 1, 31.62, 24736, 62, 0, 0
760, 177, 1, 5, 0, 0, 0.09%, 0, 0, 1, 31.64, 24897, 62, 0, 0
765, 178, 1, 5, 0, 0, 0.09%, 0, 0, 1, 31.66, 25058, 62, 0, 0
770, 179, 1, 5, 0, 0, 0.09%, 0, 0, 1, 31.63, 25219, 62, 0, 0
775, 181, 1, 5, 0, 0, 0.09%, 0, 0, 1, 31.64, 25380, 62, 0, 0
780, 182, 1, 5, 0, 0, 0.09%, 0, 0, 1, 31.59, 25541, 62, 0, 0
785, 183, 1, 5, 0, 0, 0.09%, 0, 0, 1, 31.63, 25702, 62, 0, 0
790, 184, 1, 5, 0, 0, 0.09%, 0, 0, 1, 31.63, 25863, 62, 0, 0
795, 185, 1, 5, 0, 0, 0.09%, 0, 0, 1, 31.64, 26024, 62, 0, 0
800, 186, 1, 5, 0, 0, 0.09%, 0, 0, 1, 31.59, 26185, 62, 0, 0
805, 187, 1, 5, 0, 0, 0.09%, 0, 0, 1, 31.52, 26346, 62, 0, 0
811, 189, 1, 5, 0, 0, 0.09%, 0, 0, 1, 31.45, 26507, 62, 0, 0
816, 190, 1, 5, 0, 0, 0.09%, 0, 0, 1, 31.52, 26668, 62, 0, 0
821, 191, 1, 5, 0, 0, 0.09%, 0, 0, 1, 31.54, 26829, 62, 0, 0
826, 192, 1, 5, 0, 0, 0.09%, 0, 0, 1, 31.51, 26990, 62, 0, 0
831, 193, 1, 5, 0, 0, 0.09%, 0, 0, 1, 31.46, 27151, 62, 0, 0
836, 194, 1, 5, 0, 0, 0.09%, 0, 0, 1, 31.50, 27312, 62, 0, 0
841, 195, 1, 5, 0, 0, 0.09%, 0, 0, 1, 31.56, 27473, 62, 0, 0
846, 197, 1, 5, 0, 0, 0.09%, 0, 0, 1, 33.00, 27641, 62, 0, 0
851, 198, 1, 5, 0, 0, 0.09%, 0, 0, 1, 33.39, 27809, 62, 0, 0
856, 199, 1, 5, 0, 0, 0.09%, 0, 0, 1, 33.47, 27977, 62, 0, 0
861, 200, 1, 5, 0, 0, 0.09%, 0, 0, 1, 33.39, 28145, 62, 0, 0
866, 201, 1, 5, 0, 0, 0.09%, 0, 0, 1, 33.38, 28313, 62, 0, 0
871, 203, 1, 5, 0, 0, 0.09%, 0, 0, 1, 33.37, 28481, 62, 0, 0
876, 204, 1, 5, 0, 0, 0.09%, 0, 0, 1, 33.36, 28649, 62, 0, 0
881, 205, 1, 5, 0, 0, 0.09%, 0, 0, 1, 33.60, 28817, 62, 0, 0
887, 206, 1, 5, 0, 0, 0.09%, 0, 0, 1, 33.76, 28992, 62, 0, 0
892, 208, 1, 5, 0, 0, 0.09%, 0, 0, 1, 32.52, 29160, 62, 0, 0
897, 209, 1, 5, 0, 0, 0.09%, 0, 0, 1, 31.15, 29320, 62, 0, 0
897, 209, 1, 5, 0, 0, 0.09%, 0, 0, 1, 0.00, 29320, 62, 0, 0
