# relative_time, cycles_done, cur_item, corpus_count, pending_total, pending_favs, map_size, saved_crashes, saved_hangs, max_depth, execs_per_sec, total_execs, edges_found, total_crashes, servers_count
60, 8, 1, 5, 0, 0, 0.09%, 0, 0, 1, 19.36, 1179, 58, 0, 0
66, 8, 1, 5, 0, 0, 0.09%, 0, 0, 1, 18.99, 1276, 58, 0, 0
71, 9, 1, 5, 0, 0, 0.09%, 0, 0, 1, 18.77, 1372, 58, 0, 0
76, 10, 1, 5, 0, 0, 0.09%, 0, 0, 1, 18.86, 1470, 58, 0, 0
81, 10, 1, 5, 0, 0, 0.09%, 0, 0, 1, 19.02, 1568, 58, 0, 0
86, 11, 0, 5, 0, 0, 0.09%, 0, 0, 1, 18.81, 1665, 58, 0, 0
91, 12, 0, 5, 0, 0, 0.09%, 0, 0, 1, 18.75, 1761, 58, 0, 0
96, 12, 1, 5, 0, 0, 0.09%, 0, 0, 1, 18.94, 1857, 58, 0, 0
101, 13, 1, 5, 0, 0, 0.09%, 0, 0, 1, 19.18, 1953, 58, 0, 0
106, 14, 1, 5, 0, 0, 0.09%, 0, 0, 1, 19.00, 2049, 58, 0, 0
112, 15, 1, 5, 0, 0, 0.09%, 0, 0, 1, 19.02, 2147, 58, 0, 0
117, 15, 0, 5, 0, 0, 0.09%, 0, 0, 1, 19.19, 2245, 58, 0, 0
122, 16, 1, 5, 0, 0, 0.09%, 0, 0, 1, 18.98, 2341, 58, 0, 0
127, 17, 1, 5, 0, 0, 0.09%, 0, 0, 1, 19.14, 2439, 58, 0, 0
132, 17, 1, 5, 0, 0, 0.09%, 0, 0, 1, 18.73, 2535, 58, 0, 0
137, 18, 1, 5, 0, 0, 0.09%, 0, 0, 1, 17.77, 2627, 58, 0, 0
142, 19, 1, 5, 0, 0, 0.09%, 0, 0, 1, 16.80, 2711, 58, 0, 0
147, 19, 1, 5, 0, 0, 0.09%, 0, 0, 1, 17.42, 2799, 58, 0, 0
153, 20, 1, 5, 0, 0, 0.09%, 0, 0, 1, 17.04, 2887, 58, 0, 0
158, 21, 1, 5, 0, 0, 0.09%, 0, 0, 1, 18.82, 2983, 58, 0, 0
163, 21, 1, 5, 0, 0, 0.09%, 0, 0, 1, 19.26, 3081, 58, 0, 0
168, 22, 1, 5, 0, 0, 0.09%, 0, 0, 1, 18.96, 3178, 58, 0, 0
173, 23, 0, 5, 0, 0, 0.09%, 0, 0, 1, 18.68, 3274, 58, 0, 0
178, 23, 1, 5, 0, 0, 0.09%, 0, 0, 1, 19.12, 3372, 58, 0, 0
183, 24, 0, 5, 0, 0, 0.09%, 0, 0, 1, 19.05, 3470, 58, 0, 0
188, 25, 1, 5, 0, 0, 0.09%, 0, 0, 1, 18.86, 3566, 58, 0, 0
193, 25, 0, 5, 0, 0, 0.09%, 0, 0, 1, 18.72, 3662, 58, 0, 0
199, 26, 1, 5, 0, 0, 0.09%, 0, 0, 1, 18.68, 3758, 58, 0, 0
204, 27, 1, 5, 0, 0, 0.09%, 0, 0, 1, 18.91, 3856, 58, 0, 0
209, 27, 1, 5, 0, 0, 0.09%, 0, 0, 1, 18.63, 3949, 58, 0, 0
214, 28, 1, 5, 0, 0, 0.09%, 0, 0, 1, 18.73, 4044, 58, 0, 0
219, 29, 1, 5, 0, 0, 0.09%, 0, 0, 1, 18.69, 4140, 58, 0, 0
224, 29, 1, 5, 0, 0, 0.09%, 0, 0, 1, 18.67, 4235, 58, 0, 0
229, 30, 1, 5, 0, 0, 0.09%, 0, 0, 1, 18.79, 4329, 58, 0, 0
234, 31, 1, 5, 0, 0, 0.09%, 0, 0, 1, 18.58, 4425, 58, 0, 0
239, 31, 1, 5, 0, 0, 0.09%, 0, 0, 1, 18.50, 4519, 58, 0, 0
244, 32, 1, 5, 0, 0, 0.09%, 0, 0, 1, 18.70, 4612, 58, 0, 0
249, 33, 1, 5, 0, 0, 0.09%, 0, 0, 1, 19.36, 4709, 58, 0, 0
254, 34, 1, 5, 0, 0, 0.09%, 0, 0, 1, 19.23, 4808, 58, 0, 0
260, 34, 1, 5, 0, 0, 0.09%, 0, 0, 1, 19.07, 4906, 58, 0, 0
265, 35, 1, 5, 0, 0, 0.09%, 0, 0, 1, 19.27, 5005, 58, 0, 0
270, 36, 1, 5, 0, 0, 0.09%, 0, 0, 1, 19.15, 5104, 58, 0, 0
275, 36, 1, 5, 0, 0, 0.09%, 0, 0, 1, 19.08, 5201, 58, 0, 0
280, 37, 1, 5, 0, 0, 0.09%, 0, 0, 1, 19.03, 5299, 58, 0, 0
285, 38, 1, 5, 0, 0, 0.09%, 0, 0, 1, 18.88, 5397, 58, 0, 0
290, 38, 1, 5, 0, 0, 0.09%, 0, 0, 1, 18.68, 5493, 58, 0, 0
296, 39, 1, 5, 0, 0, 0.09%, 0, 0, 1, 18.82, 5591, 58, 0, 0
301, 40, 1, 5, 0, 0, 0.09%, 0, 0, 1, 19.11, 5687, 58, 0, 0
306, 40, 1, 5, 0, 0, 0.09%, 0, 0, 1, 18.60, 5780, 58, 0, 0
311, 41, 1, 5, 0, 0, 0.09%, 0, 0, 1, 19.01, 5880, 58, 0, 0
316, 42, 1, 5, 0, 0, 0.09%, 0, 0, 1, 18.83, 5976, 58, 0, 0
321, 43, 1, 5, 0, 0, 0.09%, 0, 0, 1, 18.88, 6072, 58, 0, 0
326, 43, 0, 5, 0, 0, 0.09%, 0, 0, 1, 19.40, 6170, 58, 0, 0
331, 44, 1, 5, 0, 0, 0.09%, 0, 0, 1, 19.07, 6268, 58, 0, 0
336, 45, 1, 5, 0, 0, 0.09%, 0, 0, 1, 19.04, 6365, 58, 0, 0
342, 45, 1, 5, 0, 0, 0.09%, 0, 0, 1, 18.96, 6463, 58, 0, 0
347, 46, 1, 5, 0, 0, 0.09%, 0, 0, 1, 18.81, 6558, 58, 0, 0
352, 47, 1, 5, 0, 0, 0.09%, 0, 0, 1, 18.94, 6653, 58, 0, 0
357, 47, 1, 5, 0, 0, 0.09%, 0, 0, 1, 19.48, 6752, 58, 0, 0
362, 48, 1, 5, 0, 0, 0.09%, 0, 0, 1, 19.11, 6849, 58, 0, 0
367, 49, 1, 5, 0, 0, 0.09%, 0, 0, 1, 18.79, 6944, 58, 0, 0
372, 49, 1, 5, 0, 0, 0.09%, 0, 0, 1, 18.64, 7041, 58, 0, 0
377, 50, 1, 5, 0, 0, 0.09%, 0, 0, 1, 19.09, 7140, 58, 0, 0
382, 51, 1, 5, 0, 0, 0.09%, 0, 0, 1, 19.20, 7236, 58, 0, 0
387, 52, 1, 5, 0, 0, 0.09%, 0, 0, 1, 18.69, 7329, 58, 0, 0
392, 52, 1, 5, 0, 0, 0.09%, 0, 0, 1, 18.84, 7427, 58, 0, 0
397, 53, 1, 5, 0, 0, 0.09%, 0, 0, 1, 18.55, 7520, 58, 0, 0
403, 54, 1, 5, 0, 0, 0.09%, 0, 0, 1, 18.75, 7617, 58, 0, 0
408, 54, 1, 5, 0, 0, 0.09%, 0, 0, 1, 18.82, 7711, 58, 0, 0
413, 55, 1, 5, 0, 0, 0.09%, 0, 0, 1, 18.60, 7807, 58, 0, 0
418, 56, 1, 5, 0, 0, 0.09%, 0, 0, 1, 18.43, 7900, 58, 0, 0
423, 56, 1, 5, 0, 0, 0.09%, 0, 0, 1, 18.17, 7992, 58, 0, 0
428, 57, 1, 5, 0, 0, 0.09%, 0, 0, 1, 18.16, 8084, 58, 0, 0
433, 58, 1, 5, 0, 0, 0.09%, 0, 0, 1, 18.36, 8180, 58, 0, 0
438, 58, 1, 5, 0, 0, 0.09%, 0, 0, 1, 18.41, 8274, 58, 0, 0
443, 59, 1, 5, 0, 0, 0.09%, 0, 0, 1, 18.24, 8366, 58, 0, 0
448, 60, 1, 5, 0, 0, 0.09%, 0, 0, 1, 18.51, 8459, 58, 0, 0
454, 60, 1, 5, 0, 0, 0.09%, 0, 0, 1, 18.55, 8555, 58, 0, 0
459, 61, 1, 5, 0, 0, 0.09%, 0, 0, 1, 18.16, 8647, 58, 0, 0
464, 62, 1, 5, 0, 0, 0.09%, 0, 0, 1, 18.43, 8741, 58, 0, 0
469, 62, 1, 5, 0, 0, 0.09%, 0, 0, 1, 18.36, 8834, 58, 0, 0
474, 63, 1, 5, 0, 0, 0.09%, 0, 0, 1, 18.57, 8930, 58, 0, 0
479, 64, 1, 5, 0, 0, 0.09%, 0, 0, 1, 18.33, 9022, 58, 0, 0
484, 64, 1, 5, 0, 0, 0.09%, 0, 0, 1, 18.31, 9114, 58, 0, 0
489, 65, 0, 5, 0, 0, 0.09%, 0, 0, 1, 18.24, 9207, 58, 0, 0
494, 66, 1, 5, 0, 0, 0.09%, 0, 0, 1, 18.27, 9300, 58, 0, 0
499, 66, 1, 5, 0, 0, 0.09%, 0, 0, 1, 18.79, 9398, 58, 0, 0
505, 67, 1, 5, 0, 0, 0.09%, 0, 0, 1, 18.79, 9494, 58, 0, 0
510, 68, 1, 5, 0, 0, 0.09%, 0, 0, 1, 19.04, 9593, 58, 0, 0
515, 68, 1, 5, 0, 0, 0.09%, 0, 0, 1, 18.68, 9689, 58, 0, 0
520, 69, 1, 5, 0, 0, 0.09%, 0, 0, 1, 18.71, 9784, 58, 0, 0
525, 70, 1, 5, 0, 0, 0.09%, 0, 0, 1, 19.09, 9882, 58, 0, 0
530, 70, 1, 5, 0, 0, 0.09%, 0, 0, 1, 18.73, 9979, 58, 0, 0
536, 71, 0, 5, 0, 0, 0.09%, 0, 0, 1, 18.66, 10077, 58, 0, 0
541, 72, 1, 5, 0, 0, 0.09%, 0, 0, 1, 18.74, 10170, 58, 0, 0
546, 73, 1, 5, 0, 0, 0.09%, 0, 0, 1, 19.33, 10268, 58, 0, 0
551, 73, 1, 5, 0, 0, 0.09%, 0, 0, 1, 19.37, 10369, 58, 0, 0
556, 74, 1, 5, 0, 0, 0.09%, 0, 0, 1, 19.15, 10469, 58, 0, 0
561, 75, 1, 5, 0, 0, 0.09%, 0, 0, 1, 18.97, 10565, 58, 0, 0
566, 75, 0, 5, 0, 0, 0.09%, 0, 0, 1, 18.87, 10662, 58, 0, 0
571, 76, 1, 5, 0, 0, 0.09%, 0, 0, 1, 18.91, 10760, 58, 0, 0
576, 77, 0, 5, 0, 0, 0.09%, 0, 0, 1, 18.89, 10856, 58, 0, 0
581, 77, 1, 5, 0, 0, 0.09%, 0, 0, 1, 19.03, 10954, 58, 0, 0
587, 78, 1, 5, 0, 0, 0.09%, 0, 0, 1, 19.08, 11050, 58, 0, 0
592, 79, 1, 5, 0, 0, 0.09%, 0, 0, 1, 19.54, 11151, 58, 0, 0
597, 80, 1, 5, 0, 0, 0.09%, 0, 0, 1, 19.28, 11250, 58, 0, 0
602, 80, 1, 5, 0, 0, 0.09%, 0, 0, 1, 18.87, 11346, 58, 0, 0
607, 81, 1, 5, 0, 0, 0.09%, 0, 0, 1, 18.17, 11440, 58, 0, 0
612, 82, 1, 5, 0, 0, 0.09%, 0, 0, 1, 17.60, 11528, 58, 0, 0
617, 82, 1, 5, 0, 0, 0.09%, 0, 0, 1, 17.33, 11616, 58, 0, 0
622, 83, 0, 5, 0, 0, 0.09%, 0, 0, 1, 16.84, 11700, 58, 0, 0
627, 83, 1, 5, 0, 0, 0.09%, 0, 0, 1, 17.04, 11788, 58, 0, 0
633, 84, 0, 5, 0, 0, 0.09%, 0, 0, 1, 16.97, 11876, 58, 0, 0
638, 85, 1, 5, 0, 0, 0.09%, 0, 0, 1, 18.68, 11973, 58, 0, 0
643, 85, 1, 5, 0, 0, 0.09%, 0, 0, 1, 19.02, 12070, 58, 0, 0
648, 86, 0, 5, 0, 0, 0.09%, 0, 0, 1, 19.42, 12169, 58, 0, 0
653, 87, 1, 5, 0, 0, 0.09%, 0, 0, 1, 19.22, 12264, 58, 0, 0
658, 87, 0, 5, 0, 0, 0.09%, 0, 0, 1, 19.04, 12362, 58, 0, 0
663, 88, 1, 5, 0, 0, 0.09%, 0, 0, 1, 19.14, 12460, 58, 0, 0
668, 89, 1, 5, 0, 0, 0.09%, 0, 0, 1, 19.03, 12557, 58, 0, 0
673, 90, 1, 5, 0, 0, 0.09%, 0, 0, 1, 19.18, 12653, 58, 0, 0
678, 90, 0, 5, 0, 0, 0.09%, 0, 0, 1, 18.70, 12749, 58, 0, 0
683, 91, 1, 5, 0, 0, 0.09%, 0, 0, 1, 19.10, 12847, 58, 0, 0
688, 92, 1, 5, 0, 0, 0.09%, 0, 0, 1, 18.93, 12941, 58, 0, 0
694, 92, 0, 5, 0, 0, 0.09%, 0, 0, 1, 18.49, 13035, 58, 0, 0
699, 93, 1, 5, 0, 0, 0.09%, 0, 0, 1, 18.25, 13127, 58, 0, 0
704, 94, 1, 5, 0, 0, 0.09%, 0, 0, 1, 19.14, 13224, 58, 0, 0
709, 94, 0, 5, 0, 0, 0.09%, 0, 0, 1, 19.05, 13323, 58, 0, 0
714, 95, 1, 5, 0, 0, 0.09%, 0, 0, 1, 19.16, 13419, 58, 0, 0
719, 96, 1, 5, 0, 0, 0.09%, 0, 0, 1, 19.35, 13518, 58, 0, 0
724, 96, 0, 5, 0, 0, 0.09%, 0, 0, 1, 18.56, 13611, 58, 0, 0
729, 97, 1, 5, 0, 0, 0.09%, 0, 0, 1, 18.52, 13704, 58, 0, 0
734, 98, 1, 5, 0, 0, 0.09%, 0, 0, 1, 18.39, 13796, 58, 0, 0
739, 98, 1, 5, 0, 0, 0.09%, 0, 0, 1, 18.40, 13890, 58, 0, 0
744, 99, 0, 5, 0, 0, 0.09%, 0, 0, 1, 18.69, 13987, 58, 0, 0
749, 100, 1, 5, 0, 0, 0.09%, 0, 0, 1, 18.29, 14079, 58, 0, 0
755, 100, 1, 5, 0, 0, 0.09%, 0, 0, 1, 18.11, 14171, 58, 0, 0
760, 101, 1, 5, 0, 0, 0.09%, 0, 0, 1, 18.43, 14264, 58, 0, 0
765, 102, 1, 5, 0, 0, 0.09%, 0, 0, 1, 18.74, 14358, 58, 0, 0
770, 102, 1, 5, 0, 0, 0.09%, 0, 0, 1, 18.61, 14451, 58, 0, 0
775, 103, 1, 5, 0, 0, 0.09%, 0, 0, 1, 18.45, 14543, 58, 0, 0
780, 104, 1, 5, 0, 0, 0.09%, 0, 0, 1, 18.75, 14637, 58, 0, 0
785, 104, 1, 5, 0, 0, 0.09%, 0, 0, 1, 19.36, 14737, 58, 0, 0
790, 105, 0, 5, 0, 0, 0.09%, 0, 0, 1, 19.02, 14834, 58, 0, 0
795, 106, 1, 5, 0, 0, 0.09%, 0, 0, 1, 19.69, 14935, 58, 0, 0
800, 107, 0, 5, 0, 0, 0.09%, 0, 0, 1, 19.13, 15031, 58, 0, 0
805, 107, 1, 5, 0, 0, 0.09%, 0, 0, 1, 19.25, 15132, 58, 0, 0
810, 108, 1, 5, 0, 0, 0.09%, 0, 0, 1, 19.32, 15232, 58, 0, 0
815, 109, 1, 5, 0, 0, 0.09%, 0, 0, 1, 19.06, 15329, 58, 0, 0
821, 109, 1, 5, 0, 0, 0.09%, 0, 0, 1, 18.88, 15427, 58, 0, 0
826, 110, 1, 5, 0, 0, 0.09%, 0, 0, 1, 18.87, 15521, 58, 0, 0
831, 111, 1, 5, 0, 0, 0.09%, 0, 0, 1, 18.72, 15618, 58, 0, 0
836, 111, 0, 5, 0, 0, 0.09%, 0, 0, 1, 19.00, 15717, 58, 0, 0
841, 112, 1, 5, 0, 0, 0.09%, 0, 0, 1, 18.93, 15814, 58, 0, 0
846, 113, 1, 5, 0, 0, 0.09%, 0, 0, 1, 19.25, 15912, 58, 0, 0
852, 114, 1, 5, 0, 0, 0.09%, 0, 0, 1, 18.92, 16010, 58, 0, 0
857, 114, 1, 5, 0, 0, 0.09%, 0, 0, 1, 19.09, 16107, 58, 0, 0
862, 115, 1, 5, 0, 0, 0.09%, 0, 0, 1, 18.66, 16203, 58, 0, 0
867, 116, 1, 5, 0, 0, 0.09%, 0, 0, 1, 19.01, 16301, 58, 0, 0
872, 116, 1, 5, 0, 0, 0.09%, 0, 0, 1, 18.91, 16399, 58, 0, 0
877, 117, 1, 5, 0, 0, 0.09%, 0, 0, 1, 18.89, 16496, 58, 0, 0
882, 118, 1, 5, 0, 0, 0.09%, 0, 0, 1, 18.76, 16591, 58, 0, 0
887, 118, 1, 5, 0, 0, 0.09%, 0, 0, 1, 18.49, 16684, 58, 0, 0
892, 119, 1, 5, 0, 0, 0.09%, 0, 0, 1, 18.51, 16778, 58, 0, 0
897, 120, 1, 5, 0, 0, 0.09%, 0, 0, 1, 18.01, 16852, 58, 0, 0
