# relative_time, cycles_done, cur_item, corpus_count, pending_total, pending_favs, map_size, saved_crashes, saved_hangs, max_depth, execs_per_sec, total_execs, edges_found, total_crashes, servers_count
61, 13, 0, 5, 0, 0, 0.09%, 0, 0, 1, 40.23, 2441, 60, 0, 0
66, 14, 0, 5, 0, 0, 0.09%, 0, 0, 1, 38.46, 2638, 60, 0, 0
71, 15, 0, 5, 0, 0, 0.09%, 0, 0, 1, 41.65, 2859, 60, 0, 0
76, 17, 1, 5, 0, 0, 0.09%, 0, 0, 1, 41.49, 3081, 60, 0, 0
81, 18, 1, 5, 0, 0, 0.09%, 0, 0, 1, 42.09, 3296, 60, 0, 0
86, 19, 0, 5, 0, 0, 0.09%, 0, 0, 1, 33.58, 3458, 60, 0, 0
91, 20, 0, 5, 0, 0, 0.09%, 0, 0, 1, 39.19, 3664, 60, 0, 0
96, 21, 0, 5, 0, 0, 0.09%, 0, 0, 1, 43.48, 3887, 60, 0, 0
101, 23, 0, 5, 0, 0, 0.09%, 0, 0, 1, 43.17, 4100, 60, 0, 0
107, 24, 1, 5, 0, 0, 0.09%, 0, 0, 1, 39.20, 4307, 60, 0, 0
112, 25, 0, 5, 0, 0, 0.09%, 0, 0, 1, 41.00, 4516, 60, 0, 0
117, 26, 0, 5, 0, 0, 0.09%, 0, 0, 1, 43.38, 4738, 60, 0, 0
122, 28, 0, 5, 0, 0, 0.09%, 0, 0, 1, 43.08, 4949, 60, 0, 0
127, 29, 1, 5, 0, 0, 0.09%, 0, 0, 1, 43.82, 5177, 60, 0, 0
132, 30, 1, 5, 0, 0, 0.09%, 0, 0, 1, 43.21, 5386, 60, 0, 0
137, 31, 1, 5, 0, 0, 0.09%, 0, 0, 1, 42.49, 5599, 60, 0, 0
142, 33, 0, 5, 0, 0, 0.09%, 0, 0, 1, 41.47, 5807, 60, 0, 0
148, 34, 0, 5, 0, 0, 0.09%, 0, 0, 1, 43.08, 6032, 60, 0, 0
153, 35, 1, 5, 0, 0, 0.09%, 0, 0, 1, 37.67, 6223, 60, 0, 0
158, 36, 0, 5, 0, 0, 0.09%, 0, 0, 1, 42.95, 6445, 60, 0, 0
163, 37, 0, 5, 0, 0, 0.09%, 0, 0, 1, 40.69, 6655, 60, 0, 0
168, 38, 1, 5, 0, 0, 0.09%, 0, 0, 1, 35.62, 6826, 60, 0, 0
173, 40, 1, 5, 0, 0, 0.09%, 0, 0, 1, 42.11, 7048, 60, 0, 0
178, 41, 1, 5, 0, 0, 0.09%, 0, 0, 1, 39.32, 7249, 60, 0, 0
183, 42, 1, 5, 0, 0, 0.09%, 0, 0, 1, 40.44, 7461, 60, 0, 0
189, 43, 1, 5, 0, 0, 0.09%, 0, 0, 1, 43.18, 7687, 60, 0, 0
194, 45, 0, 5, 0, 0, 0.09%, 0, 0, 1, 41.95, 7894, 60, 0, 0
199, 46, 1, 5, 0, 0, 0.09%, 0, 0, 1, 40.12, 8100, 60, 0, 0
204, 47, 1, 5, 0, 0, 0.09%, 0, 0, 1, 41.26, 8314, 60, 0, 0
209, 48, 1, 5, 0, 0, 0.09%, 0, 0, 1, 42.29, 8519, 60, 0, 0
214, 49, 1, 5, 0, 0, 0.09%, 0, 0, 1, 41.85, 8726, 60, 0, 0
219, 51, 0, 5, 0, 0, 0.09%, 0, 0, 1, 45.09, 8959, 60, 0, 0
224, 52, 1, 5, 0, 0, 0.09%, 0, 0, 1, 38.04, 9161, 60, 0, 0
230, 53, 1, 5, 0, 0, 0.09%, 0, 0, 1, 41.01, 9380, 60, 0, 0
235, 55, 1, 5, 0, 0, 0.09%, 0, 0, 1, 42.57, 9605, 60, 0, 0
240, 56, 0, 5, 0, 0, 0.09%, 0, 0, 1, 40.72, 9814, 60, 0, 0
245, 57, 1, 5, 0, 0, 0.09%, 0, 0, 1, 42.39, 10031, 60, 0, 0
250, 58, 1, 5, 0, 0, 0.09%, 0, 0, 1, 39.35, 10230, 60, 0, 0
255, 60, 0, 5, 0, 0, 0.09%, 0, 0, 1, 41.59, 10444, 60, 0, 0
260, 61, 0, 5, 0, 0, 0.09%, 0, 0, 1, 44.04, 10669, 60, 0, 0
265, 62, 0, 5, 0, 0, 0.09%, 0, 0, 1, 41.48, 10875, 60, 0, 0
270, 63, 0, 5, 0, 0, 0.09%, 0, 0, 1, 44.55, 11098, 60, 0, 0
275, 64, 1, 5, 0, 0, 0.09%, 0, 0, 1, 41.99, 11309, 60, 0, 0
280, 65, 1, 5, 0, 0, 0.09%, 0, 0, 1, 43.99, 11534, 60, 0, 0
286, 67, 1, 5, 0, 0, 0.09%, 0, 0, 1, 40.50, 11742, 60, 0, 0
291, 68, 0, 5, 0, 0, 0.09%, 0, 0, 1, 40.19, 11947, 60, 0, 0
296, 69, 0, 5, 0, 0, 0.09%, 0, 0, 1, 43.55, 12173, 60, 0, 0
301, 70, 1, 5, 0, 0, 0.09%, 0, 0, 1, 42.53, 12391, 60, 0, 0
306, 71, 1, 5, 0, 0, 0.09%, 0, 0, 1, 41.42, 12611, 60, 0, 0
311, 73, 0, 5, 0, 0, 0.09%, 0, 0, 1, 42.49, 12827, 60, 0, 0
316, 74, 0, 5, 0, 0, 0.09%, 0, 0, 1, 43.57, 13043, 60, 0, 0
321, 75, 1, 5, 0, 0, 0.09%, 0, 0, 1, 40.27, 13249, 60, 0, 0
326, 76, 1, 5, 0, 0, 0.09%, 0, 0, 1, 37.95, 13450, 60, 0, 0
331, 77, 1, 5, 0, 0, 0.09%, 0, 0, 1, 42.28, 13670, 60, 0, 0
336, 79, 1, 5, 0, 0, 0.09%, 0, 0, 1, 44.47, 13898, 60, 0, 0
342, 80, 0, 5, 0, 0, 0.09%, 0, 0, 1, 46.71, 14130, 60, 0, 0
347, 81, 0, 5, 0, 0, 0.09%, 0, 0, 1, 38.61, 14310, 60, 0, 0
352, 82, 1, 5, 0, 0, 0.09%, 0, 0, 1, 37.85, 14512, 60, 0, 0
357, 84, 1, 5, 0, 0, 0.09%, 0, 0, 1, 38.67, 14717, 60, 0, 0
362, 85, 0, 5, 0, 0, 0.09%, 0, 0, 1, 42.25, 14937, 60, 0, 0
367, 86, 0, 5, 0, 0, 0.09%, 0, 0, 1, 41.83, 15151, 60, 0, 0
372, 87, 0, 5, 0, 0, 0.09%, 0, 0, 1, 41.55, 15361, 60, 0, 0
377, 88, 1, 5, 0, 0, 0.09%, 0, 0, 1, 42.42, 15573, 60, 0, 0
382, 90, 1, 5, 0, 0, 0.09%, 0, 0, 1, 42.05, 15786, 60, 0, 0
387, 91, 0, 5, 0, 0, 0.09%, 0, 0, 1, 44.43, 16011, 60, 0, 0
393, 92, 1, 5, 0, 0, 0.09%, 0, 0, 1, 38.45, 16207, 60, 0, 0
398, 93, 0, 5, 0, 0, 0.09%, 0, 0, 1, 38.69, 16407, 60, 0, 0
403, 94, 1, 5, 0, 0, 0.09%, 0, 0, 1, 40.14, 16620, 60, 0, 0
408, 96, 1, 5, 0, 0, 0.09%, 0, 0, 1, 39.27, 16831, 60, 0, 0
413, 97, 0, 5, 0, 0, 0.09%, 0, 0, 1, 41.59, 17048, 60, 0, 0
418, 98, 0, 5, 0, 0, 0.09%, 0, 0, 1, 40.70, 17255, 60, 0, 0
424, 99, 1, 5, 0, 0, 0.09%, 0, 0, 1, 39.35, 17457, 60, 0, 0
429, 101, 0, 5, 0, 0, 0.09%, 0, 0, 1, 40.29, 17657, 60, 0, 0
434, 102, 1, 5, 0, 0, 0.09%, 0, 0, 1, 43.73, 17881, 60, 0, 0
439, 103, 1, 5, 0, 0, 0.09%, 0, 0, 1, 40.93, 18084, 60, 0, 0
444, 104, 0, 5, 0, 0, 0.09%, 0, 0, 1, 41.96, 18298, 60, 0, 0
449, 106, 0, 5, 0, 0, 0.09%, 0, 0, 1, 44.68, 18527, 60, 0, 0
454, 107, 1, 5, 0, 0, 0.09%, 0, 0, 1, 38.66, 18724, 60, 0, 0
459, 108, 1, 5, 0, 0, 0.09%, 0, 0, 1, 40.06, 18927, 60, 0, 0
465, 109, 0, 5, 0, 0, 0.09%, 0, 0, 1, 43.61, 19152, 60, 0, 0
470, 111, 0, 5, 0, 0, 0.09%, 0, 0, 1, 41.74, 19367, 60, 0, 0
475, 112, 1, 5, 0, 0, 0.09%, 0, 0, 1, 42.02, 19587, 60, 0, 0
480, 113, 1, 5, 0, 0, 0.09%, 0, 0, 1, 44.32, 19813, 60, 0, 0
485, 114, 0, 5, 0, 0, 0.09%, 0, 0, 1, 40.06, 20017, 60, 0, 0
490, 115, 1, 5, 0, 0, 0.09%, 0, 0, 1, 40.29, 20222, 60, 0, 0
495, 117, 0, 5, 0, 0, 0.09%, 0, 0, 1, 39.05, 20418, 60, 0, 0
500, 118, 1, 5, 0, 0, 0.09%, 0, 0, 1, 38.08, 20612, 60, 0, 0
505, 119, 0, 5, 0, 0, 0.09%, 0, 0, 1, 41.11, 20827, 60, 0, 0
511, 120, 0, 5, 0, 0, 0.09%, 0, 0, 1, 42.81, 21047, 60, 0, 0
516, 121, 1, 5, 0, 0, 0.09%, 0, 0, 1, 44.08, 21263, 60, 0, 0
521, 123, 0, 5, 0, 0, 0.09%, 0, 0, 1, 42.22, 21469, 60, 0, 0
526, 124, 0, 5, 0, 0, 0.09%, 0, 0, 1, 43.60, 21689, 60, 0, 0
531, 125, 0, 5, 0, 0, 0.09%, 0, 0, 1, 43.29, 21908, 60, 0, 0
536, 127, 0, 5, 0, 0, 0.09%, 0, 0, 1, 42.48, 22127, 60, 0, 0
541, 128, 0, 5, 0, 0, 0.09%, 0, 0, 1, 45.91, 22359, 60, 0, 0
546, 129, 0, 5, 0, 0, 0.09%, 0, 0, 1, 45.62, 22585, 60, 0, 0
551, 130, 1, 5, 0, 0, 0.09%, 0, 0, 1, 45.75, 22822, 60, 0, 0
556, 132, 0, 5, 0, 0, 0.09%, 0, 0, 1, 42.18, 23029, 60, 0, 0
561, 133, 0, 5, 0, 0, 0.09%, 0, 0, 1, 43.21, 23256, 60, 0, 0
567, 134, 1, 5, 0, 0, 0.09%, 0, 0, 1, 41.64, 23469, 60, 0, 0
572, 135, 0, 5, 0, 0, 0.09%, 0, 0, 1, 43.41, 23689, 60, 0, 0
577, 136, 0, 5, 0, 0, 0.09%, 0, 0, 1, 45.43, 23922, 60, 0, 0
582, 138, 1, 5, 0, 0, 0.09%, 0, 0, 1, 36.94, 24112, 60, 0, 0
587, 139, 1, 5, 0, 0, 0.09%, 0, 0, 1, 39.83, 24321, 60, 0, 0
592, 140, 1, 5, 0, 0, 0.09%, 0, 0, 1, 38.11, 24504, 60, 0, 0
597, 141, 1, 5, 0, 0, 0.09%, 0, 0, 1, 43.42, 24732, 60, 0, 0
602, 143, 1, 5, 0, 0, 0.09%, 0, 0, 1, 41.55, 24947, 60, 0, 0
608, 144, 1, 5, 0, 0, 0.09%, 0, 0, 1, 39.52, 25142, 60, 0, 0
613, 145, 0, 5, 0, 0, 0.09%, 0, 0, 1, 40.30, 25350, 60, 0, 0
618, 146, 1, 5, 0, 0, 0.09%, 0, 0, 1, 39.61, 25557, 60, 0, 0
623, 147, 0, 5, 0, 0, 0.09%, 0, 0, 1, 37.78, 25754, 60, 0, 0
628, 149, 1, 5, 0, 0, 0.09%, 0, 0, 1, 42.49, 25975, 60, 0, 0
633, 150, 0, 5, 0, 0, 0.09%, 0, 0, 1, 38.79, 26163, 60, 0, 0
638, 151, 0, 5, 0, 0, 0.09%, 0, 0, 1, 39.07, 26363, 60, 0, 0
643, 152, 1, 5, 0, 0, 0.09%, 0, 0, 1, 42.21, 26582, 60, 0, 0
648, 153, 0, 5, 0, 0, 0.09%, 0, 0, 1, 44.51, 26806, 60, 0, 0
653, 155, 0, 5, 0, 0, 0.09%, 0, 0, 1, 44.13, 27025, 60, 0, 0
659, 156, 0, 5, 0, 0, 0.09%, 0, 0, 1, 44.84, 27252, 60, 0, 0
664, 157, 1, 5, 0, 0, 0.09%, 0, 0, 1, 44.63, 27479, 60, 0, 0
669, 158, 0, 5, 0, 0, 0.09%, 0, 0, 1, 45.95, 27709, 60, 0, 0
674, 159, 0, 5, 0, 0, 0.09%, 0, 0, 1, 44.44, 27930, 60, 0, 0
679, 161, 0, 5, 0, 0, 0.09%, 0, 0, 1, 42.31, 28150, 60, 0, 0
684, 162, 1, 5, 0, 0, 0.09%, 0, 0, 1, 40.67, 28354, 60, 0, 0
689, 163, 1, 5, 0, 0, 0.09%, 0, 0, 1, 44.53, 28590, 60, 0, 0
694, 164, 1, 5, 0, 0, 0.09%, 0, 0, 1, 41.62, 28795, 60, 0, 0
700, 166, 0, 5, 0, 0, 0.09%, 0, 0, 1, 40.57, 29006, 60, 0, 0
705, 167, 1, 5, 0, 0, 0.09%, 0, 0, 1, 41.06, 29216, 60, 0, 0
710, 168, 0, 5, 0, 0, 0.09%, 0, 0, 1, 41.00, 29424, 60, 0, 0
715, 169, 0, 5, 0, 0, 0.09%, 0, 0, 1, 41.50, 29629, 60, 0, 0
720, 170, 0, 5, 0, 0, 0.09%, 0, 0, 1, 43.29, 29849, 60, 0, 0
725, 172, 0, 5, 0, 0, 0.09%, 0, 0, 1, 43.05, 30055, 60, 0, 0
730, 173, 0, 5, 0, 0, 0.09%, 0, 0, 1, 41.27, 30255, 60, 0, 0
735, 174, 0, 5, 0, 0, 0.09%, 0, 0, 1, 39.95, 30461, 60, 0, 0
740, 175, 1, 5, 0, 0, 0.09%, 0, 0, 1, 37.60, 30635, 60, 0, 0
745, 176, 0, 5, 0, 0, 0.09%, 0, 0, 1, 39.58, 30833, 60, 0, 0
750, 177, 0, 5, 0, 0, 0.09%, 0, 0, 1, 43.84, 31051, 60, 0, 0
756, 178, 1, 5, 0, 0, 0.09%, 0, 0, 1, 42.06, 31259, 60, 0, 0
761, 180, 0, 5, 0, 0, 0.09%, 0, 0, 1, 40.95, 31456, 60, 0, 0
766, 181, 1, 5, 0, 0, 0.09%, 0, 0, 1, 37.06, 31640, 60, 0, 0
771, 182, 0, 5, 0, 0, 0.09%, 0, 0, 1, 39.25, 31838, 60, 0, 0
776, 183, 0, 5, 0, 0, 0.09%, 0, 0, 1, 40.53, 32044, 60, 0, 0
781, 184, 0, 5, 0, 0, 0.09%, 0, 0, 1, 43.51, 32265, 60, 0, 0
786, 185, 0, 5, 0, 0, 0.09%, 0, 0, 1, 38.92, 32459, 60, 0, 0
791, 186, 0, 5, 0, 0, 0.09%, 0, 0, 1, 40.66, 32660, 60, 0, 0
796, 187, 1, 5, 0, 0, 0.09%, 0, 0, 1, 41.54, 32877, 60, 0, 0
802, 189, 1, 5, 0, 0, 0.09%, 0, 0, 1, 44.28, 33110, 60, 0, 0
807, 190, 1, 5, 0, 0, 0.09%, 0, 0, 1, 44.88, 33337, 60, 0, 0
812, 191, 1, 5, 0, 0, 0.09%, 0, 0, 1, 41.01, 33533, 60, 0, 0
817, 192, 1, 5, 0, 0, 0.09%, 0, 0, 1, 38.90, 33730, 60, 0, 0
822, 194, 0, 5, 0, 0, 0.09%, 0, 0, 1, 40.46, 33941, 60, 0, 0
827, 195, 0, 5, 0, 0, 0.09%, 0, 0, 1, 41.47, 34152, 60, 0, 0
832, 196, 1, 5, 0, 0, 0.09%, 0, 0, 1, 43.07, 34373, 60, 0, 0
837, 197, 0, 5, 0, 0, 0.09%, 0, 0, 1, 40.08, 34575, 60, 0, 0
842, 199, 0, 5, 0, 0, 0.09%, 0, 0, 1, 41.60, 34787, 60, 0, 0
847, 200, 0, 5, 0, 0, 0.09%, 0, 0, 1, 42.66, 35007, 60, 0, 0
852, 201, 0, 5, 0, 0, 0.09%, 0, 0, 1, 42.53, 35225, 60, 0, 0
857, 202, 0, 5, 0, 0, 0.09%, 0, 0, 1, 38.75, 35418, 60, 0, 0
863, 203, 1, 5, 0, 0, 0.09%, 0, 0, 1, 37.14, 35619, 60, 0, 0
868, 205, 0, 5, 0, 0, 0.09%, 0, 0, 1, 41.59, 35844, 60, 0, 0
873, 206, 1, 5, 0, 0, 0.09%, 0, 0, 1, 43.51, 36069, 60, 0, 0
878, 207, 0, 5, 0, 0, 0.09%, 0, 0, 1, 36.06, 36258, 60, 0, 0
883, 208, 1, 5, 0, 0, 0.09%, 0, 0, 1, 35.51, 36448, 60, 0, 0
888, 209, 1, 5, 0, 0, 0.09%, 0, 0, 1, 35.94, 36628, 60, 0, 0
893, 210, 1, 5, 0, 0, 0.09%, 0, 0, 1, 39.22, 36831, 60, 0, 0
897, 211, 0, 5, 0, 0, 0.09%, 0, 0, 1, 44.14, 36986, 60, 0, 0
