# relative_time, cycles_done, cur_item, corpus_count, pending_total, pending_favs, map_size, saved_crashes, saved_hangs, max_depth, execs_per_sec, total_execs, edges_found, total_crashes, servers_count
60, 10, 1, 5, 0, 0, 0.10%, 0, 0, 1, 26.34, 1569, 63, 0, 0
65, 11, 1, 5, 0, 0, 0.10%, 0, 0, 1, 26.31, 1701, 63, 0, 0
70, 12, 1, 5, 0, 0, 0.10%, 0, 0, 1, 26.35, 1833, 63, 0, 0
75, 13, 1, 5, 0, 0, 0.10%, 0, 0, 1, 25.19, 1960, 63, 0, 0
80, 14, 1, 5, 0, 0, 0.10%, 0, 0, 1, 24.96, 2086, 63, 0, 0
85, 15, 1, 5, 0, 0, 0.10%, 0, 0, 1, 24.98, 2211, 63, 0, 0
91, 16, 1, 5, 0, 0, 0.10%, 0, 0, 1, 24.90, 2337, 63, 0, 0
96, 17, 1, 5, 0, 0, 0.10%, 0, 0, 1, 24.92, 2465, 63, 0, 0
101, 18, 1, 5, 0, 0, 0.10%, 0, 0, 1, 25.45, 2592, 63, 0, 0
106, 19, 1, 5, 0, 0, 0.10%, 0, 0, 1, 26.45, 2730, 63, 0, 0
111, 20, 1, 5, 0, 0, 0.10%, 0, 0, 1, 26.72, 2868, 63, 0, 0
116, 21, 1, 5, 0, 0, 0.10%, 0, 0, 1, 26.81, 3006, 63, 0, 0
121, 22, 1, 5, 0, 0, 0.10%, 0, 0, 1, 26.78, 3144, 63, 0, 0
126, 23, 1, 5, 0, 0, 0.10%, 0, 0, 1, 26.78, 3282, 63, 0, 0
132, 24, 1, 5, 0, 0, 0.10%, 0, 0, 1, 26.77, 3420, 63, 0, 0
137, 25, 1, 5, 0, 0, 0.10%, 0, 0, 1, 26.82, 3558, 63, 0, 0
142, 26, 1, 5, 0, 0, 0.10%, 0, 0, 1, 26.70, 3696, 63, 0, 0
147, 27, 1, 5, 0, 0, 0.10%, 0, 0, 1, 26.64, 3834, 63, 0, 0
152, 28, 1, 5, 0, 0, 0.10%, 0, 0, 1, 26.59, 3972, 63, 0, 0
157, 29, 1, 5, 0, 0, 0.10%, 0, 0, 1, 26.58, 4110, 63, 0, 0
163, 30, 1, 5, 0, 0, 0.10%, 0, 0, 1, 26.54, 4248, 63, 0, 0
168, 31, 1, 5, 0, 0, 0.10%, 0, 0, 1, 26.54, 4386, 63, 0, 0
173, 32, 1, 5, 0, 0, 0.10%, 0, 0, 1, 26.47, 4524, 63, 0, 0
178, 33, 1, 5, 0, 0, 0.10%, 0, 0, 1, 26.53, 4662, 63, 0, 0
183, 34, 1, 5, 0, 0, 0.10%, 0, 0, 1, 26.73, 4800, 63, 0, 0
189, 35, 1, 5, 0, 0, 0.10%, 0, 0, 1, 26.97, 4938, 63, 0, 0
194, 35, 1, 5, 0, 0, 0.10%, 0, 0, 1, 27.07, 5076, 63, 0, 0
199, 36, 1, 5, 0, 0, 0.10%, 0, 0, 1, 27.11, 5214, 63, 0, 0
204, 37, 1, 5, 0, 0, 0.10%, 0, 0, 1, 27.09, 5352, 63, 0, 0
209, 38, 1, 5, 0, 0, 0.10%, 0, 0, 1, 27.12, 5490, 63, 0, 0
214, 39, 1, 5, 0, 0, 0.10%, 0, 0, 1, 27.10, 5628, 63, 0, 0
219, 40, 1, 5, 0, 0, 0.10%, 0, 0, 1, 27.05, 5766, 63, 0, 0
224, 41, 1, 5, 0, 0, 0.10%, 0, 0, 1, 27.06, 5904, 63, 0, 0
229, 42, 1, 5, 0, 0, 0.10%, 0, 0, 1, 27.03, 6042, 63, 0, 0
234, 43, 1, 5, 0, 0, 0.10%, 0, 0, 1, 27.03, 6180, 63, 0, 0
240, 44, 1, 5, 0, 0, 0.10%, 0, 0, 1, 27.06, 6318, 63, 0, 0
245, 45, 1, 5, 0, 0, 0.10%, 0, 0, 1, 26.95, 6455, 63, 0, 0
250, 46, 1, 5, 0, 0, 0.10%, 0, 0, 1, 27.06, 6593, 63, 0, 0
255, 47, 1, 5, 0, 0, 0.10%, 0, 0, 1, 26.82, 6731, 63, 0, 0
260, 48, 1, 5, 0, 0, 0.10%, 0, 0, 1, 26.66, 6868, 63, 0, 0
265, 49, 1, 5, 0, 0, 0.10%, 0, 0, 1, 26.64, 7006, 63, 0, 0
270, 50, 1, 5, 0, 0, 0.10%, 0, 0, 1, 26.70, 7144, 63, 0, 0
276, 51, 1, 5, 0, 0, 0.10%, 0, 0, 1, 26.72, 7282, 63, 0, 0
281, 52, 1, 5, 0, 0, 0.10%, 0, 0, 1, 26.74, 7420, 63, 0, 0
286, 53, 1, 5, 0, 0, 0.10%, 0, 0, 1, 26.76, 7558, 63, 0, 0
291, 54, 1, 5, 0, 0, 0.10%, 0, 0, 1, 26.67, 7696, 63, 0, 0
296, 55, 1, 5, 0, 0, 0.10%, 0, 0, 1, 26.69, 7834, 63, 0, 0
301, 56, 1, 5, 0, 0, 0.10%, 0, 0, 1, 26.69, 7972, 63, 0, 0
307, 57, 1, 5, 0, 0, 0.10%, 0, 0, 1, 26.67, 8110, 63, 0, 0
312, 58, 1, 5, 0, 0, 0.10%, 0, 0, 1, 26.67, 8248, 63, 0, 0
317, 59, 1, 5, 0, 0, 0.10%, 0, 0, 1, 26.76, 8386, 63, 0, 0
322, 60, 1, 5, 0, 0, 0.10%, 0, 0, 1, 26.80, 8524, 63, 0, 0
327, 61, 1, 5, 0, 0, 0.10%, 0, 0, 1, 26.78, 8662, 63, 0, 0
332, 62, 1, 5, 0, 0, 0.10%, 0, 0, 1, 26.75, 8800, 63, 0, 0
337, 63, 1, 5, 0, 0, 0.10%, 0, 0, 1, 26.79, 8938, 63, 0, 0
343, 64, 1, 5, 0, 0, 0.10%, 0, 0, 1, 26.76, 9076, 63, 0, 0
348, 65, 1, 5, 0, 0, 0.10%, 0, 0, 1, 26.77, 9214, 63, 0, 0
353, 66, 1, 5, 0, 0, 0.10%, 0, 0, 1, 26.83, 9352, 63, 0, 0
358, 67, 1, 5, 0, 0, 0.10%, 0, 0, 1, 26.85, 9490, 63, 0, 0
363, 68, 1, 5, 0, 0, 0.10%, 0, 0, 1, 26.83, 9628, 63, 0, 0
368, 69, 1, 5, 0, 0, 0.10%, 0, 0, 1, 26.86, 9766, 63, 0, 0
373, 70, 1, 5, 0, 0, 0.10%, 0, 0, 1, 26.82, 9904, 63, 0, 0
379, 71, 1, 5, 0, 0, 0.10%, 0, 0, 1, 26.82, 10042, 63, 0, 0
384, 72, 1, 5, 0, 0, 0.10%, 0, 0, 1, 26.83, 10180, 63, 0, 0
389, 73, 1, 5, 0, 0, 0.10%, 0, 0, 1, 26.85, 10318, 63, 0, 0
394, 74, 1, 5, 0, 0, 0.10%, 0, 0, 1, 26.91, 10456, 63, 0, 0
399, 75, 1, 5, 0, 0, 0.10%, 0, 0, 1, 26.88, 10594, 63, 0, 0
404, 76, 1, 5, 0, 0, 0.10%, 0, 0, 1, 26.91, 10732, 63, 0, 0
409, 77, 1, 5, 0, 0, 0.10%, 0, 0, 1, 26.88, 10870, 63, 0, 0
415, 78, 1, 5, 0, 0, 0.10%, 0, 0, 1, 26.88, 11008, 63, 0, 0
420, 79, 1, 5, 0, 0, 0.10%, 0, 0, 1, 26.89, 11146, 63, 0, 0
425, 80, 1, 5, 0, 0, 0.10%, 0, 0, 1, 26.88, 11284, 63, 0, 0
430, 81, 1, 5, 0, 0, 0.10%, 0, 0, 1, 26.88, 11422, 63, 0, 0
435, 82, 1, 5, 0, 0, 0.10%, 0, 0, 1, 26.89, 11560, 63, 0, 0
440, 83, 1, 5, 0, 0, 0.10%, 0, 0, 1, 26.89, 11698, 63, 0, 0
445, 84, 1, 5, 0, 0, 0.10%, 0, 0, 1, 26.90, 11836, 63, 0, 0
450, 85, 1, 5, 0, 0, 0.10%, 0, 0, 1, 26.99, 11974, 63, 0, 0
456, 86, 1, 5, 0, 0, 0.10%, 0, 0, 1, 27.00, 12112, 63, 0, 0
461, 87, 1, 5, 0, 0, 0.10%, 0, 0, 1, 27.03, 12250, 63, 0, 0
466, 88, 1, 5, 0, 0, 0.10%, 0, 0, 1, 27.01, 12388, 63, 0, 0
471, 89, 1, 5, 0, 0, 0.10%, 0, 0, 1, 27.04, 12526, 63, 0, 0
476, 90, 1, 5, 0, 0, 0.10%, 0, 0, 1, 27.08, 12664, 63, 0, 0
481, 91, 1, 5, 0, 0, 0.10%, 0, 0, 1, 27.13, 12802, 63, 0, 0
486, 92, 1, 5, 0, 0, 0.10%, 0, 0, 1, 27.18, 12940, 63, 0, 0
491, 93, 1, 5, 0, 0, 0.10%, 0, 0, 1, 27.21, 13078, 63, 0, 0
496, 94, 1, 5, 0, 0, 0.10%, 0, 0, 1, 27.20, 13216, 63, 0, 0
501, 95, 1, 5, 0, 0, 0.10%, 0, 0, 1, 27.15, 13354, 63, 0, 0
506, 96, 1, 5, 0, 0, 0.10%, 0, 0, 1, 27.19, 13492, 63, 0, 0
512, 97, 1, 5, 0, 0, 0.10%, 0, 0, 1, 27.21, 13630, 63, 0, 0
517, 98, 1, 5, 0, 0, 0.10%, 0, 0, 1, 27.23, 13768, 63, 0, 0
522, 99, 1, 5, 0, 0, 0.10%, 0, 0, 1, 27.20, 13906, 63, 0, 0
527, 100, 1, 5, 0, 0, 0.10%, 0, 0, 1, 27.24, 14044, 63, 0, 0
532, 101, 1, 5, 0, 0, 0.10%, 0, 0, 1, 27.18, 14182, 63, 0, 0
537, 102, 1, 5, 0, 0, 0.10%, 0, 0, 1, 27.19, 14320, 63, 0, 0
542, 103, 1, 5, 0, 0, 0.10%, 0, 0, 1, 27.18, 14458, 63, 0, 0
547, 103, 1, 5, 0, 0, 0.10%, 0, 0, 1, 27.21, 14596, 63, 0, 0
552, 104, 1, 5, 0, 0, 0.10%, 0, 0, 1, 27.18, 14734, 63, 0, 0
557, 105, 1, 5, 0, 0, 0.10%, 0, 0, 1, 27.17, 14872, 63, 0, 0
562, 106, 1, 5, 0, 0, 0.10%, 0, 0, 1, 27.19, 15010, 63, 0, 0
567, 107, 1, 5, 0, 0, 0.10%, 0, 0, 1, 27.06, 15148, 63, 0, 0
573, 108, 1, 5, 0, 0, 0.10%, 0, 0, 1, 26.82, 15286, 63, 0, 0
578, 109, 1, 5, 0, 0, 0.10%, 0, 0, 1, 26.81, 15424, 63, 0, 0
583, 110, 1, 5, 0, 0, 0.10%, 0, 0, 1, 26.77, 15562, 63, 0, 0
588, 111, 1, 5, 0, 0, 0.10%, 0, 0, 1, 26.77, 15700, 63, 0, 0
593, 112, 1, 5, 0, 0, 0.10%, 0, 0, 1, 26.73, 15838, 63, 0, 0
598, 113, 1, 5, 0, 0, 0.10%, 0, 0, 1, 26.69, 15976, 63, 0, 0
604, 114, 1, 5, 0, 0, 0.10%, 0, 0, 1, 26.61, 16114, 63, 0, 0
609, 115, 1, 5, 0, 0, 0.10%, 0, 0, 1, 26.40, 16246, 63, 0, 0
614, 116, 1, 5, 0, 0, 0.10%, 0, 0, 1, 26.34, 16378, 63, 0, 0
619, 117, 1, 5, 0, 0, 0.10%, 0, 0, 1, 26.28, 16510, 63, 0, 0
624, 118, 1, 5, 0, 0, 0.10%, 0, 0, 1, 26.31, 16642, 63, 0, 0
629, 119, 1, 5, 0, 0, 0.10%, 0, 0, 1, 26.35, 16774, 63, 0, 0
634, 120, 1, 5, 0, 0, 0.10%, 0, 0, 1, 26.34, 16906, 63, 0, 0
639, 121, 1, 5, 0, 0, 0.10%, 0, 0, 1, 26.35, 17038, 63, 0, 0
644, 122, 1, 5, 0, 0, 0.10%, 0, 0, 1, 26.38, 17170, 63, 0, 0
649, 123, 1, 5, 0, 0, 0.10%, 0, 0, 1, 26.35, 17302, 63, 0, 0
654, 124, 1, 5, 0, 0, 0.10%, 0, 0, 1, 26.56, 17440, 63, 0, 0
659, 125, 1, 5, 0, 0, 0.10%, 0, 0, 1, 26.61, 17578, 63, 0, 0
664, 126, 1, 5, 0, 0, 0.10%, 0, 0, 1, 26.63, 17716, 63, 0, 0
669, 127, 1, 5, 0, 0, 0.10%, 0, 0, 1, 26.65, 17854, 63, 0, 0
675, 128, 1, 5, 0, 0, 0.10%, 0, 0, 1, 26.63, 17992, 63, 0, 0
680, 129, 1, 5, 0, 0, 0.10%, 0, 0, 1, 26.60, 18130, 63, 0, 0
685, 130, 1, 5, 0, 0, 0.10%, 0, 0, 1, 26.58, 18268, 63, 0, 0
690, 131, 1, 5, 0, 0, 0.10%, 0, 0, 1, 26.59, 18406, 63, 0, 0
695, 132, 1, 5, 0, 0, 0.10%, 0, 0, 1, 26.63, 18544, 63, 0, 0
701, 133, 1, 5, 0, 0, 0.10%, 0, 0, 1, 26.59, 18682, 63, 0, 0
706, 134, 1, 5, 0, 0, 0.10%, 0, 0, 1, 26.54, 18820, 63, 0, 0
711, 135, 1, 5, 0, 0, 0.10%, 0, 0, 1, 27.09, 18958, 63, 0, 0
716, 136, 1, 5, 0, 0, 0.10%, 0, 0, 1, 26.90, 19096, 63, 0, 0
721, 137, 1, 5, 0, 0, 0.10%, 0, 0, 1, 26.79, 19234, 63, 0, 0
726, 138, 1, 5, 0, 0, 0.10%, 0, 0, 1, 26.76, 19372, 63, 0, 0
731, 139, 1, 5, 0, 0, 0.10%, 0, 0, 1, 26.78, 19510, 63, 0, 0
737, 140, 1, 5, 0, 0, 0.10%, 0, 0, 1, 26.78, 19648, 63, 0, 0
742, 141, 1, 5, 0, 0, 0.10%, 0, 0, 1, 26.82, 19786, 63, 0, 0
747, 142, 1, 5, 0, 0, 0.10%, 0, 0, 1, 26.80, 19924, 63, 0, 0
752, 143, 1, 5, 0, 0, 0.10%, 0, 0, 1, 26.78, 20062, 63, 0, 0
757, 144, 1, 5, 0, 0, 0.10%, 0, 0, 1, 26.78, 20200, 63, 0, 0
762, 145, 1, 5, 0, 0, 0.10%, 0, 0, 1, 26.82, 20338, 63, 0, 0
767, 145, 1, 5, 0, 0, 0.10%, 0, 0, 1, 27.15, 20476, 63, 0, 0
772, 146, 1, 5, 0, 0, 0.10%, 0, 0, 1, 27.07, 20614, 63, 0, 0
778, 147, 1, 5, 0, 0, 0.10%, 0, 0, 1, 26.90, 20752, 63, 0, 0
783, 148, 1, 5, 0, 0, 0.10%, 0, 0, 1, 26.76, 20890, 63, 0, 0
788, 149, 1, 5, 0, 0, 0.10%, 0, 0, 1, 26.67, 21028, 63, 0, 0
793, 150, 1, 5, 0, 0, 0.10%, 0, 0, 1, 26.62, 21166, 63, 0, 0
798, 151, 1, 5, 0, 0, 0.10%, 0, 0, 1, 26.75, 21304, 63, 0, 0
803, 152, 1, 5, 0, 0, 0.10%, 0, 0, 1, 26.94, 21442, 63, 0, 0
809, 153, 1, 5, 0, 0, 0.10%, 0, 0, 1, 27.01, 21580, 63, 0, 0
814, 154, 1, 5, 0, 0, 0.10%, 0, 0, 1, 27.00, 21718, 63, 0, 0
819, 155, 1, 5, 0, 0, 0.10%, 0, 0, 1, 27.05, 21856, 63, 0, 0
824, 156, 1, 5, 0, 0, 0.10%, 0, 0, 1, 27.05, 21994, 63, 0, 0
829, 157, 1, 5, 0, 0, 0.10%, 0, 0, 1, 27.03, 22132, 63, 0, 0
834, 158, 1, 5, 0, 0, 0.10%, 0, 0, 1, 27.06, 22270, 63, 0, 0
839, 159, 1, 5, 0, 0, 0.10%, 0, 0, 1, 27.06, 22408, 63, 0, 0
844, 160, 1, 5, 0, 0, 0.10%, 0, 0, 1, 27.06, 22546, 63, 0, 0
849, 161, 1, 5, 0, 0, 0.10%, 0, 0, 1, 27.03, 22684, 63, 0, 0
854, 162, 1, 5, 0, 0, 0.10%, 0, 0, 1, 27.06, 22822, 63, 0, 0
860, 163, 1, 5, 0, 0, 0.10%, 0, 0, 1, 26.95, 22960, 63, 0, 0
865, 164, 1, 5, 0, 0, 0.10%, 0, 0, 1, 27.05, 23098, 63, 0, 0
870, 165, 1, 5, 0, 0, 0.10%, 0, 0, 1, 27.14, 23236, 63, 0, 0
875, 166, 1, 5, 0, 0, 0.10%, 0, 0, 1, 27.11, 23374, 63, 0, 0
880, 167, 1, 5, 0, 0, 0.10%, 0, 0, 1, 27.12, 23512, 63, 0, 0
885, 168, 1, 5, 0, 0, 0.10%, 0, 0, 1, 27.11, 23650, 63, 0, 0
890, 169, 1, 5, 0, 0, 0.10%, 0, 0, 1, 26.36, 23785, 63, 0, 0
895, 170, 1, 5, 0, 0, 0.10%, 0, 0, 1, 25.86, 23915, 63, 0, 0
897, 170, 1, 5, 0, 0, 0.10%, 0, 0, 1, 25.04, 23958, 63, 0, 0
