# relative_time, cycles_done, cur_item, corpus_count, pending_total, pending_favs, map_size, saved_crashes, saved_hangs, max_depth, execs_per_sec, total_execs, edges_found, total_crashes, servers_count
61, 15, 1, 5, 0, 0, 0.08%, 0, 0, 1, 35.49, 2228, 53, 0, 0
66, 16, 1, 5, 0, 0, 0.08%, 0, 0, 1, 36.13, 2409, 53, 0, 0
71, 18, 1, 5, 0, 0, 0.08%, 0, 0, 1, 35.80, 2595, 53, 0, 0
76, 19, 1, 5, 0, 0, 0.08%, 0, 0, 1, 35.71, 2778, 53, 0, 0
81, 20, 1, 5, 0, 0, 0.08%, 0, 0, 1, 35.56, 2959, 53, 0, 0
86, 22, 1, 5, 0, 0, 0.08%, 0, 0, 1, 35.72, 3143, 53, 0, 0
92, 23, 1, 5, 0, 0, 0.08%, 0, 0, 1, 35.49, 3326, 53, 0, 0
97, 24, 0, 5, 0, 0, 0.08%, 0, 0, 1, 34.00, 3489, 53, 0, 0
102, 25, 1, 5, 0, 0, 0.08%, 0, 0, 1, 36.09, 3678, 53, 0, 0
107, 27, 0, 5, 0, 0, 0.08%, 0, 0, 1, 35.04, 3862, 53, 0, 0
112, 28, 0, 5, 0, 0, 0.08%, 0, 0, 1, 34.60, 4036, 53, 0, 0
117, 29, 1, 5, 0, 0, 0.08%, 0, 0, 1, 35.59, 4220, 53, 0, 0
122, 31, 1, 5, 0, 0, 0.08%, 0, 0, 1, 36.14, 4407, 53, 0, 0
127, 32, 0, 5, 0, 0, 0.08%, 0, 0, 1, 36.20, 4591, 53, 0, 0
133, 33, 1, 5, 0, 0, 0.08%, 0, 0, 1, 35.65, 4775, 53, 0, 0
138, 35, 1, 5, 0, 0, 0.08%, 0, 0, 1, 36.47, 4963, 53, 0, 0
143, 36, 1, 5, 0, 0, 0.08%, 0, 0, 1, 36.02, 5150, 53, 0, 0
148, 37, 0, 5, 0, 0, 0.08%, 0, 0, 1, 36.24, 5336, 53, 0, 0
153, 39, 1, 5, 0, 0, 0.08%, 0, 0, 1, 35.98, 5521, 53, 0, 0
158, 40, 1, 5, 0, 0, 0.08%, 0, 0, 1, 35.40, 5703, 53, 0, 0
163, 41, 0, 5, 0, 0, 0.08%, 0, 0, 1, 35.58, 5884, 53, 0, 0
169, 43, 1, 5, 0, 0, 0.08%, 0, 0, 1, 36.15, 6068, 53, 0, 0
174, 44, 1, 5, 0, 0, 0.08%, 0, 0, 1, 36.63, 6258, 53, 0, 0
179, 45, 1, 5, 0, 0, 0.08%, 0, 0, 1, 36.34, 6446, 53, 0, 0
184, 47, 0, 5, 0, 0, 0.08%, 0, 0, 1, 36.31, 6629, 53, 0, 0
189, 48, 1, 5, 0, 0, 0.08%, 0, 0, 1, 36.70, 6819, 53, 0, 0
194, 49, 1, 5, 0, 0, 0.08%, 0, 0, 1, 36.55, 7002, 53, 0, 0
199, 51, 0, 5, 0, 0, 0.08%, 0, 0, 1, 36.45, 7185, 53, 0, 0
204, 52, 1, 5, 0, 0, 0.08%, 0, 0, 1, 36.38, 7366, 53, 0, 0
209, 53, 1, 5, 0, 0, 0.08%, 0, 0, 1, 36.49, 7550, 53, 0, 0
214, 54, 1, 5, 0, 0, 0.08%, 0, 0, 1, 35.94, 7737, 53, 0, 0
219, 56, 1, 5, 0, 0, 0.08%, 0, 0, 1, 36.51, 7927, 53, 0, 0
225, 57, 1, 5, 0, 0, 0.08%, 0, 0, 1, 36.68, 8114, 53, 0, 0
230, 58, 1, 5, 0, 0, 0.08%, 0, 0, 1, 36.63, 8300, 53, 0, 0
235, 60, 1, 5, 0, 0, 0.08%, 0, 0, 1, 36.27, 8489, 53, 0, 0
240, 61, 0, 5, 0, 0, 0.08%, 0, 0, 1, 36.05, 8675, 53, 0, 0
245, 63, 1, 5, 0, 0, 0.08%, 0, 0, 1, 36.32, 8863, 53, 0, 0
250, 64, 1, 5, 0, 0, 0.08%, 0, 0, 1, 35.83, 9042, 53, 0, 0
255, 65, 1, 5, 0, 0, 0.08%, 0, 0, 1, 35.98, 9228, 53, 0, 0
261, 66, 1, 5, 0, 0, 0.08%, 0, 0, 1, 36.05, 9413, 53, 0, 0
266, 68, 1, 5, 0, 0, 0.08%, 0, 0, 1, 35.80, 9598, 53, 0, 0
271, 69, 1, 5, 0, 0, 0.08%, 0, 0, 1, 35.84, 9778, 53, 0, 0
276, 70, 1, 5, 0, 0, 0.08%, 0, 0, 1, 34.19, 9952, 53, 0, 0
281, 72, 0, 5, 0, 0, 0.08%, 0, 0, 1, 35.03, 10133, 53, 0, 0
286, 73, 1, 5, 0, 0, 0.08%, 0, 0, 1, 35.89, 10314, 53, 0, 0
291, 74, 1, 5, 0, 0, 0.08%, 0, 0, 1, 35.56, 10497, 53, 0, 0
296, 75, 1, 5, 0, 0, 0.08%, 0, 0, 1, 35.85, 10682, 53, 0, 0
302, 77, 0, 5, 0, 0, 0.08%, 0, 0, 1, 35.46, 10862, 53, 0, 0
307, 78, 1, 5, 0, 0, 0.08%, 0, 0, 1, 35.46, 11041, 53, 0, 0
312, 79, 1, 5, 0, 0, 0.08%, 0, 0, 1, 35.94, 11223, 53, 0, 0
317, 81, 1, 5, 0, 0, 0.08%, 0, 0, 1, 36.78, 11415, 53, 0, 0
322, 82, 1, 5, 0, 0, 0.08%, 0, 0, 1, 36.61, 11599, 53, 0, 0
327, 83, 1, 5, 0, 0, 0.08%, 0, 0, 1, 36.63, 11784, 53, 0, 0
332, 85, 0, 5, 0, 0, 0.08%, 0, 0, 1, 36.65, 11968, 53, 0, 0
337, 86, 1, 5, 0, 0, 0.08%, 0, 0, 1, 36.24, 12152, 53, 0, 0
342, 87, 1, 5, 0, 0, 0.08%, 0, 0, 1, 36.56, 12336, 53, 0, 0
347, 89, 1, 5, 0, 0, 0.08%, 0, 0, 1, 36.62, 12519, 53, 0, 0
352, 90, 0, 5, 0, 0, 0.08%, 0, 0, 1, 36.28, 12709, 53, 0, 0
357, 91, 0, 5, 0, 0, 0.08%, 0, 0, 1, 36.24, 12890, 53, 0, 0
362, 93, 1, 5, 0, 0, 0.08%, 0, 0, 1, 36.06, 13075, 53, 0, 0
368, 94, 1, 5, 0, 0, 0.08%, 0, 0, 1, 36.47, 13265, 53, 0, 0
373, 95, 1, 5, 0, 0, 0.08%, 0, 0, 1, 36.06, 13451, 53, 0, 0
378, 97, 1, 5, 0, 0, 0.08%, 0, 0, 1, 35.95, 13637, 53, 0, 0
383, 98, 0, 5, 0, 0, 0.08%, 0, 0, 1, 35.83, 13821, 53, 0, 0
388, 99, 1, 5, 0, 0, 0.08%, 0, 0, 1, 35.58, 14005, 53, 0, 0
393, 101, 0, 5, 0, 0, 0.08%, 0, 0, 1, 35.41, 14189, 53, 0, 0
399, 102, 0, 5, 0, 0, 0.08%, 0, 0, 1, 35.81, 14376, 53, 0, 0
404, 103, 1, 5, 0, 0, 0.08%, 0, 0, 1, 36.31, 14559, 53, 0, 0
409, 105, 1, 5, 0, 0, 0.08%, 0, 0, 1, 35.71, 14744, 53, 0, 0
414, 106, 1, 5, 0, 0, 0.08%, 0, 0, 1, 36.14, 14932, 53, 0, 0
419, 107, 1, 5, 0, 0, 0.08%, 0, 0, 1, 36.30, 15113, 53, 0, 0
424, 108, 1, 5, 0, 0, 0.08%, 0, 0, 1, 36.20, 15302, 53, 0, 0
429, 110, 1, 5, 0, 0, 0.08%, 0, 0, 1, 36.25, 15491, 53, 0, 0
435, 111, 1, 5, 0, 0, 0.08%, 0, 0, 1, 36.15, 15678, 53, 0, 0
440, 112, 1, 5, 0, 0, 0.08%, 0, 0, 1, 36.30, 15861, 53, 0, 0
445, 114, 0, 5, 0, 0, 0.08%, 0, 0, 1, 35.99, 16043, 53, 0, 0
450, 115, 1, 5, 0, 0, 0.08%, 0, 0, 1, 36.43, 16230, 53, 0, 0
455, 116, 1, 5, 0, 0, 0.08%, 0, 0, 1, 36.40, 16412, 53, 0, 0
460, 118, 0, 5, 0, 0, 0.08%, 0, 0, 1, 36.44, 16595, 53, 0, 0
465, 119, 1, 5, 0, 0, 0.08%, 0, 0, 1, 36.74, 16779, 53, 0, 0
470, 120, 1, 5, 0, 0, 0.08%, 0, 0, 1, 36.39, 16969, 53, 0, 0
475, 122, 0, 5, 0, 0, 0.08%, 0, 0, 1, 35.96, 17154, 53, 0, 0
481, 123, 1, 5, 0, 0, 0.08%, 0, 0, 1, 35.91, 17341, 53, 0, 0
486, 124, 1, 5, 0, 0, 0.08%, 0, 0, 1, 35.84, 17521, 53, 0, 0
491, 126, 1, 5, 0, 0, 0.08%, 0, 0, 1, 36.61, 17711, 53, 0, 0
496, 127, 1, 5, 0, 0, 0.08%, 0, 0, 1, 37.50, 17903, 53, 0, 0
501, 128, 0, 5, 0, 0, 0.08%, 0, 0, 1, 36.72, 18088, 53, 0, 0
506, 130, 1, 5, 0, 0, 0.08%, 0, 0, 1, 35.75, 18271, 53, 0, 0
511, 131, 1, 5, 0, 0, 0.08%, 0, 0, 1, 36.55, 18463, 53, 0, 0
516, 132, 1, 5, 0, 0, 0.08%, 0, 0, 1, 36.04, 18648, 53, 0, 0
522, 134, 0, 5, 0, 0, 0.08%, 0, 0, 1, 35.59, 18831, 53, 0, 0
527, 135, 1, 5, 0, 0, 0.08%, 0, 0, 1, 35.71, 19015, 53, 0, 0
532, 136, 1, 5, 0, 0, 0.08%, 0, 0, 1, 36.19, 19204, 53, 0, 0
537, 138, 1, 5, 0, 0, 0.08%, 0, 0, 1, 35.42, 19382, 53, 0, 0
542, 139, 1, 5, 0, 0, 0.08%, 0, 0, 1, 35.61, 19565, 53, 0, 0
547, 140, 1, 5, 0, 0, 0.08%, 0, 0, 1, 35.97, 19752, 53, 0, 0
552, 142, 1, 5, 0, 0, 0.08%, 0, 0, 1, 35.64, 19933, 53, 0, 0
558, 143, 0, 5, 0, 0, 0.08%, 0, 0, 1, 35.42, 20114, 53, 0, 0
563, 144, 1, 5, 0, 0, 0.08%, 0, 0, 1, 35.74, 20297, 53, 0, 0
568, 145, 1, 5, 0, 0, 0.08%, 0, 0, 1, 35.13, 20476, 53, 0, 0
573, 147, 1, 5, 0, 0, 0.08%, 0, 0, 1, 35.04, 20655, 53, 0, 0
578, 148, 1, 5, 0, 0, 0.08%, 0, 0, 1, 35.86, 20842, 53, 0, 0
583, 149, 1, 5, 0, 0, 0.08%, 0, 0, 1, 35.80, 21027, 53, 0, 0
588, 151, 0, 5, 0, 0, 0.08%, 0, 0, 1, 36.06, 21212, 53, 0, 0
593, 152, 1, 5, 0, 0, 0.08%, 0, 0, 1, 36.63, 21403, 53, 0, 0
599, 153, 1, 5, 0, 0, 0.08%, 0, 0, 1, 35.94, 21589, 53, 0, 0
604, 155, 1, 5, 0, 0, 0.08%, 0, 0, 1, 34.23, 21764, 53, 0, 0
609, 156, 1, 5, 0, 0, 0.08%, 0, 0, 1, 34.41, 21934, 53, 0, 0
614, 157, 1, 5, 0, 0, 0.08%, 0, 0, 1, 35.74, 22115, 53, 0, 0
619, 158, 1, 5, 0, 0, 0.08%, 0, 0, 1, 35.91, 22296, 53, 0, 0
624, 160, 1, 5, 0, 0, 0.08%, 0, 0, 1, 35.49, 22480, 53, 0, 0
629, 161, 1, 5, 0, 0, 0.08%, 0, 0, 1, 35.91, 22666, 53, 0, 0
634, 162, 1, 5, 0, 0, 0.08%, 0, 0, 1, 35.82, 22850, 53, 0, 0
640, 164, 0, 5, 0, 0, 0.08%, 0, 0, 1, 35.82, 23035, 53, 0, 0
645, 165, 0, 5, 0, 0, 0.08%, 0, 0, 1, 36.02, 23216, 53, 0, 0
650, 166, 1, 5, 0, 0, 0.08%, 0, 0, 1, 36.29, 23404, 53, 0, 0
655, 168, 1, 5, 0, 0, 0.08%, 0, 0, 1, 36.20, 23586, 53, 0, 0
660, 169, 1, 5, 0, 0, 0.08%, 0, 0, 1, 36.70, 23777, 53, 0, 0
665, 170, 1, 5, 0, 0, 0.08%, 0, 0, 1, 36.33, 23958, 53, 0, 0
670, 172, 1, 5, 0, 0, 0.08%, 0, 0, 1, 36.40, 24142, 53, 0, 0
675, 173, 1, 5, 0, 0, 0.08%, 0, 0, 1, 36.37, 24324, 53, 0, 0
680, 174, 1, 5, 0, 0, 0.08%, 0, 0, 1, 36.26, 24514, 53, 0, 0
685, 176, 0, 5, 0, 0, 0.08%, 0, 0, 1, 35.82, 24700, 53, 0, 0
691, 177, 1, 5, 0, 0, 0.08%, 0, 0, 1, 36.24, 24888, 53, 0, 0
696, 178, 0, 5, 0, 0, 0.08%, 0, 0, 1, 36.22, 25075, 53, 0, 0
701, 180, 1, 5, 0, 0, 0.08%, 0, 0, 1, 35.19, 25254, 53, 0, 0
706, 181, 1, 5, 0, 0, 0.08%, 0, 0, 1, 35.54, 25436, 53, 0, 0
711, 182, 1, 5, 0, 0, 0.08%, 0, 0, 1, 34.47, 25606, 53, 0, 0
716, 183, 1, 5, 0, 0, 0.08%, 0, 0, 1, 35.57, 25794, 53, 0, 0
721, 185, 1, 5, 0, 0, 0.08%, 0, 0, 1, 35.83, 25980, 53, 0, 0
726, 186, 1, 5, 0, 0, 0.08%, 0, 0, 1, 35.81, 26166, 53, 0, 0
732, 187, 1, 5, 0, 0, 0.08%, 0, 0, 1, 36.22, 26349, 53, 0, 0
737, 189, 1, 5, 0, 0, 0.08%, 0, 0, 1, 36.34, 26531, 53, 0, 0
742, 190, 1, 5, 0, 0, 0.08%, 0, 0, 1, 36.58, 26721, 53, 0, 0
747, 191, 1, 5, 0, 0, 0.08%, 0, 0, 1, 36.33, 26903, 53, 0, 0
752, 193, 0, 5, 0, 0, 0.08%, 0, 0, 1, 36.42, 27085, 53, 0, 0
757, 194, 1, 5, 0, 0, 0.08%, 0, 0, 1, 35.58, 27267, 53, 0, 0
762, 195, 1, 5, 0, 0, 0.08%, 0, 0, 1, 35.62, 27453, 53, 0, 0
767, 197, 1, 5, 0, 0, 0.08%, 0, 0, 1, 35.98, 27640, 53, 0, 0
773, 198, 1, 5, 0, 0, 0.08%, 0, 0, 1, 35.97, 27826, 53, 0, 0
778, 199, 1, 5, 0, 0, 0.08%, 0, 0, 1, 36.26, 28013, 53, 0, 0
783, 201, 1, 5, 0, 0, 0.08%, 0, 0, 1, 36.37, 28200, 53, 0, 0
788, 202, 1, 5, 0, 0, 0.08%, 0, 0, 1, 36.03, 28383, 53, 0, 0
793, 203, 1, 5, 0, 0, 0.08%, 0, 0, 1, 35.35, 28561, 53, 0, 0
798, 205, 0, 5, 0, 0, 0.08%, 0, 0, 1, 35.92, 28743, 53, 0, 0
803, 206, 1, 5, 0, 0, 0.08%, 0, 0, 1, 36.62, 28933, 53, 0, 0
808, 207, 1, 5, 0, 0, 0.08%, 0, 0, 1, 36.97, 29123, 53, 0, 0
814, 209, 0, 5, 0, 0, 0.08%, 0, 0, 1, 36.82, 29314, 53, 0, 0
819, 210, 1, 5, 0, 0, 0.08%, 0, 0, 1, 36.64, 29498, 53, 0, 0
824, 211, 1, 5, 0, 0, 0.08%, 0, 0, 1, 36.13, 29683, 53, 0, 0
829, 213, 1, 5, 0, 0, 0.08%, 0, 0, 1, 36.29, 29865, 53, 0, 0
834, 214, 1, 5, 0, 0, 0.08%, 0, 0, 1, 36.32, 30048, 53, 0, 0
839, 215, 1, 5, 0, 0, 0.08%, 0, 0, 1, 36.37, 30231, 53, 0, 0
844, 216, 1, 5, 0, 0, 0.08%, 0, 0, 1, 36.28, 30419, 53, 0, 0
849, 218, 1, 5, 0, 0, 0.08%, 0, 0, 1, 36.39, 30607, 53, 0, 0
854, 219, 1, 5, 0, 0, 0.08%, 0, 0, 1, 36.46, 30795, 53, 0, 0
860, 221, 1, 5, 0, 0, 0.08%, 0, 0, 1, 36.53, 30984, 53, 0, 0
865, 222, 0, 5, 0, 0, 0.08%, 0, 0, 1, 35.98, 31169, 53, 0, 0
870, 223, 1, 5, 0, 0, 0.08%, 0, 0, 1, 35.56, 31353, 53, 0, 0
875, 224, 0, 5, 0, 0, 0.08%, 0, 0, 1, 35.49, 31535, 53, 0, 0
880, 226, 1, 5, 0, 0, 0.08%, 0, 0, 1, 35.97, 31720, 53, 0, 0
885, 227, 1, 5, 0, 0, 0.08%, 0, 0, 1, 36.39, 31909, 53, 0, 0
891, 228, 1, 5, 0, 0, 0.08%, 0, 0, 1, 36.15, 32096, 53, 0, 0
896, 230, 1, 5, 0, 0, 0.08%, 0, 0, 1, 35.45, 32275, 53, 0, 0
897, 230, 1, 5, 0, 0, 0.08%, 0, 0, 1, 34.30, 32334, 53, 0, 0
