# relative_time, cycles_done, cur_item, corpus_count, pending_total, pending_favs, map_size, saved_crashes, saved_hangs, max_depth, execs_per_sec, total_execs, edges_found, total_crashes, servers_count
60, 9, 1, 5, 0, 0, 0.31%, 0, 0, 1, 12.58, 796, 201, 0, 0
65, 9, 1, 5, 0, 0, 0.31%, 0, 0, 1, 12.52, 859, 201, 0, 0
70, 10, 1, 5, 0, 0, 0.31%, 0, 0, 1, 12.48, 922, 201, 0, 0
76, 11, 1, 5, 0, 0, 0.31%, 0, 0, 1, 12.61, 988, 201, 0, 0
81, 12, 1, 5, 0, 0, 0.31%, 0, 0, 1, 12.65, 1054, 201, 0, 0
86, 12, 1, 5, 0, 0, 0.31%, 0, 0, 1, 12.67, 1120, 201, 0, 0
91, 13, 1, 5, 0, 0, 0.31%, 0, 0, 1, 12.67, 1186, 201, 0, 0
96, 14, 1, 5, 0, 0, 0.31%, 0, 0, 1, 12.66, 1252, 201, 0, 0
102, 15, 1, 5, 0, 0, 0.31%, 0, 0, 1, 12.67, 1318, 201, 0, 0
107, 15, 1, 5, 0, 0, 0.31%, 0, 0, 1, 12.53, 1381, 201, 0, 0
112, 16, 1, 5, 0, 0, 0.31%, 0, 0, 1, 12.47, 1444, 201, 0, 0
117, 17, 1, 5, 0, 0, 0.31%, 0, 0, 1, 12.46, 1507, 201, 0, 0
122, 18, 1, 5, 0, 0, 0.31%, 0, 0, 1, 12.46, 1570, 201, 0, 0
127, 18, 1, 5, 0, 0, 0.31%, 0, 0, 1, 12.46, 1633, 201, 0, 0
132, 19, 1, 5, 0, 0, 0.31%, 0, 0, 1, 12.41, 1696, 201, 0, 0
137, 20, 1, 5, 0, 0, 0.31%, 0, 0, 1, 12.38, 1759, 201, 0, 0
142, 21, 1, 5, 0, 0, 0.31%, 0, 0, 1, 12.37, 1822, 201, 0, 0
147, 21, 1, 5, 0, 0, 0.31%, 0, 0, 1, 12.36, 1885, 201, 0, 0
152, 22, 1, 5, 0, 0, 0.31%, 0, 0, 1, 12.38, 1948, 201, 0, 0
157, 23, 1, 5, 0, 0, 0.31%, 0, 0, 1, 12.42, 2011, 201, 0, 0
162, 24, 1, 5, 0, 0, 0.31%, 0, 0, 1, 12.54, 2074, 201, 0, 0
167, 24, 1, 5, 0, 0, 0.31%, 0, 0, 1, 12.58, 2137, 201, 0, 0
172, 25, 1, 5, 0, 0, 0.31%, 0, 0, 1, 12.58, 2200, 201, 0, 0
177, 26, 1, 5, 0, 0, 0.31%, 0, 0, 1, 12.58, 2263, 201, 0, 0
182, 27, 1, 5, 0, 0, 0.31%, 0, 0, 1, 12.57, 2326, 201, 0, 0
187, 27, 1, 5, 0, 0, 0.31%, 0, 0, 1, 12.58, 2389, 201, 0, 0
192, 28, 1, 5, 0, 0, 0.31%, 0, 0, 1, 12.53, 2452, 201, 0, 0
198, 29, 1, 5, 0, 0, 0.31%, 0, 0, 1, 12.51, 2515, 201, 0, 0
203, 30, 1, 5, 0, 0, 0.31%, 0, 0, 1, 12.52, 2578, 201, 0, 0
208, 30, 1, 5, 0, 0, 0.31%, 0, 0, 1, 12.55, 2641, 201, 0, 0
213, 31, 1, 5, 0, 0, 0.31%, 0, 0, 1, 12.53, 2704, 201, 0, 0
218, 32, 1, 5, 0, 0, 0.31%, 0, 0, 1, 12.52, 2767, 201, 0, 0
223, 33, 1, 5, 0, 0, 0.31%, 0, 0, 1, 12.63, 2833, 201, 0, 0
228, 34, 1, 5, 0, 0, 0.31%, 0, 0, 1, 12.66, 2899, 201, 0, 0
233, 34, 1, 5, 0, 0, 0.31%, 0, 0, 1, 12.66, 2965, 201, 0, 0
238, 35, 1, 5, 0, 0, 0.31%, 0, 0, 1, 12.66, 3031, 201, 0, 0
244, 36, 1, 5, 0, 0, 0.31%, 0, 0, 1, 12.67, 3097, 201, 0, 0
249, 37, 1, 5, 0, 0, 0.31%, 0, 0, 1, 12.57, 3160, 201, 0, 0
254, 37, 1, 5, 0, 0, 0.31%, 0, 0, 1, 12.54, 3223, 201, 0, 0
259, 38, 1, 5, 0, 0, 0.31%, 0, 0, 1, 12.54, 3286, 201, 0, 0
264, 39, 1, 5, 0, 0, 0.31%, 0, 0, 1, 12.55, 3349, 201, 0, 0
269, 40, 1, 5, 0, 0, 0.31%, 0, 0, 1, 12.55, 3412, 201, 0, 0
274, 40, 1, 5, 0, 0, 0.31%, 0, 0, 1, 12.54, 3475, 201, 0, 0
279, 41, 1, 5, 0, 0, 0.31%, 0, 0, 1, 12.57, 3538, 201, 0, 0
284, 42, 1, 5, 0, 0, 0.31%, 0, 0, 1, 12.58, 3601, 201, 0, 0
289, 43, 1, 5, 0, 0, 0.31%, 0, 0, 1, 12.58, 3664, 201, 0, 0
294, 43, 1, 5, 0, 0, 0.31%, 0, 0, 1, 12.58, 3727, 201, 0, 0
299, 44, 1, 5, 0, 0, 0.31%, 0, 0, 1, 12.59, 3790, 201, 0, 0
304, 45, 1, 5, 0, 0, 0.31%, 0, 0, 1, 12.55, 3853, 201, 0, 0
309, 46, 1, 5, 0, 0, 0.31%, 0, 0, 1, 12.49, 3916, 201, 0, 0
314, 46, 1, 5, 0, 0, 0.31%, 0, 0, 1, 12.47, 3979, 201, 0, 0
319, 47, 1, 5, 0, 0, 0.31%, 0, 0, 1, 12.46, 4042, 201, 0, 0
324, 48, 1, 5, 0, 0, 0.31%, 0, 0, 1, 12.45, 4105, 201, 0, 0
329, 49, 1, 5, 0, 0, 0.31%, 0, 0, 1, 12.46, 4168, 201, 0, 0
334, 49, 1, 5, 0, 0, 0.31%, 0, 0, 1, 12.46, 4231, 201, 0, 0
339, 50, 1, 5, 0, 0, 0.31%, 0, 0, 1, 12.45, 4294, 201, 0, 0
344, 51, 1, 5, 0, 0, 0.31%, 0, 0, 1, 12.46, 4357, 201, 0, 0
349, 52, 1, 5, 0, 0, 0.31%, 0, 0, 1, 12.49, 4420, 201, 0, 0
354, 52, 1, 5, 0, 0, 0.31%, 0, 0, 1, 12.50, 4483, 201, 0, 0
359, 53, 1, 5, 0, 0, 0.31%, 0, 0, 1, 12.48, 4546, 201, 0, 0
365, 54, 1, 5, 0, 0, 0.31%, 0, 0, 1, 12.54, 4609, 201, 0, 0
370, 55, 1, 5, 0, 0, 0.31%, 0, 0, 1, 12.83, 4675, 201, 0, 0
375, 55, 1, 5, 0, 0, 0.31%, 0, 0, 1, 12.97, 4741, 201, 0, 0
380, 56, 1, 5, 0, 0, 0.31%, 0, 0, 1, 13.00, 4807, 201, 0, 0
385, 57, 1, 5, 0, 0, 0.31%, 0, 0, 1, 13.01, 4873, 201, 0, 0
390, 58, 1, 5, 0, 0, 0.31%, 0, 0, 1, 13.01, 4939, 201, 0, 0
395, 59, 1, 5, 0, 0, 0.31%, 0, 0, 1, 13.00, 5005, 201, 0, 0
400, 59, 1, 5, 0, 0, 0.31%, 0, 0, 1, 13.01, 5071, 201, 0, 0
405, 60, 1, 5, 0, 0, 0.31%, 0, 0, 1, 13.03, 5137, 201, 0, 0
410, 61, 1, 5, 0, 0, 0.31%, 0, 0, 1, 13.01, 5203, 201, 0, 0
415, 62, 1, 5, 0, 0, 0.31%, 0, 0, 1, 13.01, 5269, 201, 0, 0
420, 63, 1, 5, 0, 0, 0.31%, 0, 0, 1, 13.00, 5335, 201, 0, 0
426, 63, 1, 5, 0, 0, 0.31%, 0, 0, 1, 12.88, 5401, 201, 0, 0
431, 64, 1, 5, 0, 0, 0.31%, 0, 0, 1, 12.88, 5467, 201, 0, 0
436, 65, 1, 5, 0, 0, 0.31%, 0, 0, 1, 12.89, 5533, 201, 0, 0
441, 66, 1, 5, 0, 0, 0.31%, 0, 0, 1, 12.87, 5599, 201, 0, 0
446, 66, 1, 5, 0, 0, 0.31%, 0, 0, 1, 12.90, 5665, 201, 0, 0
451, 67, 1, 5, 0, 0, 0.31%, 0, 0, 1, 12.89, 5731, 201, 0, 0
456, 68, 1, 5, 0, 0, 0.31%, 0, 0, 1, 12.90, 5797, 201, 0, 0
461, 69, 1, 5, 0, 0, 0.31%, 0, 0, 1, 12.85, 5863, 201, 0, 0
466, 70, 1, 5, 0, 0, 0.31%, 0, 0, 1, 12.99, 5929, 201, 0, 0
471, 70, 1, 5, 0, 0, 0.31%, 0, 0, 1, 13.06, 5995, 201, 0, 0
477, 71, 1, 5, 0, 0, 0.31%, 0, 0, 1, 13.05, 6061, 201, 0, 0
482, 72, 1, 5, 0, 0, 0.31%, 0, 0, 1, 13.07, 6127, 201, 0, 0
487, 73, 1, 5, 0, 0, 0.31%, 0, 0, 1, 13.05, 6193, 201, 0, 0
492, 74, 1, 5, 0, 0, 0.31%, 0, 0, 1, 13.03, 6259, 201, 0, 0
497, 74, 1, 5, 0, 0, 0.31%, 0, 0, 1, 13.04, 6325, 201, 0, 0
502, 75, 1, 5, 0, 0, 0.31%, 0, 0, 1, 13.02, 6391, 201, 0, 0
507, 76, 1, 5, 0, 0, 0.31%, 0, 0, 1, 13.02, 6457, 201, 0, 0
512, 77, 1, 5, 0, 0, 0.31%, 0, 0, 1, 13.03, 6523, 201, 0, 0
517, 77, 1, 5, 0, 0, 0.31%, 0, 0, 1, 13.03, 6589, 201, 0, 0
522, 78, 1, 5, 0, 0, 0.31%, 0, 0, 1, 13.09, 6655, 201, 0, 0
527, 79, 1, 5, 0, 0, 0.31%, 0, 0, 1, 13.10, 6721, 201, 0, 0
532, 80, 1, 5, 0, 0, 0.31%, 0, 0, 1, 13.10, 6787, 201, 0, 0
537, 81, 1, 5, 0, 0, 0.31%, 0, 0, 1, 13.09, 6853, 201, 0, 0
542, 81, 1, 5, 0, 0, 0.31%, 0, 0, 1, 13.10, 6919, 201, 0, 0
547, 82, 1, 5, 0, 0, 0.31%, 0, 0, 1, 13.03, 6985, 201, 0, 0
552, 83, 1, 5, 0, 0, 0.31%, 0, 0, 1, 13.03, 7051, 201, 0, 0
557, 84, 1, 5, 0, 0, 0.31%, 0, 0, 1, 13.02, 7117, 201, 0, 0
563, 85, 1, 5, 0, 0, 0.31%, 0, 0, 1, 13.01, 7183, 201, 0, 0
568, 85, 1, 5, 0, 0, 0.31%, 0, 0, 1, 12.99, 7249, 201, 0, 0
573, 86, 1, 5, 0, 0, 0.31%, 0, 0, 1, 13.03, 7315, 201, 0, 0
578, 87, 1, 5, 0, 0, 0.31%, 0, 0, 1, 13.02, 7381, 201, 0, 0
583, 88, 1, 5, 0, 0, 0.31%, 0, 0, 1, 13.01, 7447, 201, 0, 0
588, 88, 1, 5, 0, 0, 0.31%, 0, 0, 1, 13.00, 7513, 201, 0, 0
593, 89, 1, 5, 0, 0, 0.31%, 0, 0, 1, 13.00, 7579, 201, 0, 0
598, 90, 1, 5, 0, 0, 0.31%, 0, 0, 1, 13.00, 7645, 201, 0, 0
603, 91, 1, 5, 0, 0, 0.31%, 0, 0, 1, 12.99, 7711, 201, 0, 0
608, 92, 1, 5, 0, 0, 0.31%, 0, 0, 1, 12.98, 7777, 201, 0, 0
613, 92, 1, 5, 0, 0, 0.31%, 0, 0, 1, 12.96, 7843, 201, 0, 0
618, 93, 1, 5, 0, 0, 0.31%, 0, 0, 1, 12.99, 7909, 201, 0, 0
623, 94, 1, 5, 0, 0, 0.31%, 0, 0, 1, 13.01, 7975, 201, 0, 0
629, 95, 1, 5, 0, 0, 0.31%, 0, 0, 1, 12.98, 8041, 201, 0, 0
634, 96, 1, 5, 0, 0, 0.31%, 0, 0, 1, 12.96, 8107, 201, 0, 0
639, 96, 1, 5, 0, 0, 0.31%, 0, 0, 1, 12.88, 8173, 201, 0, 0
644, 97, 1, 5, 0, 0, 0.31%, 0, 0, 1, 12.86, 8239, 201, 0, 0
649, 98, 1, 5, 0, 0, 0.31%, 0, 0, 1, 12.85, 8305, 201, 0, 0
654, 99, 1, 5, 0, 0, 0.31%, 0, 0, 1, 12.84, 8371, 201, 0, 0
659, 99, 1, 5, 0, 0, 0.31%, 0, 0, 1, 12.83, 8437, 201, 0, 0
664, 100, 1, 5, 0, 0, 0.31%, 0, 0, 1, 12.83, 8503, 201, 0, 0
670, 101, 1, 5, 0, 0, 0.31%, 0, 0, 1, 12.86, 8569, 201, 0, 0
675, 102, 1, 5, 0, 0, 0.31%, 0, 0, 1, 12.85, 8635, 201, 0, 0
680, 103, 1, 5, 0, 0, 0.31%, 0, 0, 1, 12.84, 8701, 201, 0, 0
685, 103, 1, 5, 0, 0, 0.31%, 0, 0, 1, 12.83, 8767, 201, 0, 0
690, 104, 1, 5, 0, 0, 0.31%, 0, 0, 1, 12.85, 8833, 201, 0, 0
695, 105, 1, 5, 0, 0, 0.31%, 0, 0, 1, 12.82, 8899, 201, 0, 0
700, 106, 1, 5, 0, 0, 0.31%, 0, 0, 1, 12.84, 8965, 201, 0, 0
706, 107, 1, 5, 0, 0, 0.31%, 0, 0, 1, 12.83, 9031, 201, 0, 0
711, 107, 1, 5, 0, 0, 0.31%, 0, 0, 1, 12.84, 9097, 201, 0, 0
716, 108, 1, 5, 0, 0, 0.31%, 0, 0, 1, 12.84, 9163, 201, 0, 0
721, 109, 1, 5, 0, 0, 0.31%, 0, 0, 1, 12.80, 9229, 201, 0, 0
726, 110, 1, 5, 0, 0, 0.31%, 0, 0, 1, 12.84, 9295, 201, 0, 0
731, 110, 1, 5, 0, 0, 0.31%, 0, 0, 1, 13.11, 9361, 201, 0, 0
736, 111, 1, 5, 0, 0, 0.31%, 0, 0, 1, 13.17, 9427, 201, 0, 0
741, 112, 1, 5, 0, 0, 0.31%, 0, 0, 1, 13.18, 9493, 201, 0, 0
746, 113, 1, 5, 0, 0, 0.31%, 0, 0, 1, 13.19, 9559, 201, 0, 0
751, 114, 1, 5, 0, 0, 0.31%, 0, 0, 1, 13.19, 9625, 201, 0, 0
756, 114, 1, 5, 0, 0, 0.31%, 0, 0, 1, 13.14, 9691, 201, 0, 0
761, 115, 1, 5, 0, 0, 0.31%, 0, 0, 1, 12.73, 9757, 201, 0, 0
767, 116, 1, 5, 0, 0, 0.31%, 0, 0, 1, 12.64, 9823, 201, 0, 0
772, 117, 1, 5, 0, 0, 0.31%, 0, 0, 1, 12.62, 9889, 201, 0, 0
777, 118, 1, 5, 0, 0, 0.31%, 0, 0, 1, 12.63, 9955, 201, 0, 0
782, 118, 1, 5, 0, 0, 0.31%, 0, 0, 1, 12.63, 10021, 201, 0, 0
787, 119, 1, 5, 0, 0, 0.31%, 0, 0, 1, 12.59, 10084, 201, 0, 0
792, 120, 1, 5, 0, 0, 0.31%, 0, 0, 1, 12.57, 10147, 201, 0, 0
797, 121, 1, 5, 0, 0, 0.31%, 0, 0, 1, 12.56, 10210, 201, 0, 0
802, 121, 1, 5, 0, 0, 0.31%, 0, 0, 1, 12.58, 10273, 201, 0, 0
807, 122, 1, 5, 0, 0, 0.31%, 0, 0, 1, 12.59, 10336, 201, 0, 0
812, 123, 1, 5, 0, 0, 0.31%, 0, 0, 1, 12.57, 10399, 201, 0, 0
817, 124, 1, 5, 0, 0, 0.31%, 0, 0, 1, 12.61, 10462, 201, 0, 0
823, 124, 1, 5, 0, 0, 0.31%, 0, 0, 1, 12.79, 10528, 201, 0, 0
828, 125, 1, 5, 0, 0, 0.31%, 0, 0, 1, 12.83, 10594, 201, 0, 0
833, 126, 1, 5, 0, 0, 0.31%, 0, 0, 1, 12.84, 10660, 201, 0, 0
838, 127, 1, 5, 0, 0, 0.31%, 0, 0, 1, 12.85, 10726, 201, 0, 0
843, 128, 1, 5, 0, 0, 0.31%, 0, 0, 1, 12.84, 10792, 201, 0, 0
848, 128, 1, 5, 0, 0, 0.31%, 0, 0, 1, 12.87, 10858, 201, 0, 0
853, 129, 1, 5, 0, 0, 0.31%, 0, 0, 1, 13.01, 10924, 201, 0, 0
858, 130, 1, 5, 0, 0, 0.31%, 0, 0, 1, 13.06, 10990, 201, 0, 0
863, 131, 1, 5, 0, 0, 0.31%, 0, 0, 1, 13.07, 11056, 201, 0, 0
869, 131, 1, 5, 0, 0, 0.31%, 0, 0, 1, 13.07, 11122, 201, 0, 0
874, 132, 1, 5, 0, 0, 0.31%, 0, 0, 1, 12.98, 11188, 201, 0, 0
879, 133, 1, 5, 0, 0, 0.31%, 0, 0, 1, 12.87, 11254, 201, 0, 0
884, 134, 1, 5, 0, 0, 0.31%, 0, 0, 1, 12.86, 11320, 201, 0, 0
889, 135, 1, 5, 0, 0, 0.31%, 0, 0, 1, 12.84, 11386, 201, 0, 0
894, 135, 1, 5, 0, 0, 0.31%, 0, 0, 1, 12.85, 11452, 201, 0, 0
896, 136, 1, 5, 0, 0, 0.31%, 0, 0, 1, 12.67, 11469, 201, 0, 0
