# relative_time, cycles_done, cur_item, corpus_count, pending_total, pending_favs, map_size, saved_crashes, saved_hangs, max_depth, execs_per_sec, total_execs, edges_found, total_crashes, servers_count
61, 11, 1, 5, 0, 0, 0.24%, 0, 0, 1, 25.79, 1587, 159, 0, 0
66, 12, 1, 5, 0, 0, 0.24%, 0, 0, 1, 25.91, 1719, 159, 0, 0
71, 12, 1, 5, 0, 0, 0.24%, 0, 0, 1, 25.66, 1851, 159, 0, 0
76, 13, 1, 5, 0, 0, 0.24%, 0, 0, 1, 24.40, 1974, 159, 0, 0
81, 14, 1, 5, 0, 0, 0.24%, 0, 0, 1, 24.82, 2098, 159, 0, 0
86, 15, 1, 5, 0, 0, 0.24%, 0, 0, 1, 25.31, 2228, 159, 0, 0
91, 16, 1, 5, 0, 0, 0.24%, 0, 0, 1, 25.38, 2360, 159, 0, 0
97, 17, 1, 5, 0, 0, 0.24%, 0, 0, 1, 25.26, 2490, 159, 0, 0
102, 18, 1, 5, 0, 0, 0.24%, 0, 0, 1, 25.36, 2620, 159, 0, 0
107, 19, 1, 5, 0, 0, 0.24%, 0, 0, 1, 25.36, 2751, 159, 0, 0
112, 20, 1, 5, 0, 0, 0.24%, 0, 0, 1, 25.35, 2881, 159, 0, 0
117, 21, 1, 5, 0, 0, 0.24%, 0, 0, 1, 25.44, 3011, 159, 0, 0
122, 22, 1, 5, 0, 0, 0.24%, 0, 0, 1, 25.57, 3140, 159, 0, 0
127, 23, 1, 5, 0, 0, 0.24%, 0, 0, 1, 25.44, 3272, 159, 0, 0
132, 24, 1, 5, 0, 0, 0.24%, 0, 0, 1, 25.37, 3402, 159, 0, 0
137, 24, 1, 5, 0, 0, 0.24%, 0, 0, 1, 25.28, 3529, 159, 0, 0
143, 25, 1, 5, 0, 0, 0.24%, 0, 0, 1, 25.68, 3661, 159, 0, 0
148, 26, 1, 5, 0, 0, 0.24%, 0, 0, 1, 25.77, 3793, 159, 0, 0
153, 27, 1, 5, 0, 0, 0.24%, 0, 0, 1, 25.84, 3924, 159, 0, 0
158, 28, 1, 5, 0, 0, 0.24%, 0, 0, 1, 25.39, 4052, 159, 0, 0
163, 29, 1, 5, 0, 0, 0.24%, 0, 0, 1, 25.28, 4182, 159, 0, 0
168, 30, 1, 5, 0, 0, 0.24%, 0, 0, 1, 25.60, 4314, 159, 0, 0
173, 31, 1, 5, 0, 0, 0.24%, 0, 0, 1, 25.56, 4445, 159, 0, 0
178, 32, 1, 5, 0, 0, 0.24%, 0, 0, 1, 25.85, 4577, 159, 0, 0
183, 33, 1, 5, 0, 0, 0.24%, 0, 0, 1, 25.72, 4709, 159, 0, 0
189, 34, 1, 5, 0, 0, 0.24%, 0, 0, 1, 25.46, 4840, 159, 0, 0
194, 35, 1, 5, 0, 0, 0.24%, 0, 0, 1, 25.45, 4971, 159, 0, 0
199, 36, 1, 5, 0, 0, 0.24%, 0, 0, 1, 25.46, 5102, 159, 0, 0
204, 37, 1, 5, 0, 0, 0.24%, 0, 0, 1, 25.67, 5234, 159, 0, 0
209, 38, 1, 5, 0, 0, 0.24%, 0, 0, 1, 25.57, 5367, 159, 0, 0
214, 38, 1, 5, 0, 0, 0.24%, 0, 0, 1, 25.31, 5495, 159, 0, 0
219, 39, 1, 5, 0, 0, 0.24%, 0, 0, 1, 25.10, 5625, 159, 0, 0
225, 40, 1, 5, 0, 0, 0.24%, 0, 0, 1, 25.25, 5756, 159, 0, 0
230, 41, 1, 5, 0, 0, 0.24%, 0, 0, 1, 25.29, 5885, 159, 0, 0
235, 42, 1, 5, 0, 0, 0.24%, 0, 0, 1, 25.23, 6016, 159, 0, 0
240, 43, 1, 5, 0, 0, 0.24%, 0, 0, 1, 25.03, 6142, 159, 0, 0
245, 44, 1, 5, 0, 0, 0.24%, 0, 0, 1, 25.54, 6273, 159, 0, 0
250, 45, 1, 5, 0, 0, 0.24%, 0, 0, 1, 25.30, 6404, 159, 0, 0
255, 46, 1, 5, 0, 0, 0.24%, 0, 0, 1, 25.52, 6533, 159, 0, 0
260, 47, 1, 5, 0, 0, 0.24%, 0, 0, 1, 25.55, 6665, 159, 0, 0
266, 48, 1, 5, 0, 0, 0.24%, 0, 0, 1, 25.57, 6796, 159, 0, 0
271, 49, 1, 5, 0, 0, 0.24%, 0, 0, 1, 25.65, 6928, 159, 0, 0
276, 50, 1, 5, 0, 0, 0.24%, 0, 0, 1, 25.37, 7056, 159, 0, 0
281, 51, 1, 5, 0, 0, 0.24%, 0, 0, 1, 24.52, 7181, 159, 0, 0
286, 51, 1, 5, 0, 0, 0.24%, 0, 0, 1, 25.16, 7309, 159, 0, 0
291, 52, 1, 5, 0, 0, 0.24%, 0, 0, 1, 25.44, 7441, 159, 0, 0
296, 53, 1, 5, 0, 0, 0.24%, 0, 0, 1, 25.27, 7568, 159, 0, 0
301, 54, 1, 5, 0, 0, 0.24%, 0, 0, 1, 25.19, 7694, 159, 0, 0
306, 55, 1, 5, 0, 0, 0.24%, 0, 0, 1, 25.60, 7826, 159, 0, 0
311, 56, 1, 5, 0, 0, 0.24%, 0, 0, 1, 25.73, 7958, 159, 0, 0
316, 57, 1, 5, 0, 0, 0.24%, 0, 0, 1, 25.85, 8090, 159, 0, 0
322, 58, 1, 5, 0, 0, 0.24%, 0, 0, 1, 25.63, 8222, 159, 0, 0
327, 59, 1, 5, 0, 0, 0.24%, 0, 0, 1, 25.55, 8352, 159, 0, 0
332, 60, 1, 5, 0, 0, 0.24%, 0, 0, 1, 25.47, 8486, 159, 0, 0
337, 61, 1, 5, 0, 0, 0.24%, 0, 0, 1, 25.67, 8617, 159, 0, 0
342, 62, 1, 5, 0, 0, 0.24%, 0, 0, 1, 26.01, 8749, 159, 0, 0
347, 63, 1, 5, 0, 0, 0.24%, 0, 0, 1, 25.78, 8879, 159, 0, 0
352, 64, 1, 5, 0, 0, 0.24%, 0, 0, 1, 25.21, 9008, 159, 0, 0
357, 65, 1, 5, 0, 0, 0.24%, 0, 0, 1, 25.44, 9138, 159, 0, 0
362, 65, 1, 5, 0, 0, 0.24%, 0, 0, 1, 25.68, 9270, 159, 0, 0
368, 66, 1, 5, 0, 0, 0.24%, 0, 0, 1, 25.79, 9401, 159, 0, 0
373, 67, 1, 5, 0, 0, 0.24%, 0, 0, 1, 25.45, 9530, 159, 0, 0
378, 68, 1, 5, 0, 0, 0.24%, 0, 0, 1, 25.31, 9660, 159, 0, 0
383, 69, 1, 5, 0, 0, 0.24%, 0, 0, 1, 24.29, 9783, 159, 0, 0
388, 70, 1, 5, 0, 0, 0.24%, 0, 0, 1, 23.93, 9903, 159, 0, 0
393, 71, 1, 5, 0, 0, 0.24%, 0, 0, 1, 24.29, 10028, 159, 0, 0
398, 72, 1, 5, 0, 0, 0.24%, 0, 0, 1, 25.26, 10160, 159, 0, 0
403, 73, 1, 5, 0, 0, 0.24%, 0, 0, 1, 25.42, 10290, 159, 0, 0
408, 74, 1, 5, 0, 0, 0.24%, 0, 0, 1, 25.66, 10422, 159, 0, 0
414, 75, 1, 5, 0, 0, 0.24%, 0, 0, 1, 25.76, 10553, 159, 0, 0
419, 76, 1, 5, 0, 0, 0.24%, 0, 0, 1, 25.11, 10679, 159, 0, 0
424, 76, 1, 5, 0, 0, 0.24%, 0, 0, 1, 25.18, 10806, 159, 0, 0
429, 77, 1, 5, 0, 0, 0.24%, 0, 0, 1, 25.23, 10935, 159, 0, 0
434, 78, 1, 5, 0, 0, 0.24%, 0, 0, 1, 25.26, 11063, 159, 0, 0
439, 79, 1, 5, 0, 0, 0.24%, 0, 0, 1, 25.64, 11193, 159, 0, 0
444, 80, 1, 5, 0, 0, 0.24%, 0, 0, 1, 25.60, 11324, 159, 0, 0
449, 81, 1, 5, 0, 0, 0.24%, 0, 0, 1, 25.73, 11456, 159, 0, 0
454, 82, 1, 5, 0, 0, 0.24%, 0, 0, 1, 25.93, 11588, 159, 0, 0
459, 83, 1, 5, 0, 0, 0.24%, 0, 0, 1, 25.77, 11720, 159, 0, 0
464, 84, 1, 5, 0, 0, 0.24%, 0, 0, 1, 25.75, 11851, 159, 0, 0
469, 85, 1, 5, 0, 0, 0.24%, 0, 0, 1, 25.76, 11981, 159, 0, 0
475, 86, 1, 5, 0, 0, 0.24%, 0, 0, 1, 25.38, 12110, 159, 0, 0
480, 87, 1, 5, 0, 0, 0.24%, 0, 0, 1, 25.42, 12242, 159, 0, 0
485, 88, 1, 5, 0, 0, 0.24%, 0, 0, 1, 25.51, 12373, 159, 0, 0
490, 89, 1, 5, 0, 0, 0.24%, 0, 0, 1, 25.23, 12504, 159, 0, 0
495, 89, 1, 5, 0, 0, 0.24%, 0, 0, 1, 25.38, 12633, 159, 0, 0
500, 90, 1, 5, 0, 0, 0.24%, 0, 0, 1, 25.30, 12765, 159, 0, 0
505, 91, 1, 5, 0, 0, 0.24%, 0, 0, 1, 25.28, 12892, 159, 0, 0
511, 92, 1, 5, 0, 0, 0.24%, 0, 0, 1, 24.92, 13020, 159, 0, 0
516, 93, 1, 5, 0, 0, 0.24%, 0, 0, 1, 25.08, 13150, 159, 0, 0
521, 94, 1, 5, 0, 0, 0.24%, 0, 0, 1, 25.20, 13278, 159, 0, 0
526, 95, 1, 5, 0, 0, 0.24%, 0, 0, 1, 25.41, 13410, 159, 0, 0
531, 96, 1, 5, 0, 0, 0.24%, 0, 0, 1, 25.61, 13541, 159, 0, 0
536, 97, 1, 5, 0, 0, 0.24%, 0, 0, 1, 25.47, 13673, 159, 0, 0
541, 98, 1, 5, 0, 0, 0.24%, 0, 0, 1, 25.70, 13804, 159, 0, 0
546, 99, 1, 5, 0, 0, 0.24%, 0, 0, 1, 25.87, 13936, 159, 0, 0
552, 100, 1, 5, 0, 0, 0.24%, 0, 0, 1, 25.76, 14066, 159, 0, 0
557, 101, 1, 5, 0, 0, 0.24%, 0, 0, 1, 25.53, 14197, 159, 0, 0
562, 102, 1, 5, 0, 0, 0.24%, 0, 0, 1, 25.85, 14329, 159, 0, 0
567, 103, 1, 5, 0, 0, 0.24%, 0, 0, 1, 25.91, 14461, 159, 0, 0
572, 103, 1, 5, 0, 0, 0.24%, 0, 0, 1, 25.32, 14588, 159, 0, 0
577, 104, 1, 5, 0, 0, 0.24%, 0, 0, 1, 25.41, 14720, 159, 0, 0
582, 105, 1, 5, 0, 0, 0.24%, 0, 0, 1, 25.60, 14852, 159, 0, 0
587, 106, 1, 5, 0, 0, 0.24%, 0, 0, 1, 25.36, 14982, 159, 0, 0
593, 107, 1, 5, 0, 0, 0.24%, 0, 0, 1, 25.25, 15112, 159, 0, 0
598, 108, 1, 5, 0, 0, 0.24%, 0, 0, 1, 25.21, 15241, 159, 0, 0
603, 109, 1, 5, 0, 0, 0.24%, 0, 0, 1, 24.49, 15368, 159, 0, 0
608, 110, 1, 5, 0, 0, 0.24%, 0, 0, 1, 24.93, 15495, 159, 0, 0
613, 111, 1, 5, 0, 0, 0.24%, 0, 0, 1, 25.14, 15626, 159, 0, 0
618, 112, 1, 5, 0, 0, 0.24%, 0, 0, 1, 25.43, 15759, 159, 0, 0
623, 113, 1, 5, 0, 0, 0.24%, 0, 0, 1, 25.76, 15890, 159, 0, 0
629, 114, 1, 5, 0, 0, 0.24%, 0, 0, 1, 25.02, 16019, 159, 0, 0
634, 115, 1, 5, 0, 0, 0.24%, 0, 0, 1, 24.98, 16146, 159, 0, 0
639, 115, 1, 5, 0, 0, 0.24%, 0, 0, 1, 25.05, 16274, 159, 0, 0
644, 116, 1, 5, 0, 0, 0.24%, 0, 0, 1, 25.56, 16405, 159, 0, 0
649, 117, 1, 5, 0, 0, 0.24%, 0, 0, 1, 25.40, 16534, 159, 0, 0
654, 118, 1, 5, 0, 0, 0.24%, 0, 0, 1, 25.41, 16664, 159, 0, 0
659, 119, 1, 5, 0, 0, 0.24%, 0, 0, 1, 25.30, 16792, 159, 0, 0
664, 120, 1, 5, 0, 0, 0.24%, 0, 0, 1, 25.61, 16923, 159, 0, 0
669, 121, 1, 5, 0, 0, 0.24%, 0, 0, 1, 25.30, 17055, 159, 0, 0
674, 122, 1, 5, 0, 0, 0.24%, 0, 0, 1, 25.68, 17185, 159, 0, 0
679, 123, 1, 5, 0, 0, 0.24%, 0, 0, 1, 25.79, 17316, 159, 0, 0
685, 124, 1, 5, 0, 0, 0.24%, 0, 0, 1, 25.67, 17447, 159, 0, 0
690, 125, 1, 5, 0, 0, 0.24%, 0, 0, 1, 25.36, 17576, 159, 0, 0
695, 126, 1, 5, 0, 0, 0.24%, 0, 0, 1, 25.34, 17706, 159, 0, 0
700, 127, 1, 5, 0, 0, 0.24%, 0, 0, 1, 25.96, 17842, 159, 0, 0
705, 128, 1, 5, 0, 0, 0.24%, 0, 0, 1, 25.33, 17969, 159, 0, 0
710, 129, 1, 5, 0, 0, 0.24%, 0, 0, 1, 25.31, 18099, 159, 0, 0
715, 129, 1, 5, 0, 0, 0.24%, 0, 0, 1, 25.20, 18226, 159, 0, 0
720, 130, 1, 5, 0, 0, 0.24%, 0, 0, 1, 25.18, 18354, 159, 0, 0
725, 131, 1, 5, 0, 0, 0.24%, 0, 0, 1, 25.08, 18481, 159, 0, 0
731, 132, 1, 5, 0, 0, 0.24%, 0, 0, 1, 25.27, 18611, 159, 0, 0
736, 133, 1, 5, 0, 0, 0.24%, 0, 0, 1, 25.15, 18741, 159, 0, 0
741, 134, 1, 5, 0, 0, 0.24%, 0, 0, 1, 25.42, 18869, 159, 0, 0
746, 135, 1, 5, 0, 0, 0.24%, 0, 0, 1, 25.62, 19000, 159, 0, 0
751, 136, 1, 5, 0, 0, 0.24%, 0, 0, 1, 25.44, 19128, 159, 0, 0
756, 137, 1, 5, 0, 0, 0.24%, 0, 0, 1, 26.00, 19260, 159, 0, 0
761, 138, 1, 5, 0, 0, 0.24%, 0, 0, 1, 25.56, 19392, 159, 0, 0
766, 139, 1, 5, 0, 0, 0.24%, 0, 0, 1, 25.46, 19524, 159, 0, 0
771, 140, 1, 5, 0, 0, 0.24%, 0, 0, 1, 25.57, 19655, 159, 0, 0
777, 141, 1, 5, 0, 0, 0.24%, 0, 0, 1, 25.77, 19787, 159, 0, 0
782, 142, 1, 5, 0, 0, 0.24%, 0, 0, 1, 25.95, 19918, 159, 0, 0
787, 142, 1, 5, 0, 0, 0.24%, 0, 0, 1, 25.86, 20050, 159, 0, 0
792, 143, 1, 5, 0, 0, 0.24%, 0, 0, 1, 25.67, 20179, 159, 0, 0
797, 144, 1, 5, 0, 0, 0.24%, 0, 0, 1, 25.43, 20307, 159, 0, 0
802, 145, 1, 5, 0, 0, 0.24%, 0, 0, 1, 25.31, 20434, 159, 0, 0
807, 146, 1, 5, 0, 0, 0.24%, 0, 0, 1, 25.32, 20563, 159, 0, 0
812, 147, 1, 5, 0, 0, 0.24%, 0, 0, 1, 25.42, 20693, 159, 0, 0
817, 148, 1, 5, 0, 0, 0.24%, 0, 0, 1, 25.42, 20823, 159, 0, 0
822, 149, 1, 5, 0, 0, 0.24%, 0, 0, 1, 25.38, 20952, 159, 0, 0
827, 150, 1, 5, 0, 0, 0.24%, 0, 0, 1, 25.39, 21082, 159, 0, 0
832, 151, 1, 5, 0, 0, 0.24%, 0, 0, 1, 26.58, 21220, 159, 0, 0
838, 152, 1, 5, 0, 0, 0.24%, 0, 0, 1, 25.71, 21350, 159, 0, 0
843, 153, 1, 5, 0, 0, 0.24%, 0, 0, 1, 25.31, 21476, 159, 0, 0
848, 154, 1, 5, 0, 0, 0.24%, 0, 0, 1, 25.48, 21606, 159, 0, 0
853, 154, 1, 5, 0, 0, 0.24%, 0, 0, 1, 24.20, 21726, 159, 0, 0
858, 155, 1, 5, 0, 0, 0.24%, 0, 0, 1, 24.83, 21855, 159, 0, 0
863, 156, 1, 5, 0, 0, 0.24%, 0, 0, 1, 25.20, 21983, 159, 0, 0
868, 157, 1, 5, 0, 0, 0.24%, 0, 0, 1, 25.52, 22114, 159, 0, 0
873, 158, 1, 5, 0, 0, 0.24%, 0, 0, 1, 25.34, 22242, 159, 0, 0
878, 159, 1, 5, 0, 0, 0.24%, 0, 0, 1, 24.93, 22366, 159, 0, 0
883, 160, 1, 5, 0, 0, 0.24%, 0, 0, 1, 25.49, 22498, 159, 0, 0
888, 161, 1, 5, 0, 0, 0.24%, 0, 0, 1, 25.48, 22629, 159, 0, 0
894, 162, 1, 5, 0, 0, 0.24%, 0, 0, 1, 25.68, 22761, 159, 0, 0
897, 162, 1, 5, 0, 0, 0.24%, 0, 0, 1, 25.10, 22844, 159, 0, 0
