# relative_time, cycles_done, cur_item, corpus_count, pending_total, pending_favs, map_size, saved_crashes, saved_hangs, max_depth, execs_per_sec, total_execs, edges_found, total_crashes, servers_count
61, 3, 1, 5, 0, 0, 0.02%, 1, 0, 1, 6.34, 548, 11, 255, 0
66, 3, 1, 5, 0, 0, 0.02%, 1, 0, 1, 7.19, 584, 11, 277, 0
71, 4, 1, 5, 0, 0, 0.02%, 1, 0, 1, 5.61, 611, 11, 300, 0
76, 4, 1, 5, 0, 0, 0.02%, 1, 0, 1, 6.12, 659, 11, 321, 0
81, 4, 1, 5, 0, 0, 0.02%, 1, 0, 1, 6.33, 696, 11, 343, 0
86, 5, 1, 5, 0, 0, 0.02%, 1, 0, 1, 7.85, 736, 11, 364, 0
91, 5, 1, 5, 0, 0, 0.02%, 1, 0, 1, 7.85, 779, 11, 385, 0
96, 5, 1, 5, 0, 0, 0.02%, 1, 0, 1, 7.56, 821, 11, 406, 0
101, 6, 1, 5, 0, 0, 0.02%, 1, 0, 1, 8.68, 879, 11, 426, 0
107, 6, 1, 5, 0, 0, 0.02%, 1, 0, 1, 8.24, 919, 11, 448, 0
112, 6, 1, 5, 0, 0, 0.02%, 1, 0, 1, 6.82, 953, 11, 470, 0
117, 6, 1, 5, 0, 0, 0.02%, 1, 0, 1, 6.52, 985, 11, 492, 0
122, 7, 1, 5, 0, 0, 0.02%, 1, 0, 1, 7.26, 1025, 11, 514, 0
127, 7, 1, 5, 0, 0, 0.02%, 1, 0, 1, 6.48, 1057, 11, 536, 0
132, 7, 1, 5, 0, 0, 0.02%, 1, 0, 1, 6.11, 1089, 11, 558, 0
137, 7, 1, 5, 0, 0, 0.02%, 1, 0, 1, 7.09, 1131, 11, 580, 0
142, 8, 1, 5, 0, 0, 0.02%, 1, 0, 1, 7.93, 1176, 11, 602, 0
148, 8, 1, 5, 0, 0, 0.02%, 1, 0, 1, 6.60, 1208, 11, 625, 0
153, 8, 1, 5, 0, 0, 0.02%, 1, 0, 1, 9.54, 1264, 11, 646, 0
158, 9, 1, 5, 0, 0, 0.02%, 1, 0, 1, 7.36, 1300, 11, 668, 0
163, 9, 1, 5, 0, 0, 0.02%, 1, 0, 1, 6.66, 1334, 11, 690, 0
168, 9, 1, 5, 0, 0, 0.02%, 1, 0, 1, 6.08, 1363, 11, 712, 0
173, 9, 1, 5, 0, 0, 0.02%, 1, 0, 1, 7.12, 1406, 11, 733, 0
178, 10, 1, 5, 0, 0, 0.02%, 1, 0, 1, 7.16, 1444, 11, 755, 0
183, 10, 1, 5, 0, 0, 0.02%, 1, 0, 1, 5.89, 1476, 11, 778, 0
188, 10, 1, 5, 0, 0, 0.02%, 1, 0, 1, 6.94, 1515, 11, 800, 0
193, 10, 1, 5, 0, 0, 0.02%, 1, 0, 1, 8.52, 1563, 11, 821, 0
199, 11, 1, 5, 0, 0, 0.02%, 1, 0, 1, 6.07, 1595, 11, 843, 0
204, 11, 1, 5, 0, 0, 0.02%, 1, 0, 1, 5.75, 1625, 11, 866, 0
209, 11, 1, 5, 0, 0, 0.02%, 1, 0, 1, 6.22, 1661, 11, 889, 0
214, 11, 1, 5, 0, 0, 0.02%, 1, 0, 1, 5.98, 1692, 11, 912, 0
219, 12, 1, 5, 0, 0, 0.02%, 1, 0, 1, 6.10, 1726, 11, 934, 0
224, 12, 1, 5, 0, 0, 0.02%, 1, 0, 1, 5.39, 1753, 11, 957, 0
229, 12, 1, 5, 0, 0, 0.02%, 1, 0, 1, 7.28, 1796, 11, 978, 0
235, 12, 1, 5, 0, 0, 0.02%, 1, 0, 1, 7.18, 1838, 11, 1000, 0
240, 13, 1, 5, 0, 0, 0.02%, 1, 0, 1, 7.37, 1880, 11, 1021, 0
245, 13, 1, 5, 0, 0, 0.02%, 1, 0, 1, 5.50, 1905, 11, 1044, 0
250, 13, 1, 5, 0, 0, 0.02%, 1, 0, 1, 5.64, 1936, 11, 1067, 0
255, 13, 1, 5, 0, 0, 0.02%, 1, 0, 1, 5.32, 1965, 11, 1090, 0
260, 14, 1, 5, 0, 0, 0.02%, 1, 0, 1, 5.84, 2003, 11, 1112, 0
265, 14, 1, 5, 0, 0, 0.02%, 1, 0, 1, 8.26, 2053, 11, 1132, 0
271, 14, 1, 5, 0, 0, 0.02%, 1, 0, 1, 5.74, 2078, 11, 1153, 0
276, 14, 1, 5, 0, 0, 0.02%, 1, 0, 1, 5.38, 2105, 11, 1175, 0
281, 15, 1, 5, 0, 0, 0.02%, 1, 0, 1, 5.97, 2136, 11, 1198, 0
286, 15, 1, 5, 0, 0, 0.02%, 1, 0, 1, 7.00, 2174, 11, 1220, 0
291, 15, 1, 5, 0, 0, 0.02%, 1, 0, 1, 6.12, 2206, 11, 1243, 0
296, 15, 1, 5, 0, 0, 0.02%, 1, 0, 1, 7.11, 2248, 11, 1265, 0
302, 16, 1, 5, 0, 0, 0.02%, 1, 0, 1, 6.77, 2281, 11, 1287, 0
307, 16, 1, 5, 0, 0, 0.02%, 1, 0, 1, 6.50, 2320, 11, 1309, 0
312, 16, 1, 5, 0, 0, 0.02%, 1, 0, 1, 6.33, 2354, 11, 1331, 0
317, 16, 1, 5, 0, 0, 0.02%, 1, 0, 1, 8.66, 2411, 11, 1351, 0
322, 17, 1, 5, 0, 0, 0.02%, 1, 0, 1, 7.02, 2473, 11, 1371, 0
327, 17, 1, 5, 0, 0, 0.02%, 1, 0, 1, 6.56, 2507, 11, 1394, 0
332, 17, 1, 5, 0, 0, 0.02%, 1, 0, 1, 6.56, 2539, 11, 1416, 0
337, 18, 1, 5, 0, 0, 0.02%, 1, 0, 1, 6.49, 2574, 11, 1438, 0
342, 18, 1, 5, 0, 0, 0.02%, 1, 0, 1, 6.49, 2612, 11, 1460, 0
347, 18, 1, 5, 0, 0, 0.02%, 1, 0, 1, 6.93, 2649, 11, 1482, 0
353, 18, 1, 5, 0, 0, 0.02%, 1, 0, 1, 5.94, 2680, 11, 1504, 0
358, 19, 1, 5, 0, 0, 0.02%, 1, 0, 1, 6.65, 2715, 11, 1526, 0
363, 19, 1, 5, 0, 0, 0.02%, 1, 0, 1, 6.09, 2748, 11, 1548, 0
368, 19, 1, 5, 0, 0, 0.02%, 1, 0, 1, 8.64, 2798, 11, 1569, 0
373, 20, 1, 5, 0, 0, 0.02%, 1, 0, 1, 7.34, 2838, 11, 1591, 0
378, 20, 1, 5, 0, 0, 0.02%, 1, 0, 1, 6.99, 2881, 11, 1613, 0
383, 20, 1, 5, 0, 0, 0.02%, 1, 0, 1, 6.51, 2912, 11, 1635, 0
389, 20, 1, 5, 0, 0, 0.02%, 1, 0, 1, 5.82, 2943, 11, 1658, 0
394, 21, 1, 5, 0, 0, 0.02%, 1, 0, 1, 6.58, 2981, 11, 1680, 0
399, 21, 1, 5, 0, 0, 0.02%, 1, 0, 1, 5.44, 3007, 11, 1703, 0
404, 21, 1, 5, 0, 0, 0.02%, 1, 0, 1, 6.73, 3041, 11, 1725, 0
409, 21, 1, 5, 0, 0, 0.02%, 1, 0, 1, 6.65, 3080, 11, 1747, 0
414, 22, 1, 5, 0, 0, 0.02%, 1, 0, 1, 7.67, 3126, 11, 1768, 0
419, 22, 1, 5, 0, 0, 0.02%, 1, 0, 1, 8.65, 3172, 11, 1789, 0
424, 22, 1, 5, 0, 0, 0.02%, 1, 0, 1, 7.55, 3205, 11, 1811, 0
429, 23, 1, 5, 0, 0, 0.02%, 1, 0, 1, 7.56, 3253, 11, 1832, 0
435, 23, 1, 5, 0, 0, 0.02%, 1, 0, 1, 6.40, 3284, 11, 1855, 0
440, 23, 1, 5, 0, 0, 0.02%, 1, 0, 1, 6.63, 3320, 11, 1877, 0
445, 23, 1, 5, 0, 0, 0.02%, 1, 0, 1, 6.56, 3354, 11, 1899, 0
450, 23, 1, 5, 0, 0, 0.02%, 1, 0, 1, 6.93, 3389, 11, 1921, 0
455, 24, 1, 5, 0, 0, 0.02%, 1, 0, 1, 5.93, 3418, 11, 1944, 0
460, 24, 1, 5, 0, 0, 0.02%, 1, 0, 1, 6.91, 3458, 11, 1965, 0
466, 24, 1, 5, 0, 0, 0.02%, 1, 0, 1, 8.33, 3505, 11, 1985, 0
471, 25, 1, 5, 0, 0, 0.02%, 1, 0, 1, 8.41, 3550, 11, 2006, 0
476, 25, 1, 5, 0, 0, 0.02%, 1, 0, 1, 7.71, 3586, 11, 2028, 0
481, 25, 1, 5, 0, 0, 0.02%, 1, 0, 1, 6.18, 3617, 11, 2050, 0
486, 25, 1, 5, 0, 0, 0.02%, 1, 0, 1, 6.07, 3650, 11, 2071, 0
491, 26, 1, 5, 0, 0, 0.02%, 1, 0, 1, 5.95, 3685, 11, 2094, 0
496, 26, 1, 5, 0, 0, 0.02%, 1, 0, 1, 6.09, 3717, 11, 2116, 0
501, 26, 1, 5, 0, 0, 0.02%, 1, 0, 1, 6.82, 3758, 11, 2138, 0
507, 26, 1, 5, 0, 0, 0.02%, 1, 0, 1, 5.42, 3783, 11, 2161, 0
512, 26, 1, 5, 0, 0, 0.02%, 1, 0, 1, 5.51, 3811, 11, 2184, 0
517, 27, 1, 5, 0, 0, 0.02%, 1, 0, 1, 6.70, 3854, 11, 2205, 0
522, 27, 1, 5, 0, 0, 0.02%, 1, 0, 1, 6.87, 3888, 11, 2227, 0
527, 27, 1, 5, 0, 0, 0.02%, 1, 0, 1, 6.91, 3925, 11, 2249, 0
532, 28, 1, 5, 0, 0, 0.02%, 1, 0, 1, 5.69, 3953, 11, 2272, 0
537, 28, 1, 5, 0, 0, 0.02%, 1, 0, 1, 7.02, 3990, 11, 2294, 0
542, 28, 1, 5, 0, 0, 0.02%, 1, 0, 1, 9.48, 4047, 11, 2314, 0
547, 29, 1, 5, 0, 0, 0.02%, 1, 0, 1, 8.82, 4097, 11, 2335, 0
553, 29, 1, 5, 0, 0, 0.02%, 1, 0, 1, 6.36, 4130, 11, 2358, 0
558, 29, 1, 5, 0, 0, 0.02%, 1, 0, 1, 6.59, 4164, 11, 2381, 0
563, 29, 1, 5, 0, 0, 0.02%, 1, 0, 1, 5.90, 4194, 11, 2404, 0
568, 29, 1, 5, 0, 0, 0.02%, 1, 0, 1, 6.05, 4225, 11, 2427, 0
573, 30, 1, 5, 0, 0, 0.02%, 1, 0, 1, 6.09, 4257, 11, 2450, 0
578, 30, 1, 5, 0, 0, 0.02%, 1, 0, 1, 6.13, 4291, 11, 2472, 0
583, 30, 1, 5, 0, 0, 0.02%, 1, 0, 1, 7.79, 4338, 11, 2493, 0
589, 31, 1, 5, 0, 0, 0.02%, 1, 0, 1, 7.80, 4379, 11, 2515, 0
594, 31, 1, 5, 0, 0, 0.02%, 1, 0, 1, 7.39, 4419, 11, 2537, 0
599, 31, 1, 5, 0, 0, 0.02%, 1, 0, 1, 7.52, 4460, 11, 2559, 0
604, 31, 1, 5, 0, 0, 0.02%, 1, 0, 1, 7.39, 4497, 11, 2581, 0
609, 32, 1, 5, 0, 0, 0.02%, 1, 0, 1, 8.80, 4552, 11, 2601, 0
614, 32, 1, 5, 0, 0, 0.02%, 1, 0, 1, 6.68, 4582, 11, 2623, 0
619, 32, 1, 5, 0, 0, 0.02%, 1, 0, 1, 6.73, 4616, 11, 2645, 0
624, 32, 1, 5, 0, 0, 0.02%, 1, 0, 1, 6.65, 4650, 11, 2667, 0
630, 33, 1, 5, 0, 0, 0.02%, 1, 0, 1, 7.04, 4687, 11, 2690, 0
635, 33, 1, 5, 0, 0, 0.02%, 1, 0, 1, 5.54, 4715, 11, 2713, 0
640, 33, 1, 5, 0, 0, 0.02%, 1, 0, 1, 7.52, 4761, 11, 2734, 0
645, 33, 1, 5, 0, 0, 0.02%, 1, 0, 1, 5.88, 4789, 11, 2756, 0
650, 34, 1, 5, 0, 0, 0.02%, 1, 0, 1, 6.05, 4821, 11, 2779, 0
655, 34, 1, 5, 0, 0, 0.02%, 1, 0, 1, 7.33, 4858, 11, 2801, 0
660, 34, 1, 5, 0, 0, 0.02%, 1, 0, 1, 6.40, 4893, 11, 2823, 0
665, 34, 1, 5, 0, 0, 0.02%, 1, 0, 1, 6.28, 4928, 11, 2844, 0
670, 35, 1, 5, 0, 0, 0.02%, 1, 0, 1, 6.48, 4964, 11, 2866, 0
675, 35, 1, 5, 0, 0, 0.02%, 1, 0, 1, 6.95, 5003, 11, 2888, 0
681, 35, 1, 5, 0, 0, 0.02%, 1, 0, 1, 6.96, 5041, 11, 2910, 0
686, 36, 1, 5, 0, 0, 0.02%, 1, 0, 1, 7.37, 5078, 11, 2932, 0
691, 36, 1, 5, 0, 0, 0.02%, 1, 0, 1, 6.92, 5114, 11, 2954, 0
696, 36, 1, 5, 0, 0, 0.02%, 1, 0, 1, 6.80, 5155, 11, 2976, 0
701, 36, 1, 5, 0, 0, 0.02%, 1, 0, 1, 5.62, 5182, 11, 2999, 0
706, 37, 1, 5, 0, 0, 0.02%, 1, 0, 1, 6.48, 5218, 11, 3021, 0
711, 37, 1, 5, 0, 0, 0.02%, 1, 0, 1, 6.14, 5248, 11, 3043, 0
716, 37, 1, 5, 0, 0, 0.02%, 1, 0, 1, 5.95, 5278, 11, 3066, 0
722, 37, 1, 5, 0, 0, 0.02%, 1, 0, 1, 6.88, 5316, 11, 3088, 0
727, 37, 1, 5, 0, 0, 0.02%, 1, 0, 1, 6.63, 5351, 11, 3111, 0
732, 38, 1, 5, 0, 0, 0.02%, 1, 0, 1, 7.40, 5395, 11, 3133, 0
737, 38, 1, 5, 0, 0, 0.02%, 1, 0, 1, 7.92, 5439, 11, 3154, 0
742, 38, 1, 5, 0, 0, 0.02%, 1, 0, 1, 8.80, 5488, 11, 3175, 0
747, 39, 1, 5, 0, 0, 0.02%, 1, 0, 1, 9.18, 5537, 11, 3196, 0
753, 39, 1, 5, 0, 0, 0.02%, 1, 0, 1, 8.63, 5580, 11, 3218, 0
758, 39, 1, 5, 0, 0, 0.02%, 1, 0, 1, 7.08, 5619, 11, 3239, 0
763, 40, 1, 5, 0, 0, 0.02%, 1, 0, 1, 8.53, 5663, 11, 3260, 0
768, 40, 1, 5, 0, 0, 0.02%, 1, 0, 1, 6.92, 5697, 11, 3282, 0
773, 40, 1, 5, 0, 0, 0.02%, 1, 0, 1, 7.05, 5738, 11, 3303, 0
778, 40, 1, 5, 0, 0, 0.02%, 1, 0, 1, 6.24, 5768, 11, 3326, 0
783, 41, 1, 5, 0, 0, 0.02%, 1, 0, 1, 6.15, 5799, 11, 3349, 0
788, 41, 1, 5, 0, 0, 0.02%, 1, 0, 1, 7.28, 5840, 11, 3370, 0
794, 41, 1, 5, 0, 0, 0.02%, 1, 0, 1, 7.30, 5882, 11, 3392, 0
799, 42, 1, 5, 0, 0, 0.02%, 1, 0, 1, 7.92, 5925, 11, 3414, 0
804, 42, 1, 5, 0, 0, 0.02%, 1, 0, 1, 7.76, 5968, 11, 3435, 0
809, 42, 1, 5, 0, 0, 0.02%, 1, 0, 1, 8.41, 6013, 11, 3457, 0
814, 42, 1, 5, 0, 0, 0.02%, 1, 0, 1, 5.94, 6042, 11, 3481, 0
819, 43, 1, 5, 0, 0, 0.02%, 1, 0, 1, 6.21, 6074, 11, 3503, 0
825, 43, 1, 5, 0, 0, 0.02%, 1, 0, 1, 6.30, 6106, 11, 3526, 0
830, 43, 1, 5, 0, 0, 0.02%, 1, 0, 1, 7.71, 6154, 11, 3547, 0
835, 44, 1, 5, 0, 0, 0.02%, 1, 0, 1, 8.27, 6200, 11, 3568, 0
840, 44, 1, 5, 0, 0, 0.02%, 1, 0, 1, 7.12, 6234, 11, 3590, 0
845, 44, 1, 5, 0, 0, 0.02%, 1, 0, 1, 5.93, 6265, 11, 3612, 0
850, 44, 1, 5, 0, 0, 0.02%, 1, 0, 1, 6.41, 6302, 11, 3634, 0
855, 45, 1, 5, 0, 0, 0.02%, 1, 0, 1, 6.49, 6335, 11, 3657, 0
860, 45, 1, 5, 0, 0, 0.02%, 1, 0, 1, 6.29, 6367, 11, 3679, 0
865, 45, 1, 5, 0, 0, 0.02%, 1, 0, 1, 7.06, 6410, 11, 3700, 0
870, 45, 1, 5, 0, 0, 0.02%, 1, 0, 1, 6.69, 6443, 11, 3722, 0
876, 46, 1, 5, 0, 0, 0.02%, 1, 0, 1, 6.35, 6476, 11, 3745, 0
881, 46, 1, 5, 0, 0, 0.02%, 1, 0, 1, 7.94, 6524, 11, 3766, 0
886, 46, 1, 5, 0, 0, 0.02%, 1, 0, 1, 5.76, 6552, 11, 3789, 0
891, 46, 1, 5, 0, 0, 0.02%, 1, 0, 1, 5.80, 6582, 11, 3811, 0
896, 47, 1, 5, 0, 0, 0.02%, 1, 0, 1, 6.48, 6616, 11, 3834, 0
898, 47, 1, 5, 0, 0, 0.02%, 1, 0, 1, 8.62, 6634, 11, 3840, 0
