# relative_time, cycles_done, cur_item, corpus_count, pending_total, pending_favs, map_size, saved_crashes, saved_hangs, max_depth, execs_per_sec, total_execs, edges_found, total_crashes, servers_count
61, 10, 1, 5, 0, 0, 0.10%, 0, 0, 1, 25.31, 1547, 63, 0, 0
66, 11, 1, 5, 0, 0, 0.10%, 0, 0, 1, 25.32, 1679, 63, 0, 0
72, 12, 1, 5, 0, 0, 0.10%, 0, 0, 1, 25.31, 1809, 63, 0, 0
77, 13, 1, 5, 0, 0, 0.10%, 0, 0, 1, 25.32, 1941, 63, 0, 0
82, 14, 1, 5, 0, 0, 0.10%, 0, 0, 1, 25.32, 2072, 63, 0, 0
87, 15, 1, 5, 0, 0, 0.10%, 0, 0, 1, 25.37, 2204, 63, 0, 0
92, 16, 1, 5, 0, 0, 0.10%, 0, 0, 1, 25.38, 2336, 63, 0, 0
98, 17, 1, 5, 0, 0, 0.10%, 0, 0, 1, 25.31, 2468, 63, 0, 0
103, 18, 1, 5, 0, 0, 0.10%, 0, 0, 1, 25.09, 2597, 63, 0, 0
108, 19, 1, 5, 0, 0, 0.10%, 0, 0, 1, 25.05, 2725, 63, 0, 0
113, 20, 1, 5, 0, 0, 0.10%, 0, 0, 1, 25.00, 2854, 63, 0, 0
118, 21, 1, 5, 0, 0, 0.10%, 0, 0, 1, 25.04, 2984, 63, 0, 0
123, 21, 1, 5, 0, 0, 0.10%, 0, 0, 1, 24.27, 3105, 63, 0, 0
128, 22, 1, 5, 0, 0, 0.10%, 0, 0, 1, 24.10, 3230, 63, 0, 0
133, 23, 1, 5, 0, 0, 0.10%, 0, 0, 1, 23.99, 3350, 63, 0, 0
139, 24, 1, 5, 0, 0, 0.10%, 0, 0, 1, 24.05, 3475, 63, 0, 0
144, 25, 1, 5, 0, 0, 0.10%, 0, 0, 1, 24.01, 3600, 63, 0, 0
149, 26, 1, 5, 0, 0, 0.10%, 0, 0, 1, 23.98, 3720, 63, 0, 0
154, 27, 1, 5, 0, 0, 0.10%, 0, 0, 1, 24.03, 3845, 63, 0, 0
159, 28, 1, 5, 0, 0, 0.10%, 0, 0, 1, 24.02, 3970, 63, 0, 0
164, 28, 1, 5, 0, 0, 0.10%, 0, 0, 1, 24.08, 4095, 63, 0, 0
170, 29, 1, 5, 0, 0, 0.10%, 0, 0, 1, 24.12, 4220, 63, 0, 0
175, 30, 1, 5, 0, 0, 0.10%, 0, 0, 1, 24.14, 4345, 63, 0, 0
180, 31, 1, 5, 0, 0, 0.10%, 0, 0, 1, 24.05, 4470, 63, 0, 0
185, 32, 1, 5, 0, 0, 0.10%, 0, 0, 1, 24.24, 4595, 63, 0, 0
190, 33, 1, 5, 0, 0, 0.10%, 0, 0, 1, 24.43, 4720, 63, 0, 0
195, 34, 1, 5, 0, 0, 0.10%, 0, 0, 1, 24.51, 4845, 63, 0, 0
201, 35, 1, 5, 0, 0, 0.10%, 0, 0, 1, 24.47, 4970, 63, 0, 0
206, 36, 1, 5, 0, 0, 0.10%, 0, 0, 1, 24.50, 5095, 63, 0, 0
211, 37, 1, 5, 0, 0, 0.10%, 0, 0, 1, 24.55, 5220, 63, 0, 0
216, 37, 1, 5, 0, 0, 0.10%, 0, 0, 1, 24.39, 5345, 63, 0, 0
221, 38, 1, 5, 0, 0, 0.10%, 0, 0, 1, 23.83, 5465, 63, 0, 0
226, 39, 1, 5, 0, 0, 0.10%, 0, 0, 1, 23.65, 5585, 63, 0, 0
231, 40, 1, 5, 0, 0, 0.10%, 0, 0, 1, 23.59, 5705, 63, 0, 0
236, 41, 1, 5, 0, 0, 0.10%, 0, 0, 1, 24.47, 5832, 63, 0, 0
241, 42, 1, 5, 0, 0, 0.10%, 0, 0, 1, 24.19, 5953, 63, 0, 0
246, 43, 1, 5, 0, 0, 0.10%, 0, 0, 1, 24.72, 6079, 63, 0, 0
251, 44, 1, 5, 0, 0, 0.10%, 0, 0, 1, 24.74, 6204, 63, 0, 0
256, 44, 1, 5, 0, 0, 0.10%, 0, 0, 1, 24.83, 6331, 63, 0, 0
262, 45, 1, 5, 0, 0, 0.10%, 0, 0, 1, 24.85, 6456, 63, 0, 0
267, 46, 1, 5, 0, 0, 0.10%, 0, 0, 1, 24.88, 6582, 63, 0, 0
272, 47, 1, 5, 0, 0, 0.10%, 0, 0, 1, 24.93, 6707, 63, 0, 0
277, 48, 1, 5, 0, 0, 0.10%, 0, 0, 1, 24.91, 6832, 63, 0, 0
282, 49, 1, 5, 0, 0, 0.10%, 0, 0, 1, 24.89, 6958, 63, 0, 0
287, 50, 1, 5, 0, 0, 0.10%, 0, 0, 1, 24.95, 7086, 63, 0, 0
292, 51, 1, 5, 0, 0, 0.10%, 0, 0, 1, 24.93, 7214, 63, 0, 0
297, 52, 1, 5, 0, 0, 0.10%, 0, 0, 1, 24.90, 7341, 63, 0, 0
302, 53, 1, 5, 0, 0, 0.10%, 0, 0, 1, 24.82, 7466, 63, 0, 0
307, 53, 1, 5, 0, 0, 0.10%, 0, 0, 1, 24.85, 7592, 63, 0, 0
312, 54, 1, 5, 0, 0, 0.10%, 0, 0, 1, 24.80, 7717, 63, 0, 0
317, 55, 1, 5, 0, 0, 0.10%, 0, 0, 1, 24.80, 7843, 63, 0, 0
322, 56, 1, 5, 0, 0, 0.10%, 0, 0, 1, 24.81, 7968, 63, 0, 0
327, 57, 1, 5, 0, 0, 0.10%, 0, 0, 1, 24.80, 8094, 63, 0, 0
332, 58, 1, 5, 0, 0, 0.10%, 0, 0, 1, 24.83, 8219, 63, 0, 0
337, 59, 1, 5, 0, 0, 0.10%, 0, 0, 1, 24.84, 8344, 63, 0, 0
342, 60, 1, 5, 0, 0, 0.10%, 0, 0, 1, 24.85, 8469, 63, 0, 0
348, 61, 1, 5, 0, 0, 0.10%, 0, 0, 1, 24.82, 8594, 63, 0, 0
353, 62, 1, 5, 0, 0, 0.10%, 0, 0, 1, 24.80, 8719, 63, 0, 0
358, 62, 1, 5, 0, 0, 0.10%, 0, 0, 1, 25.07, 8850, 63, 0, 0
363, 63, 1, 5, 0, 0, 0.10%, 0, 0, 1, 25.17, 8979, 63, 0, 0
368, 64, 1, 5, 0, 0, 0.10%, 0, 0, 1, 25.22, 9109, 63, 0, 0
373, 65, 1, 5, 0, 0, 0.10%, 0, 0, 1, 25.17, 9235, 63, 0, 0
378, 66, 1, 5, 0, 0, 0.10%, 0, 0, 1, 25.23, 9364, 63, 0, 0
383, 67, 1, 5, 0, 0, 0.10%, 0, 0, 1, 25.26, 9495, 63, 0, 0
388, 68, 1, 5, 0, 0, 0.10%, 0, 0, 1, 25.22, 9624, 63, 0, 0
394, 69, 1, 5, 0, 0, 0.10%, 0, 0, 1, 25.21, 9754, 63, 0, 0
399, 70, 1, 5, 0, 0, 0.10%, 0, 0, 1, 25.21, 9882, 63, 0, 0
404, 71, 1, 5, 0, 0, 0.10%, 0, 0, 1, 25.21, 10012, 63, 0, 0
409, 72, 1, 5, 0, 0, 0.10%, 0, 0, 1, 25.23, 10143, 63, 0, 0
414, 73, 1, 5, 0, 0, 0.10%, 0, 0, 1, 25.26, 10274, 63, 0, 0
419, 74, 1, 5, 0, 0, 0.10%, 0, 0, 1, 25.13, 10402, 63, 0, 0
424, 74, 1, 5, 0, 0, 0.10%, 0, 0, 1, 25.04, 10527, 63, 0, 0
430, 75, 1, 5, 0, 0, 0.10%, 0, 0, 1, 25.23, 10659, 63, 0, 0
435, 76, 1, 5, 0, 0, 0.10%, 0, 0, 1, 25.22, 10786, 63, 0, 0
440, 77, 1, 5, 0, 0, 0.10%, 0, 0, 1, 25.28, 10916, 63, 0, 0
445, 78, 1, 5, 0, 0, 0.10%, 0, 0, 1, 25.25, 11046, 63, 0, 0
450, 79, 1, 5, 0, 0, 0.10%, 0, 0, 1, 25.25, 11178, 63, 0, 0
455, 80, 1, 5, 0, 0, 0.10%, 0, 0, 1, 25.26, 11308, 63, 0, 0
460, 81, 1, 5, 0, 0, 0.10%, 0, 0, 1, 25.40, 11440, 63, 0, 0
466, 82, 1, 5, 0, 0, 0.10%, 0, 0, 1, 25.44, 11572, 63, 0, 0
471, 83, 1, 5, 0, 0, 0.10%, 0, 0, 1, 25.43, 11704, 63, 0, 0
476, 84, 1, 5, 0, 0, 0.10%, 0, 0, 1, 25.45, 11836, 63, 0, 0
481, 85, 1, 5, 0, 0, 0.10%, 0, 0, 1, 25.44, 11967, 63, 0, 0
486, 86, 1, 5, 0, 0, 0.10%, 0, 0, 1, 25.43, 12098, 63, 0, 0
491, 87, 1, 5, 0, 0, 0.10%, 0, 0, 1, 25.46, 12230, 63, 0, 0
497, 88, 1, 5, 0, 0, 0.10%, 0, 0, 1, 25.48, 12362, 63, 0, 0
502, 88, 1, 5, 0, 0, 0.10%, 0, 0, 1, 25.51, 12494, 63, 0, 0
507, 89, 1, 5, 0, 0, 0.10%, 0, 0, 1, 25.50, 12625, 63, 0, 0
512, 90, 1, 5, 0, 0, 0.10%, 0, 0, 1, 25.54, 12757, 63, 0, 0
517, 91, 1, 5, 0, 0, 0.10%, 0, 0, 1, 25.17, 12887, 63, 0, 0
522, 92, 1, 5, 0, 0, 0.10%, 0, 0, 1, 24.42, 13012, 63, 0, 0
528, 93, 1, 5, 0, 0, 0.10%, 0, 0, 1, 24.37, 13137, 63, 0, 0
533, 94, 1, 5, 0, 0, 0.10%, 0, 0, 1, 24.11, 13262, 63, 0, 0
538, 95, 1, 5, 0, 0, 0.10%, 0, 0, 1, 23.98, 13382, 63, 0, 0
543, 96, 1, 5, 0, 0, 0.10%, 0, 0, 1, 23.93, 13502, 63, 0, 0
548, 97, 1, 5, 0, 0, 0.10%, 0, 0, 1, 23.93, 13622, 63, 0, 0
553, 97, 1, 5, 0, 0, 0.10%, 0, 0, 1, 23.71, 13742, 63, 0, 0
558, 98, 1, 5, 0, 0, 0.10%, 0, 0, 1, 23.67, 13862, 63, 0, 0
563, 99, 1, 5, 0, 0, 0.10%, 0, 0, 1, 23.68, 13982, 63, 0, 0
568, 100, 1, 5, 0, 0, 0.10%, 0, 0, 1, 23.70, 14102, 63, 0, 0
573, 101, 1, 5, 0, 0, 0.10%, 0, 0, 1, 23.70, 14222, 63, 0, 0
578, 102, 1, 5, 0, 0, 0.10%, 0, 0, 1, 23.70, 14342, 63, 0, 0
583, 103, 1, 5, 0, 0, 0.10%, 0, 0, 1, 23.67, 14462, 63, 0, 0
588, 103, 1, 5, 0, 0, 0.10%, 0, 0, 1, 23.71, 14582, 63, 0, 0
593, 104, 1, 5, 0, 0, 0.10%, 0, 0, 1, 23.76, 14702, 63, 0, 0
598, 105, 1, 5, 0, 0, 0.10%, 0, 0, 1, 23.66, 14822, 63, 0, 0
604, 106, 1, 5, 0, 0, 0.10%, 0, 0, 1, 23.67, 14942, 63, 0, 0
609, 107, 1, 5, 0, 0, 0.10%, 0, 0, 1, 23.77, 15062, 63, 0, 0
614, 108, 1, 5, 0, 0, 0.10%, 0, 0, 1, 24.74, 15190, 63, 0, 0
619, 109, 1, 5, 0, 0, 0.10%, 0, 0, 1, 25.00, 15316, 63, 0, 0
624, 110, 1, 5, 0, 0, 0.10%, 0, 0, 1, 25.09, 15444, 63, 0, 0
629, 110, 1, 5, 0, 0, 0.10%, 0, 0, 1, 25.09, 15572, 63, 0, 0
634, 111, 1, 5, 0, 0, 0.10%, 0, 0, 1, 25.06, 15700, 63, 0, 0
639, 112, 1, 5, 0, 0, 0.10%, 0, 0, 1, 25.04, 15829, 63, 0, 0
644, 113, 1, 5, 0, 0, 0.10%, 0, 0, 1, 25.09, 15960, 63, 0, 0
650, 114, 1, 5, 0, 0, 0.10%, 0, 0, 1, 24.54, 16086, 63, 0, 0
655, 115, 1, 5, 0, 0, 0.10%, 0, 0, 1, 24.11, 16206, 63, 0, 0
660, 116, 1, 5, 0, 0, 0.10%, 0, 0, 1, 24.12, 16331, 63, 0, 0
665, 117, 1, 5, 0, 0, 0.10%, 0, 0, 1, 24.23, 16456, 63, 0, 0
670, 118, 1, 5, 0, 0, 0.10%, 0, 0, 1, 24.02, 16576, 63, 0, 0
675, 118, 1, 5, 0, 0, 0.10%, 0, 0, 1, 24.00, 16696, 63, 0, 0
680, 119, 1, 5, 0, 0, 0.10%, 0, 0, 1, 24.01, 16821, 63, 0, 0
685, 120, 1, 5, 0, 0, 0.10%, 0, 0, 1, 24.04, 16946, 63, 0, 0
690, 121, 1, 5, 0, 0, 0.10%, 0, 0, 1, 24.00, 17066, 63, 0, 0
695, 122, 1, 5, 0, 0, 0.10%, 0, 0, 1, 24.00, 17186, 63, 0, 0
700, 123, 1, 5, 0, 0, 0.10%, 0, 0, 1, 24.01, 17311, 63, 0, 0
706, 124, 1, 5, 0, 0, 0.10%, 0, 0, 1, 24.05, 17436, 63, 0, 0
711, 125, 1, 5, 0, 0, 0.10%, 0, 0, 1, 24.09, 17561, 63, 0, 0
716, 126, 1, 5, 0, 0, 0.10%, 0, 0, 1, 24.04, 17686, 63, 0, 0
721, 126, 1, 5, 0, 0, 0.10%, 0, 0, 1, 23.85, 17806, 63, 0, 0
726, 127, 1, 5, 0, 0, 0.10%, 0, 0, 1, 23.84, 17926, 63, 0, 0
731, 128, 1, 5, 0, 0, 0.10%, 0, 0, 1, 24.00, 18046, 63, 0, 0
736, 129, 1, 5, 0, 0, 0.10%, 0, 0, 1, 24.23, 18171, 63, 0, 0
741, 130, 1, 5, 0, 0, 0.10%, 0, 0, 1, 24.24, 18296, 63, 0, 0
746, 131, 1, 5, 0, 0, 0.10%, 0, 0, 1, 24.01, 18416, 63, 0, 0
751, 132, 1, 5, 0, 0, 0.10%, 0, 0, 1, 23.97, 18536, 63, 0, 0
756, 132, 1, 5, 0, 0, 0.10%, 0, 0, 1, 24.05, 18656, 63, 0, 0
762, 133, 1, 5, 0, 0, 0.10%, 0, 0, 1, 25.12, 18788, 63, 0, 0
767, 134, 1, 5, 0, 0, 0.10%, 0, 0, 1, 25.62, 18919, 63, 0, 0
772, 135, 1, 5, 0, 0, 0.10%, 0, 0, 1, 25.43, 19047, 63, 0, 0
777, 136, 1, 5, 0, 0, 0.10%, 0, 0, 1, 25.00, 19172, 63, 0, 0
782, 137, 1, 5, 0, 0, 0.10%, 0, 0, 1, 24.92, 19300, 63, 0, 0
787, 138, 1, 5, 0, 0, 0.10%, 0, 0, 1, 24.92, 19426, 63, 0, 0
792, 139, 1, 5, 0, 0, 0.10%, 0, 0, 1, 24.91, 19555, 63, 0, 0
797, 140, 1, 5, 0, 0, 0.10%, 0, 0, 1, 24.88, 19682, 63, 0, 0
802, 141, 1, 5, 0, 0, 0.10%, 0, 0, 1, 24.84, 19810, 63, 0, 0
808, 142, 1, 5, 0, 0, 0.10%, 0, 0, 1, 24.97, 19940, 63, 0, 0
813, 143, 1, 5, 0, 0, 0.10%, 0, 0, 1, 25.19, 20069, 63, 0, 0
818, 144, 1, 5, 0, 0, 0.10%, 0, 0, 1, 25.25, 20199, 63, 0, 0
823, 144, 1, 5, 0, 0, 0.10%, 0, 0, 1, 25.31, 20330, 63, 0, 0
828, 145, 1, 5, 0, 0, 0.10%, 0, 0, 1, 24.52, 20455, 63, 0, 0
833, 146, 1, 5, 0, 0, 0.10%, 0, 0, 1, 24.24, 20580, 63, 0, 0
838, 147, 1, 5, 0, 0, 0.10%, 0, 0, 1, 24.13, 20705, 63, 0, 0
844, 148, 1, 5, 0, 0, 0.10%, 0, 0, 1, 24.12, 20830, 63, 0, 0
849, 149, 1, 5, 0, 0, 0.10%, 0, 0, 1, 24.12, 20955, 63, 0, 0
854, 150, 1, 5, 0, 0, 0.10%, 0, 0, 1, 24.12, 21080, 63, 0, 0
859, 151, 1, 5, 0, 0, 0.10%, 0, 0, 1, 24.15, 21205, 63, 0, 0
864, 152, 1, 5, 0, 0, 0.10%, 0, 0, 1, 24.14, 21330, 63, 0, 0
870, 152, 1, 5, 0, 0, 0.10%, 0, 0, 1, 24.09, 21455, 63, 0, 0
875, 153, 1, 5, 0, 0, 0.10%, 0, 0, 1, 24.08, 21580, 63, 0, 0
880, 154, 1, 5, 0, 0, 0.10%, 0, 0, 1, 23.99, 21700, 63, 0, 0
885, 155, 1, 5, 0, 0, 0.10%, 0, 0, 1, 24.02, 21825, 63, 0, 0
890, 156, 1, 5, 0, 0, 0.10%, 0, 0, 1, 23.97, 21945, 63, 0, 0
895, 157, 1, 5, 0, 0, 0.10%, 0, 0, 1, 24.02, 22067, 63, 0, 0
897, 157, 1, 5, 0, 0, 0.10%, 0, 0, 1, 24.15, 22109, 63, 0, 0
