# relative_time, cycles_done, cur_item, corpus_count, pending_total, pending_favs, map_size, saved_crashes, saved_hangs, max_depth, execs_per_sec, total_execs, edges_found, total_crashes, servers_count
60, 13, 1, 5, 0, 0, 0.24%, 0, 0, 1, 32.29, 1975, 159, 0, 0
65, 14, 1, 5, 0, 0, 0.24%, 0, 0, 1, 32.06, 2136, 159, 0, 0
70, 16, 1, 5, 0, 0, 0.24%, 0, 0, 1, 31.90, 2297, 159, 0, 0
75, 17, 1, 5, 0, 0, 0.24%, 0, 0, 1, 32.12, 2458, 159, 0, 0
80, 18, 1, 5, 0, 0, 0.24%, 0, 0, 1, 32.41, 2626, 159, 0, 0
85, 19, 1, 5, 0, 0, 0.24%, 0, 0, 1, 32.29, 2794, 159, 0, 0
91, 20, 1, 5, 0, 0, 0.24%, 0, 0, 1, 32.50, 2962, 159, 0, 0
96, 22, 1, 5, 0, 0, 0.24%, 0, 0, 1, 32.27, 3130, 159, 0, 0
101, 23, 1, 5, 0, 0, 0.24%, 0, 0, 1, 32.32, 3298, 159, 0, 0
106, 24, 1, 5, 0, 0, 0.24%, 0, 0, 1, 32.22, 3466, 159, 0, 0
111, 25, 1, 5, 0, 0, 0.24%, 0, 0, 1, 32.14, 3627, 159, 0, 0
116, 26, 1, 5, 0, 0, 0.24%, 0, 0, 1, 31.99, 3788, 159, 0, 0
121, 27, 1, 5, 0, 0, 0.24%, 0, 0, 1, 31.99, 3949, 159, 0, 0
126, 29, 1, 5, 0, 0, 0.24%, 0, 0, 1, 31.98, 4110, 159, 0, 0
131, 30, 1, 5, 0, 0, 0.24%, 0, 0, 1, 32.05, 4271, 159, 0, 0
136, 31, 1, 5, 0, 0, 0.24%, 0, 0, 1, 32.09, 4432, 159, 0, 0
141, 32, 1, 5, 0, 0, 0.24%, 0, 0, 1, 32.05, 4593, 159, 0, 0
146, 33, 1, 5, 0, 0, 0.24%, 0, 0, 1, 32.04, 4754, 159, 0, 0
152, 34, 1, 5, 0, 0, 0.24%, 0, 0, 1, 32.25, 4922, 159, 0, 0
157, 36, 1, 5, 0, 0, 0.24%, 0, 0, 1, 32.13, 5083, 159, 0, 0
162, 37, 1, 5, 0, 0, 0.24%, 0, 0, 1, 32.12, 5244, 159, 0, 0
167, 38, 1, 5, 0, 0, 0.24%, 0, 0, 1, 32.36, 5412, 159, 0, 0
172, 39, 1, 5, 0, 0, 0.24%, 0, 0, 1, 32.15, 5573, 159, 0, 0
177, 40, 1, 5, 0, 0, 0.24%, 0, 0, 1, 32.07, 5734, 159, 0, 0
182, 41, 1, 5, 0, 0, 0.24%, 0, 0, 1, 32.00, 5895, 159, 0, 0
187, 43, 1, 5, 0, 0, 0.24%, 0, 0, 1, 32.16, 6063, 159, 0, 0
192, 44, 1, 5, 0, 0, 0.24%, 0, 0, 1, 32.29, 6231, 159, 0, 0
198, 45, 1, 5, 0, 0, 0.24%, 0, 0, 1, 32.28, 6399, 159, 0, 0
203, 46, 1, 5, 0, 0, 0.24%, 0, 0, 1, 33.00, 6567, 159, 0, 0
208, 47, 1, 5, 0, 0, 0.24%, 0, 0, 1, 32.24, 6728, 159, 0, 0
213, 48, 1, 5, 0, 0, 0.24%, 0, 0, 1, 32.15, 6889, 159, 0, 0
218, 50, 1, 5, 0, 0, 0.24%, 0, 0, 1, 32.19, 7057, 159, 0, 0
223, 51, 1, 5, 0, 0, 0.24%, 0, 0, 1, 32.08, 7218, 159, 0, 0
228, 52, 1, 5, 0, 0, 0.24%, 0, 0, 1, 32.03, 7379, 159, 0, 0
233, 53, 1, 5, 0, 0, 0.24%, 0, 0, 1, 32.03, 7540, 159, 0, 0
238, 54, 1, 5, 0, 0, 0.24%, 0, 0, 1, 31.95, 7701, 159, 0, 0
243, 55, 1, 5, 0, 0, 0.24%, 0, 0, 1, 32.16, 7862, 159, 0, 0
248, 57, 1, 5, 0, 0, 0.24%, 0, 0, 1, 32.26, 8030, 159, 0, 0
253, 58, 1, 5, 0, 0, 0.24%, 0, 0, 1, 32.20, 8191, 159, 0, 0
258, 59, 1, 5, 0, 0, 0.24%, 0, 0, 1, 32.18, 8352, 159, 0, 0
263, 60, 1, 5, 0, 0, 0.24%, 0, 0, 1, 31.94, 8513, 159, 0, 0
268, 61, 1, 5, 0, 0, 0.24%, 0, 0, 1, 32.48, 8681, 159, 0, 0
273, 62, 1, 5, 0, 0, 0.24%, 0, 0, 1, 32.09, 8842, 159, 0, 0
278, 64, 1, 5, 0, 0, 0.24%, 0, 0, 1, 32.05, 9003, 159, 0, 0
283, 65, 1, 5, 0, 0, 0.24%, 0, 0, 1, 32.17, 9164, 159, 0, 0
289, 66, 1, 5, 0, 0, 0.24%, 0, 0, 1, 32.39, 9332, 159, 0, 0
294, 67, 1, 5, 0, 0, 0.24%, 0, 0, 1, 32.31, 9500, 159, 0, 0
299, 68, 1, 5, 0, 0, 0.24%, 0, 0, 1, 32.22, 9661, 159, 0, 0
304, 69, 1, 5, 0, 0, 0.24%, 0, 0, 1, 32.17, 9822, 159, 0, 0
309, 71, 1, 5, 0, 0, 0.24%, 0, 0, 1, 32.11, 9983, 159, 0, 0
314, 72, 1, 5, 0, 0, 0.24%, 0, 0, 1, 32.37, 10151, 159, 0, 0
319, 73, 1, 5, 0, 0, 0.24%, 0, 0, 1, 32.28, 10319, 159, 0, 0
324, 74, 1, 5, 0, 0, 0.24%, 0, 0, 1, 32.24, 10487, 159, 0, 0
330, 75, 1, 5, 0, 0, 0.24%, 0, 0, 1, 32.23, 10655, 159, 0, 0
335, 76, 1, 5, 0, 0, 0.24%, 0, 0, 1, 32.03, 10816, 159, 0, 0
340, 78, 1, 5, 0, 0, 0.24%, 0, 0, 1, 32.48, 10984, 159, 0, 0
345, 79, 1, 5, 0, 0, 0.24%, 0, 0, 1, 32.34, 11152, 159, 0, 0
350, 80, 1, 5, 0, 0, 0.24%, 0, 0, 1, 32.21, 11313, 159, 0, 0
355, 81, 1, 5, 0, 0, 0.24%, 0, 0, 1, 32.11, 11474, 159, 0, 0
360, 82, 1, 5, 0, 0, 0.24%, 0, 0, 1, 32.49, 11642, 159, 0, 0
365, 84, 1, 5, 0, 0, 0.24%, 0, 0, 1, 32.24, 11810, 159, 0, 0
371, 85, 1, 5, 0, 0, 0.24%, 0, 0, 1, 32.42, 11978, 159, 0, 0
376, 86, 1, 5, 0, 0, 0.24%, 0, 0, 1, 32.50, 12146, 159, 0, 0
381, 87, 1, 5, 0, 0, 0.24%, 0, 0, 1, 33.16, 12314, 159, 0, 0
386, 88, 1, 5, 0, 0, 0.24%, 0, 0, 1, 33.40, 12482, 159, 0, 0
391, 90, 1, 5, 0, 0, 0.24%, 0, 0, 1, 33.22, 12650, 159, 0, 0
396, 91, 1, 5, 0, 0, 0.24%, 0, 0, 1, 32.54, 12818, 159, 0, 0
401, 92, 1, 5, 0, 0, 0.24%, 0, 0, 1, 32.39, 12986, 159, 0, 0
406, 93, 1, 5, 0, 0, 0.24%, 0, 0, 1, 32.38, 13154, 159, 0, 0
412, 94, 1, 5, 0, 0, 0.24%, 0, 0, 1, 32.18, 13315, 159, 0, 0
417, 96, 1, 5, 0, 0, 0.24%, 0, 0, 1, 32.22, 13483, 159, 0, 0
422, 97, 1, 5, 0, 0, 0.24%, 0, 0, 1, 32.27, 13651, 159, 0, 0
427, 98, 1, 5, 0, 0, 0.24%, 0, 0, 1, 32.38, 13819, 159, 0, 0
432, 99, 1, 5, 0, 0, 0.24%, 0, 0, 1, 32.86, 13987, 159, 0, 0
437, 100, 1, 5, 0, 0, 0.24%, 0, 0, 1, 32.59, 14155, 159, 0, 0
442, 101, 1, 5, 0, 0, 0.24%, 0, 0, 1, 32.13, 14316, 159, 0, 0
448, 103, 1, 5, 0, 0, 0.24%, 0, 0, 1, 32.28, 14484, 159, 0, 0
453, 104, 1, 5, 0, 0, 0.24%, 0, 0, 1, 32.24, 14645, 159, 0, 0
458, 105, 1, 5, 0, 0, 0.24%, 0, 0, 1, 32.24, 14813, 159, 0, 0
463, 106, 1, 5, 0, 0, 0.24%, 0, 0, 1, 32.18, 14974, 159, 0, 0
468, 107, 1, 5, 0, 0, 0.24%, 0, 0, 1, 32.23, 15142, 159, 0, 0
473, 109, 1, 5, 0, 0, 0.24%, 0, 0, 1, 32.21, 15310, 159, 0, 0
478, 110, 1, 5, 0, 0, 0.24%, 0, 0, 1, 32.20, 15478, 159, 0, 0
483, 111, 1, 5, 0, 0, 0.24%, 0, 0, 1, 32.19, 15639, 159, 0, 0
489, 112, 1, 5, 0, 0, 0.24%, 0, 0, 1, 32.17, 15806, 159, 0, 0
494, 113, 1, 5, 0, 0, 0.24%, 0, 0, 1, 32.20, 15974, 159, 0, 0
499, 115, 1, 5, 0, 0, 0.24%, 0, 0, 1, 32.20, 16142, 159, 0, 0
504, 116, 1, 5, 0, 0, 0.24%, 0, 0, 1, 32.42, 16310, 159, 0, 0
509, 117, 1, 5, 0, 0, 0.24%, 0, 0, 1, 32.38, 16478, 159, 0, 0
515, 118, 1, 5, 0, 0, 0.24%, 0, 0, 1, 32.28, 16646, 159, 0, 0
520, 119, 1, 5, 0, 0, 0.24%, 0, 0, 1, 32.23, 16807, 159, 0, 0
525, 120, 1, 5, 0, 0, 0.24%, 0, 0, 1, 32.37, 16975, 159, 0, 0
530, 122, 1, 5, 0, 0, 0.24%, 0, 0, 1, 32.32, 17143, 159, 0, 0
535, 123, 1, 5, 0, 0, 0.24%, 0, 0, 1, 32.22, 17311, 159, 0, 0
540, 124, 1, 5, 0, 0, 0.24%, 0, 0, 1, 32.18, 17472, 159, 0, 0
545, 125, 1, 5, 0, 0, 0.24%, 0, 0, 1, 32.16, 17633, 159, 0, 0
551, 126, 1, 5, 0, 0, 0.24%, 0, 0, 1, 32.25, 17801, 159, 0, 0
556, 128, 1, 5, 0, 0, 0.24%, 0, 0, 1, 32.24, 17969, 159, 0, 0
561, 129, 1, 5, 0, 0, 0.24%, 0, 0, 1, 32.25, 18137, 159, 0, 0
566, 130, 1, 5, 0, 0, 0.24%, 0, 0, 1, 32.24, 18305, 159, 0, 0
571, 131, 1, 5, 0, 0, 0.24%, 0, 0, 1, 32.38, 18473, 159, 0, 0
576, 132, 1, 5, 0, 0, 0.24%, 0, 0, 1, 32.16, 18634, 159, 0, 0
581, 133, 1, 5, 0, 0, 0.24%, 0, 0, 1, 32.06, 18795, 159, 0, 0
586, 135, 1, 5, 0, 0, 0.24%, 0, 0, 1, 32.05, 18956, 159, 0, 0
592, 136, 1, 5, 0, 0, 0.24%, 0, 0, 1, 32.22, 19124, 159, 0, 0
597, 137, 1, 5, 0, 0, 0.24%, 0, 0, 1, 32.33, 19292, 159, 0, 0
602, 138, 1, 5, 0, 0, 0.24%, 0, 0, 1, 32.32, 19460, 159, 0, 0
607, 139, 1, 5, 0, 0, 0.24%, 0, 0, 1, 32.28, 19628, 159, 0, 0
612, 141, 1, 5, 0, 0, 0.24%, 0, 0, 1, 32.25, 19796, 159, 0, 0
618, 142, 1, 5, 0, 0, 0.24%, 0, 0, 1, 32.43, 19964, 159, 0, 0
623, 143, 1, 5, 0, 0, 0.24%, 0, 0, 1, 32.51, 20132, 159, 0, 0
628, 144, 1, 5, 0, 0, 0.24%, 0, 0, 1, 32.40, 20300, 159, 0, 0
633, 145, 1, 5, 0, 0, 0.24%, 0, 0, 1, 32.19, 20461, 159, 0, 0
638, 147, 1, 5, 0, 0, 0.24%, 0, 0, 1, 32.31, 20629, 159, 0, 0
643, 148, 1, 5, 0, 0, 0.24%, 0, 0, 1, 32.35, 20797, 159, 0, 0
649, 149, 1, 5, 0, 0, 0.24%, 0, 0, 1, 32.19, 20965, 159, 0, 0
654, 150, 1, 5, 0, 0, 0.24%, 0, 0, 1, 32.07, 21126, 159, 0, 0
659, 151, 1, 5, 0, 0, 0.24%, 0, 0, 1, 32.05, 21287, 159, 0, 0
664, 152, 1, 5, 0, 0, 0.24%, 0, 0, 1, 32.28, 21455, 159, 0, 0
669, 154, 1, 5, 0, 0, 0.24%, 0, 0, 1, 32.12, 21616, 159, 0, 0
674, 155, 1, 5, 0, 0, 0.24%, 0, 0, 1, 32.19, 21777, 159, 0, 0
679, 156, 1, 5, 0, 0, 0.24%, 0, 0, 1, 32.55, 21945, 159, 0, 0
684, 157, 1, 5, 0, 0, 0.24%, 0, 0, 1, 32.50, 22113, 159, 0, 0
689, 158, 1, 5, 0, 0, 0.24%, 0, 0, 1, 32.30, 22281, 159, 0, 0
694, 160, 1, 5, 0, 0, 0.24%, 0, 0, 1, 32.15, 22442, 159, 0, 0
699, 161, 1, 5, 0, 0, 0.24%, 0, 0, 1, 32.15, 22603, 159, 0, 0
704, 162, 1, 5, 0, 0, 0.24%, 0, 0, 1, 32.11, 22764, 159, 0, 0
709, 163, 1, 5, 0, 0, 0.24%, 0, 0, 1, 32.08, 22925, 159, 0, 0
715, 164, 1, 5, 0, 0, 0.24%, 0, 0, 1, 32.40, 23093, 159, 0, 0
720, 165, 1, 5, 0, 0, 0.24%, 0, 0, 1, 32.31, 23261, 159, 0, 0
725, 167, 1, 5, 0, 0, 0.24%, 0, 0, 1, 32.02, 23422, 159, 0, 0
730, 168, 1, 5, 0, 0, 0.24%, 0, 0, 1, 31.27, 23580, 159, 0, 0
735, 169, 1, 5, 0, 0, 0.24%, 0, 0, 1, 31.05, 23739, 159, 0, 0
740, 170, 1, 5, 0, 0, 0.24%, 0, 0, 1, 32.36, 23907, 159, 0, 0
745, 171, 1, 5, 0, 0, 0.24%, 0, 0, 1, 32.69, 24075, 159, 0, 0
750, 172, 1, 5, 0, 0, 0.24%, 0, 0, 1, 32.28, 24236, 159, 0, 0
756, 174, 1, 5, 0, 0, 0.24%, 0, 0, 1, 32.28, 24404, 159, 0, 0
761, 175, 1, 5, 0, 0, 0.24%, 0, 0, 1, 32.30, 24572, 159, 0, 0
766, 176, 1, 5, 0, 0, 0.24%, 0, 0, 1, 32.28, 24740, 159, 0, 0
771, 177, 1, 5, 0, 0, 0.24%, 0, 0, 1, 32.29, 24908, 159, 0, 0
776, 178, 1, 5, 0, 0, 0.24%, 0, 0, 1, 32.16, 25069, 159, 0, 0
781, 179, 1, 5, 0, 0, 0.24%, 0, 0, 1, 32.20, 25237, 159, 0, 0
787, 181, 1, 5, 0, 0, 0.24%, 0, 0, 1, 32.50, 25405, 159, 0, 0
792, 182, 1, 5, 0, 0, 0.24%, 0, 0, 1, 32.32, 25573, 159, 0, 0
797, 183, 1, 5, 0, 0, 0.24%, 0, 0, 1, 32.16, 25734, 159, 0, 0
802, 184, 1, 5, 0, 0, 0.24%, 0, 0, 1, 32.13, 25895, 159, 0, 0
807, 185, 1, 5, 0, 0, 0.24%, 0, 0, 1, 32.28, 26063, 159, 0, 0
812, 187, 1, 5, 0, 0, 0.24%, 0, 0, 1, 32.20, 26231, 159, 0, 0
817, 188, 1, 5, 0, 0, 0.24%, 0, 0, 1, 32.05, 26392, 159, 0, 0
822, 189, 1, 5, 0, 0, 0.24%, 0, 0, 1, 32.16, 26553, 159, 0, 0
827, 190, 1, 5, 0, 0, 0.24%, 0, 0, 1, 32.26, 26721, 159, 0, 0
833, 191, 1, 5, 0, 0, 0.24%, 0, 0, 1, 32.20, 26889, 159, 0, 0
838, 192, 1, 5, 0, 0, 0.24%, 0, 0, 1, 32.57, 27057, 159, 0, 0
843, 194, 1, 5, 0, 0, 0.24%, 0, 0, 1, 32.09, 27218, 159, 0, 0
848, 195, 1, 5, 0, 0, 0.24%, 0, 0, 1, 32.24, 27379, 159, 0, 0
853, 196, 1, 5, 0, 0, 0.24%, 0, 0, 1, 32.51, 27547, 159, 0, 0
858, 197, 1, 5, 0, 0, 0.24%, 0, 0, 1, 32.29, 27715, 159, 0, 0
863, 198, 1, 5, 0, 0, 0.24%, 0, 0, 1, 32.21, 27883, 159, 0, 0
869, 200, 1, 5, 0, 0, 0.24%, 0, 0, 1, 32.42, 28051, 159, 0, 0
874, 201, 1, 5, 0, 0, 0.24%, 0, 0, 1, 32.11, 28212, 159, 0, 0
879, 202, 1, 5, 0, 0, 0.24%, 0, 0, 1, 32.32, 28380, 159, 0, 0
884, 203, 1, 5, 0, 0, 0.24%, 0, 0, 1, 32.23, 28548, 159, 0, 0
889, 204, 1, 5, 0, 0, 0.24%, 0, 0, 1, 32.36, 28716, 159, 0, 0
894, 205, 1, 5, 0, 0, 0.24%, 0, 0, 1, 31.37, 28873, 159, 0, 0
897, 206, 1, 5, 0, 0, 0.24%, 0, 0, 1, 29.97, 28954, 159, 0, 0
