# relative_time, cycles_done, cur_item, corpus_count, pending_total, pending_favs, map_size, saved_crashes, saved_hangs, max_depth, execs_per_sec, total_execs, edges_found, total_crashes, servers_count
61, 2, 1, 5, 0, 0, 0.24%, 1, 0, 1, 5.83, 400, 159, 248, 0
66, 2, 1, 5, 0, 0, 0.24%, 1, 0, 1, 5.32, 426, 159, 270, 0
71, 3, 1, 5, 0, 0, 0.24%, 1, 0, 1, 7.01, 467, 159, 289, 0
76, 3, 1, 5, 0, 0, 0.24%, 1, 0, 1, 5.81, 497, 159, 311, 0
82, 3, 1, 5, 0, 0, 0.24%, 1, 0, 1, 5.24, 525, 159, 332, 0
87, 3, 1, 5, 0, 0, 0.24%, 1, 0, 1, 4.84, 549, 159, 354, 0
92, 3, 1, 5, 0, 0, 0.24%, 1, 0, 1, 5.33, 580, 159, 375, 0
97, 4, 1, 5, 0, 0, 0.24%, 1, 0, 1, 6.06, 613, 159, 396, 0
102, 4, 1, 5, 0, 0, 0.24%, 1, 0, 1, 5.52, 644, 159, 417, 0
107, 4, 1, 5, 0, 0, 0.24%, 1, 0, 1, 5.08, 669, 159, 439, 0
113, 4, 1, 5, 0, 0, 0.24%, 1, 0, 1, 5.83, 700, 159, 461, 0
118, 5, 1, 5, 0, 0, 0.24%, 1, 0, 1, 7.14, 740, 159, 480, 0
123, 5, 1, 5, 0, 0, 0.24%, 1, 0, 1, 5.59, 771, 159, 501, 0
128, 5, 1, 5, 0, 0, 0.24%, 1, 0, 1, 5.39, 800, 159, 522, 0
133, 5, 1, 5, 0, 0, 0.24%, 1, 0, 1, 5.91, 831, 159, 544, 0
138, 5, 1, 5, 0, 0, 0.24%, 1, 0, 1, 5.52, 857, 159, 566, 0
143, 6, 1, 5, 0, 0, 0.24%, 1, 0, 1, 5.40, 889, 159, 588, 0
148, 6, 1, 5, 0, 0, 0.24%, 1, 0, 1, 6.32, 922, 159, 609, 0
153, 6, 1, 5, 0, 0, 0.24%, 1, 0, 1, 6.44, 960, 159, 629, 0
159, 6, 1, 5, 0, 0, 0.24%, 1, 0, 1, 6.78, 996, 159, 650, 0
164, 7, 1, 5, 0, 0, 0.24%, 1, 0, 1, 5.33, 1022, 159, 672, 0
169, 7, 1, 5, 0, 0, 0.24%, 1, 0, 1, 4.76, 1045, 159, 694, 0
174, 7, 1, 5, 0, 0, 0.24%, 1, 0, 1, 6.50, 1084, 159, 713, 0
179, 7, 1, 5, 0, 0, 0.24%, 1, 0, 1, 5.90, 1115, 159, 734, 0
184, 7, 1, 5, 0, 0, 0.24%, 1, 0, 1, 5.68, 1143, 159, 755, 0
189, 8, 1, 5, 0, 0, 0.24%, 1, 0, 1, 4.93, 1168, 159, 777, 0
195, 8, 1, 5, 0, 0, 0.24%, 1, 0, 1, 4.79, 1193, 159, 799, 0
200, 8, 1, 5, 0, 0, 0.24%, 1, 0, 1, 5.94, 1225, 159, 819, 0
205, 8, 1, 5, 0, 0, 0.24%, 1, 0, 1, 6.53, 1262, 159, 838, 0
210, 8, 1, 5, 0, 0, 0.24%, 1, 0, 1, 5.43, 1289, 159, 860, 0
215, 9, 1, 5, 0, 0, 0.24%, 1, 0, 1, 4.97, 1315, 159, 882, 0
220, 9, 1, 5, 0, 0, 0.24%, 1, 0, 1, 5.31, 1344, 159, 903, 0
225, 9, 1, 5, 0, 0, 0.24%, 1, 0, 1, 5.48, 1372, 159, 924, 0
230, 9, 1, 5, 0, 0, 0.24%, 1, 0, 1, 4.72, 1395, 159, 947, 0
235, 9, 1, 5, 0, 0, 0.24%, 1, 0, 1, 5.14, 1423, 159, 969, 0
241, 10, 1, 5, 0, 0, 0.24%, 1, 0, 1, 4.63, 1446, 159, 992, 0
246, 10, 1, 5, 0, 0, 0.24%, 1, 0, 1, 5.37, 1475, 159, 1013, 0
251, 10, 1, 5, 0, 0, 0.24%, 1, 0, 1, 5.31, 1503, 159, 1035, 0
256, 10, 1, 5, 0, 0, 0.24%, 1, 0, 1, 5.88, 1536, 159, 1055, 0
261, 10, 1, 5, 0, 0, 0.24%, 1, 0, 1, 4.99, 1561, 159, 1077, 0
266, 11, 1, 5, 0, 0, 0.24%, 1, 0, 1, 4.70, 1585, 159, 1099, 0
271, 11, 1, 5, 0, 0, 0.24%, 1, 0, 1, 4.93, 1612, 159, 1121, 0
276, 11, 1, 5, 0, 0, 0.24%, 1, 0, 1, 5.03, 1639, 159, 1143, 0
282, 11, 1, 5, 0, 0, 0.24%, 1, 0, 1, 5.26, 1666, 159, 1164, 0
287, 11, 1, 5, 0, 0, 0.24%, 1, 0, 1, 4.90, 1691, 159, 1185, 0
292, 12, 1, 5, 0, 0, 0.24%, 1, 0, 1, 5.31, 1719, 159, 1206, 0
297, 12, 1, 5, 0, 0, 0.24%, 1, 0, 1, 5.11, 1746, 159, 1227, 0
302, 12, 1, 5, 0, 0, 0.24%, 1, 0, 1, 4.76, 1769, 159, 1248, 0
307, 12, 1, 5, 0, 0, 0.24%, 1, 0, 1, 5.00, 1795, 159, 1269, 0
312, 12, 1, 5, 0, 0, 0.24%, 1, 0, 1, 5.21, 1837, 159, 1287, 0
317, 13, 1, 5, 0, 0, 0.24%, 1, 0, 1, 6.06, 1870, 159, 1307, 0
322, 13, 1, 5, 0, 0, 0.24%, 1, 0, 1, 5.14, 1896, 159, 1329, 0
327, 13, 1, 5, 0, 0, 0.24%, 1, 0, 1, 5.33, 1924, 159, 1350, 0
332, 13, 1, 5, 0, 0, 0.24%, 1, 0, 1, 5.07, 1951, 159, 1372, 0
337, 13, 1, 5, 0, 0, 0.24%, 1, 0, 1, 5.15, 1978, 159, 1393, 0
343, 14, 1, 5, 0, 0, 0.24%, 1, 0, 1, 5.04, 2007, 159, 1414, 0
348, 14, 1, 5, 0, 0, 0.24%, 1, 0, 1, 5.20, 2034, 159, 1436, 0
353, 14, 1, 5, 0, 0, 0.24%, 1, 0, 1, 4.78, 2067, 159, 1457, 0
358, 14, 1, 5, 0, 0, 0.24%, 1, 0, 1, 4.53, 2090, 159, 1479, 0
363, 14, 1, 5, 0, 0, 0.24%, 1, 0, 1, 4.84, 2129, 159, 1498, 0
368, 15, 1, 5, 0, 0, 0.24%, 1, 0, 1, 5.65, 2157, 159, 1519, 0
373, 15, 1, 5, 0, 0, 0.24%, 1, 0, 1, 6.04, 2193, 159, 1539, 0
378, 15, 1, 5, 0, 0, 0.24%, 1, 0, 1, 5.08, 2218, 159, 1561, 0
383, 15, 1, 5, 0, 0, 0.24%, 1, 0, 1, 4.87, 2244, 159, 1583, 0
389, 15, 1, 5, 0, 0, 0.24%, 1, 0, 1, 4.95, 2270, 159, 1605, 0
394, 16, 1, 5, 0, 0, 0.24%, 1, 0, 1, 5.78, 2302, 159, 1626, 0
399, 16, 1, 5, 0, 0, 0.24%, 1, 0, 1, 5.93, 2336, 159, 1646, 0
404, 16, 1, 5, 0, 0, 0.24%, 1, 0, 1, 5.41, 2365, 159, 1667, 0
409, 16, 1, 5, 0, 0, 0.24%, 1, 0, 1, 5.04, 2390, 159, 1689, 0
414, 17, 1, 5, 0, 0, 0.24%, 1, 0, 1, 5.25, 2417, 159, 1711, 0
419, 17, 1, 5, 0, 0, 0.24%, 1, 0, 1, 5.54, 2449, 159, 1732, 0
425, 17, 1, 5, 0, 0, 0.24%, 1, 0, 1, 5.54, 2480, 159, 1753, 0
430, 17, 1, 5, 0, 0, 0.24%, 1, 0, 1, 6.02, 2513, 159, 1773, 0
435, 17, 1, 5, 0, 0, 0.24%, 1, 0, 1, 5.37, 2540, 159, 1795, 0
440, 18, 1, 5, 0, 0, 0.24%, 1, 0, 1, 6.39, 2573, 159, 1815, 0
445, 18, 1, 5, 0, 0, 0.24%, 1, 0, 1, 4.88, 2603, 159, 1835, 0
450, 18, 1, 5, 0, 0, 0.24%, 1, 0, 1, 5.03, 2629, 159, 1856, 0
455, 18, 1, 5, 0, 0, 0.24%, 1, 0, 1, 5.66, 2660, 159, 1877, 0
460, 18, 1, 5, 0, 0, 0.24%, 1, 0, 1, 5.46, 2689, 159, 1898, 0
465, 19, 1, 5, 0, 0, 0.24%, 1, 0, 1, 4.94, 2714, 159, 1920, 0
471, 19, 1, 5, 0, 0, 0.24%, 1, 0, 1, 5.42, 2743, 159, 1942, 0
476, 19, 1, 5, 0, 0, 0.24%, 1, 0, 1, 5.83, 2778, 159, 1962, 0
481, 19, 1, 5, 0, 0, 0.24%, 1, 0, 1, 5.79, 2808, 159, 1983, 0
486, 20, 1, 5, 0, 0, 0.24%, 1, 0, 1, 5.32, 2838, 159, 2005, 0
491, 20, 1, 5, 0, 0, 0.24%, 1, 0, 1, 4.85, 2862, 159, 2027, 0
496, 20, 1, 5, 0, 0, 0.24%, 1, 0, 1, 4.51, 2884, 159, 2049, 0
501, 20, 1, 5, 0, 0, 0.24%, 1, 0, 1, 5.04, 2913, 159, 2071, 0
506, 20, 1, 5, 0, 0, 0.24%, 1, 0, 1, 4.64, 2937, 159, 2093, 0
511, 20, 1, 5, 0, 0, 0.24%, 1, 0, 1, 5.14, 2965, 159, 2115, 0
517, 21, 1, 5, 0, 0, 0.24%, 1, 0, 1, 6.29, 3002, 159, 2135, 0
522, 21, 1, 5, 0, 0, 0.24%, 1, 0, 1, 5.31, 3029, 159, 2157, 0
527, 21, 1, 5, 0, 0, 0.24%, 1, 0, 1, 5.60, 3059, 159, 2179, 0
532, 21, 1, 5, 0, 0, 0.24%, 1, 0, 1, 5.73, 3087, 159, 2200, 0
537, 22, 1, 5, 0, 0, 0.24%, 1, 0, 1, 5.80, 3117, 159, 2222, 0
542, 22, 1, 5, 0, 0, 0.24%, 1, 0, 1, 6.07, 3151, 159, 2242, 0
547, 22, 1, 5, 0, 0, 0.24%, 1, 0, 1, 5.18, 3177, 159, 2264, 0
553, 22, 1, 5, 0, 0, 0.24%, 1, 0, 1, 5.23, 3205, 159, 2285, 0
558, 22, 1, 5, 0, 0, 0.24%, 1, 0, 1, 5.36, 3233, 159, 2307, 0
563, 23, 1, 5, 0, 0, 0.24%, 1, 0, 1, 5.10, 3261, 159, 2329, 0
568, 23, 1, 5, 0, 0, 0.24%, 1, 0, 1, 5.24, 3288, 159, 2350, 0
573, 23, 1, 5, 0, 0, 0.24%, 1, 0, 1, 4.92, 3314, 159, 2372, 0
578, 23, 1, 5, 0, 0, 0.24%, 1, 0, 1, 4.63, 3337, 159, 2394, 0
583, 23, 1, 5, 0, 0, 0.24%, 1, 0, 1, 5.13, 3364, 159, 2415, 0
588, 23, 1, 5, 0, 0, 0.24%, 1, 0, 1, 4.92, 3390, 159, 2436, 0
593, 24, 1, 5, 0, 0, 0.24%, 1, 0, 1, 5.15, 3417, 159, 2458, 0
599, 24, 1, 5, 0, 0, 0.24%, 1, 0, 1, 5.73, 3449, 159, 2479, 0
604, 24, 1, 5, 0, 0, 0.24%, 1, 0, 1, 5.00, 3473, 159, 2501, 0
609, 24, 1, 5, 0, 0, 0.24%, 1, 0, 1, 4.98, 3499, 159, 2523, 0
614, 24, 1, 5, 0, 0, 0.24%, 1, 0, 1, 4.98, 3525, 159, 2545, 0
619, 25, 1, 5, 0, 0, 0.24%, 1, 0, 1, 5.12, 3552, 159, 2567, 0
624, 25, 1, 5, 0, 0, 0.24%, 1, 0, 1, 5.05, 3579, 159, 2589, 0
629, 25, 1, 5, 0, 0, 0.24%, 1, 0, 1, 5.20, 3606, 159, 2611, 0
634, 25, 1, 5, 0, 0, 0.24%, 1, 0, 1, 5.27, 3634, 159, 2632, 0
640, 25, 1, 5, 0, 0, 0.24%, 1, 0, 1, 5.42, 3665, 159, 2653, 0
645, 26, 1, 5, 0, 0, 0.24%, 1, 0, 1, 5.58, 3693, 159, 2674, 0
650, 26, 1, 5, 0, 0, 0.24%, 1, 0, 1, 5.46, 3720, 159, 2695, 0
655, 26, 1, 5, 0, 0, 0.24%, 1, 0, 1, 4.70, 3743, 159, 2717, 0
660, 26, 1, 5, 0, 0, 0.24%, 1, 0, 1, 5.08, 3770, 159, 2738, 0
665, 26, 1, 5, 0, 0, 0.24%, 1, 0, 1, 5.50, 3799, 159, 2759, 0
670, 27, 1, 5, 0, 0, 0.24%, 1, 0, 1, 5.03, 3824, 159, 2781, 0
675, 27, 1, 5, 0, 0, 0.24%, 1, 0, 1, 5.51, 3853, 159, 2802, 0
680, 27, 1, 5, 0, 0, 0.24%, 1, 0, 1, 5.43, 3881, 159, 2823, 0
685, 27, 1, 5, 0, 0, 0.24%, 1, 0, 1, 5.37, 3910, 159, 2844, 0
690, 27, 1, 5, 0, 0, 0.24%, 1, 0, 1, 6.80, 3949, 159, 2864, 0
696, 28, 1, 5, 0, 0, 0.24%, 1, 0, 1, 6.08, 3982, 159, 2885, 0
701, 28, 1, 5, 0, 0, 0.24%, 1, 0, 1, 5.30, 4008, 159, 2907, 0
706, 28, 1, 5, 0, 0, 0.24%, 1, 0, 1, 5.50, 4037, 159, 2928, 0
711, 28, 1, 5, 0, 0, 0.24%, 1, 0, 1, 6.36, 4070, 159, 2949, 0
716, 29, 1, 5, 0, 0, 0.24%, 1, 0, 1, 6.34, 4106, 159, 2969, 0
721, 29, 1, 5, 0, 0, 0.24%, 1, 0, 1, 6.19, 4143, 159, 2989, 0
726, 29, 1, 5, 0, 0, 0.24%, 1, 0, 1, 5.85, 4173, 159, 3011, 0
731, 29, 1, 5, 0, 0, 0.24%, 1, 0, 1, 6.59, 4212, 159, 3031, 0
737, 30, 1, 5, 0, 0, 0.24%, 1, 0, 1, 6.53, 4247, 159, 3052, 0
742, 30, 1, 5, 0, 0, 0.24%, 1, 0, 1, 5.20, 4273, 159, 3074, 0
747, 30, 1, 5, 0, 0, 0.24%, 1, 0, 1, 5.38, 4305, 159, 3096, 0
752, 30, 1, 5, 0, 0, 0.24%, 1, 0, 1, 5.64, 4338, 159, 3117, 0
757, 30, 1, 5, 0, 0, 0.24%, 1, 0, 1, 5.52, 4366, 159, 3138, 0
762, 31, 1, 5, 0, 0, 0.24%, 1, 0, 1, 5.68, 4396, 159, 3159, 0
767, 31, 1, 5, 0, 0, 0.24%, 1, 0, 1, 5.73, 4426, 159, 3180, 0
773, 31, 1, 5, 0, 0, 0.24%, 1, 0, 1, 6.31, 4462, 159, 3200, 0
778, 31, 1, 5, 0, 0, 0.24%, 1, 0, 1, 5.24, 4489, 159, 3221, 0
783, 32, 1, 5, 0, 0, 0.24%, 1, 0, 1, 5.46, 4518, 159, 3242, 0
788, 32, 1, 5, 0, 0, 0.24%, 1, 0, 1, 4.83, 4541, 159, 3264, 0
793, 32, 1, 5, 0, 0, 0.24%, 1, 0, 1, 4.85, 4568, 159, 3286, 0
798, 32, 1, 5, 0, 0, 0.24%, 1, 0, 1, 4.95, 4594, 159, 3308, 0
803, 32, 1, 5, 0, 0, 0.24%, 1, 0, 1, 5.94, 4626, 159, 3329, 0
809, 33, 1, 5, 0, 0, 0.24%, 1, 0, 1, 5.49, 4659, 159, 3350, 0
814, 33, 1, 5, 0, 0, 0.24%, 1, 0, 1, 5.30, 4686, 159, 3371, 0
819, 33, 1, 5, 0, 0, 0.24%, 1, 0, 1, 4.81, 4712, 159, 3393, 0
824, 33, 1, 5, 0, 0, 0.24%, 1, 0, 1, 4.95, 4738, 159, 3414, 0
829, 33, 1, 5, 0, 0, 0.24%, 1, 0, 1, 6.41, 4772, 159, 3435, 0
834, 34, 1, 5, 0, 0, 0.24%, 1, 0, 1, 5.58, 4799, 159, 3457, 0
839, 34, 1, 5, 0, 0, 0.24%, 1, 0, 1, 6.15, 4833, 159, 3478, 0
844, 34, 1, 5, 0, 0, 0.24%, 1, 0, 1, 5.45, 4860, 159, 3500, 0
850, 34, 1, 5, 0, 0, 0.24%, 1, 0, 1, 4.60, 4896, 159, 3520, 0
855, 34, 1, 5, 0, 0, 0.24%, 1, 0, 1, 4.93, 4922, 159, 3542, 0
860, 35, 1, 5, 0, 0, 0.24%, 1, 0, 1, 4.88, 4948, 159, 3564, 0
865, 35, 1, 5, 0, 0, 0.24%, 1, 0, 1, 5.03, 4975, 159, 3586, 0
870, 35, 1, 5, 0, 0, 0.24%, 1, 0, 1, 5.40, 5002, 159, 3607, 0
875, 35, 1, 5, 0, 0, 0.24%, 1, 0, 1, 5.18, 5030, 159, 3629, 0
880, 35, 1, 5, 0, 0, 0.24%, 1, 0, 1, 5.48, 5061, 159, 3650, 0
885, 36, 1, 5, 0, 0, 0.24%, 1, 0, 1, 6.29, 5097, 159, 3670, 0
890, 36, 1, 5, 0, 0, 0.24%, 1, 0, 1, 6.05, 5126, 159, 3691, 0
895, 36, 1, 5, 0, 0, 0.24%, 1, 0, 1, 7.18, 5167, 159, 3710, 0
897, 36, 1, 5, 0, 0, 0.24%, 1, 0, 1, 0.00, 5176, 159, 3716, 0
