# relative_time, cycles_done, cur_item, corpus_count, pending_total, pending_favs, map_size, saved_crashes, saved_hangs, max_depth, execs_per_sec, total_execs, edges_found, total_crashes, servers_count
61, 9, 5, 6, 0, 0, 0.25%, 0, 0, 2, 25.24, 1570, 161, 0, 0
66, 10, 5, 6, 0, 0, 0.25%, 0, 0, 2, 25.24, 1701, 161, 0, 0
71, 11, 5, 6, 0, 0, 0.25%, 0, 0, 2, 25.27, 1832, 161, 0, 0
76, 11, 1, 6, 0, 0, 0.25%, 0, 0, 2, 25.55, 1963, 161, 0, 0
81, 12, 5, 6, 0, 0, 0.25%, 0, 0, 2, 25.36, 2091, 161, 0, 0
87, 13, 5, 6, 0, 0, 0.25%, 0, 0, 2, 25.51, 2223, 161, 0, 0
92, 14, 1, 6, 0, 0, 0.25%, 0, 0, 2, 25.26, 2351, 161, 0, 0
97, 15, 5, 6, 0, 0, 0.25%, 0, 0, 2, 25.38, 2483, 161, 0, 0
102, 15, 5, 6, 0, 0, 0.25%, 0, 0, 2, 25.31, 2615, 161, 0, 0
107, 16, 5, 6, 0, 0, 0.25%, 0, 0, 2, 25.33, 2745, 161, 0, 0
112, 17, 5, 6, 0, 0, 0.25%, 0, 0, 2, 25.34, 2876, 161, 0, 0
117, 18, 5, 6, 0, 0, 0.25%, 0, 0, 2, 25.40, 3006, 161, 0, 0
123, 19, 5, 6, 0, 0, 0.25%, 0, 0, 2, 25.30, 3137, 161, 0, 0
128, 19, 5, 6, 0, 0, 0.25%, 0, 0, 2, 25.19, 3266, 161, 0, 0
133, 20, 5, 6, 0, 0, 0.25%, 0, 0, 2, 25.36, 3397, 161, 0, 0
138, 21, 5, 6, 0, 0, 0.25%, 0, 0, 2, 25.56, 3528, 161, 0, 0
143, 22, 5, 6, 0, 0, 0.25%, 0, 0, 2, 25.74, 3660, 161, 0, 0
148, 23, 5, 6, 0, 0, 0.25%, 0, 0, 2, 25.62, 3792, 161, 0, 0
154, 24, 5, 6, 0, 0, 0.25%, 0, 0, 2, 25.17, 3922, 161, 0, 0
159, 24, 5, 6, 0, 0, 0.25%, 0, 0, 2, 24.62, 4047, 161, 0, 0
164, 25, 5, 6, 0, 0, 0.25%, 0, 0, 2, 23.99, 4169, 161, 0, 0
169, 26, 5, 6, 0, 0, 0.25%, 0, 0, 2, 24.98, 4298, 161, 0, 0
174, 27, 5, 6, 0, 0, 0.25%, 0, 0, 2, 25.29, 4429, 161, 0, 0
179, 28, 5, 6, 0, 0, 0.25%, 0, 0, 2, 25.38, 4561, 161, 0, 0
184, 28, 5, 6, 0, 0, 0.25%, 0, 0, 2, 25.20, 4691, 161, 0, 0
189, 29, 5, 6, 0, 0, 0.25%, 0, 0, 2, 25.11, 4819, 161, 0, 0
195, 30, 5, 6, 0, 0, 0.25%, 0, 0, 2, 25.18, 4949, 161, 0, 0
200, 31, 5, 6, 0, 0, 0.25%, 0, 0, 2, 25.43, 5080, 161, 0, 0
205, 32, 5, 6, 0, 0, 0.25%, 0, 0, 2, 25.52, 5212, 161, 0, 0
210, 32, 5, 6, 0, 0, 0.25%, 0, 0, 2, 25.53, 5344, 161, 0, 0
215, 33, 1, 6, 0, 0, 0.25%, 0, 0, 2, 25.14, 5473, 161, 0, 0
220, 34, 5, 6, 0, 0, 0.25%, 0, 0, 2, 25.27, 5603, 161, 0, 0
226, 35, 5, 6, 0, 0, 0.25%, 0, 0, 2, 25.51, 5735, 161, 0, 0
231, 36, 5, 6, 0, 0, 0.25%, 0, 0, 2, 25.57, 5867, 161, 0, 0
236, 37, 5, 6, 0, 0, 0.25%, 0, 0, 2, 25.41, 5998, 161, 0, 0
241, 37, 1, 6, 0, 0, 0.25%, 0, 0, 2, 25.42, 6128, 161, 0, 0
246, 38, 5, 6, 0, 0, 0.25%, 0, 0, 2, 25.32, 6256, 161, 0, 0
251, 39, 5, 6, 0, 0, 0.25%, 0, 0, 2, 25.19, 6384, 161, 0, 0
256, 40, 5, 6, 0, 0, 0.25%, 0, 0, 2, 25.10, 6511, 161, 0, 0
261, 41, 5, 6, 0, 0, 0.25%, 0, 0, 2, 25.07, 6638, 161, 0, 0
266, 41, 5, 6, 0, 0, 0.25%, 0, 0, 2, 25.29, 6769, 161, 0, 0
272, 42, 5, 6, 0, 0, 0.25%, 0, 0, 2, 25.54, 6901, 161, 0, 0
277, 43, 1, 6, 0, 0, 0.25%, 0, 0, 2, 25.22, 7030, 161, 0, 0
282, 44, 5, 6, 0, 0, 0.25%, 0, 0, 2, 25.44, 7160, 161, 0, 0
287, 45, 5, 6, 0, 0, 0.25%, 0, 0, 2, 25.33, 7291, 161, 0, 0
292, 45, 5, 6, 0, 0, 0.25%, 0, 0, 2, 25.31, 7421, 161, 0, 0
297, 46, 5, 6, 0, 0, 0.25%, 0, 0, 2, 25.35, 7553, 161, 0, 0
302, 47, 1, 6, 0, 0, 0.25%, 0, 0, 2, 25.32, 7683, 161, 0, 0
308, 48, 5, 6, 0, 0, 0.25%, 0, 0, 2, 25.59, 7815, 161, 0, 0
313, 49, 5, 6, 0, 0, 0.25%, 0, 0, 2, 25.51, 7947, 161, 0, 0
318, 50, 5, 6, 0, 0, 0.25%, 0, 0, 2, 25.40, 8078, 161, 0, 0
323, 50, 5, 6, 0, 0, 0.25%, 0, 0, 2, 25.44, 8210, 161, 0, 0
328, 51, 5, 6, 0, 0, 0.25%, 0, 0, 2, 25.57, 8342, 161, 0, 0
333, 52, 1, 6, 0, 0, 0.25%, 0, 0, 2, 25.32, 8470, 161, 0, 0
338, 53, 5, 6, 0, 0, 0.25%, 0, 0, 2, 25.47, 8601, 161, 0, 0
344, 54, 5, 6, 0, 0, 0.25%, 0, 0, 2, 25.37, 8732, 161, 0, 0
349, 54, 5, 6, 0, 0, 0.25%, 0, 0, 2, 25.54, 8864, 161, 0, 0
354, 55, 1, 6, 0, 0, 0.25%, 0, 0, 2, 25.44, 8996, 161, 0, 0
359, 56, 5, 6, 0, 0, 0.25%, 0, 0, 2, 25.47, 9127, 161, 0, 0
364, 57, 5, 6, 0, 0, 0.25%, 0, 0, 2, 25.57, 9259, 161, 0, 0
369, 58, 1, 6, 0, 0, 0.25%, 0, 0, 2, 25.58, 9390, 161, 0, 0
375, 59, 5, 6, 0, 0, 0.25%, 0, 0, 2, 25.66, 9522, 161, 0, 0
380, 59, 5, 6, 0, 0, 0.25%, 0, 0, 2, 25.72, 9654, 161, 0, 0
385, 60, 5, 6, 0, 0, 0.25%, 0, 0, 2, 25.69, 9786, 161, 0, 0
390, 61, 5, 6, 0, 0, 0.25%, 0, 0, 2, 25.38, 9913, 161, 0, 0
395, 62, 5, 6, 0, 0, 0.25%, 0, 0, 2, 25.42, 10044, 161, 0, 0
400, 63, 5, 6, 0, 0, 0.25%, 0, 0, 2, 25.45, 10175, 161, 0, 0
405, 63, 5, 6, 0, 0, 0.25%, 0, 0, 2, 25.26, 10302, 161, 0, 0
410, 64, 5, 6, 0, 0, 0.25%, 0, 0, 2, 25.49, 10434, 161, 0, 0
415, 65, 1, 6, 0, 0, 0.25%, 0, 0, 2, 25.86, 10566, 161, 0, 0
421, 66, 5, 6, 0, 0, 0.25%, 0, 0, 2, 25.65, 10698, 161, 0, 0
426, 67, 5, 6, 0, 0, 0.25%, 0, 0, 2, 25.49, 10830, 161, 0, 0
431, 68, 5, 6, 0, 0, 0.25%, 0, 0, 2, 25.49, 10961, 161, 0, 0
436, 68, 5, 6, 0, 0, 0.25%, 0, 0, 2, 25.43, 11092, 161, 0, 0
441, 69, 5, 6, 0, 0, 0.25%, 0, 0, 2, 25.25, 11220, 161, 0, 0
446, 70, 5, 6, 0, 0, 0.25%, 0, 0, 2, 25.25, 11350, 161, 0, 0
451, 71, 5, 6, 0, 0, 0.25%, 0, 0, 2, 25.17, 11479, 161, 0, 0
456, 72, 5, 6, 0, 0, 0.25%, 0, 0, 2, 25.40, 11609, 161, 0, 0
462, 72, 5, 6, 0, 0, 0.25%, 0, 0, 2, 25.59, 11741, 161, 0, 0
467, 73, 5, 6, 0, 0, 0.25%, 0, 0, 2, 25.37, 11870, 161, 0, 0
472, 74, 5, 6, 0, 0, 0.25%, 0, 0, 2, 25.07, 11999, 161, 0, 0
477, 75, 5, 6, 0, 0, 0.25%, 0, 0, 2, 24.90, 12124, 161, 0, 0
482, 76, 5, 6, 0, 0, 0.25%, 0, 0, 2, 25.21, 12251, 161, 0, 0
487, 76, 5, 6, 0, 0, 0.25%, 0, 0, 2, 25.29, 12379, 161, 0, 0
492, 77, 1, 6, 0, 0, 0.25%, 0, 0, 2, 25.37, 12511, 161, 0, 0
497, 78, 5, 6, 0, 0, 0.25%, 0, 0, 2, 25.43, 12643, 161, 0, 0
503, 79, 5, 6, 0, 0, 0.25%, 0, 0, 2, 25.42, 12775, 161, 0, 0
508, 80, 5, 6, 0, 0, 0.25%, 0, 0, 2, 25.52, 12907, 161, 0, 0
513, 81, 5, 6, 0, 0, 0.25%, 0, 0, 2, 25.49, 13039, 161, 0, 0
518, 81, 5, 6, 0, 0, 0.25%, 0, 0, 2, 25.38, 13170, 161, 0, 0
523, 82, 5, 6, 0, 0, 0.25%, 0, 0, 2, 25.24, 13296, 161, 0, 0
528, 83, 5, 6, 0, 0, 0.25%, 0, 0, 2, 25.25, 13427, 161, 0, 0
533, 84, 5, 6, 0, 0, 0.25%, 0, 0, 2, 25.23, 13554, 161, 0, 0
538, 85, 5, 6, 0, 0, 0.25%, 0, 0, 2, 25.30, 13685, 161, 0, 0
543, 85, 5, 6, 0, 0, 0.25%, 0, 0, 2, 25.17, 13811, 161, 0, 0
549, 86, 5, 6, 0, 0, 0.25%, 0, 0, 2, 25.05, 13940, 161, 0, 0
554, 87, 5, 6, 0, 0, 0.25%, 0, 0, 2, 25.30, 14069, 161, 0, 0
559, 88, 5, 6, 0, 0, 0.25%, 0, 0, 2, 25.25, 14200, 161, 0, 0
564, 89, 5, 6, 0, 0, 0.25%, 0, 0, 2, 25.39, 14328, 161, 0, 0
569, 89, 5, 6, 0, 0, 0.25%, 0, 0, 2, 25.39, 14459, 161, 0, 0
574, 90, 5, 6, 0, 0, 0.25%, 0, 0, 2, 25.41, 14590, 161, 0, 0
579, 91, 5, 6, 0, 0, 0.25%, 0, 0, 2, 25.45, 14722, 161, 0, 0
585, 92, 5, 6, 0, 0, 0.25%, 0, 0, 2, 25.22, 14853, 161, 0, 0
590, 93, 5, 6, 0, 0, 0.25%, 0, 0, 2, 25.43, 14981, 161, 0, 0
595, 94, 5, 6, 0, 0, 0.25%, 0, 0, 2, 25.61, 15113, 161, 0, 0
600, 94, 1, 6, 0, 0, 0.25%, 0, 0, 2, 25.39, 15242, 161, 0, 0
605, 95, 5, 6, 0, 0, 0.25%, 0, 0, 2, 25.38, 15373, 161, 0, 0
610, 96, 1, 6, 0, 0, 0.25%, 0, 0, 2, 25.49, 15505, 161, 0, 0
615, 97, 1, 6, 0, 0, 0.25%, 0, 0, 2, 25.54, 15637, 161, 0, 0
621, 98, 5, 6, 0, 0, 0.25%, 0, 0, 2, 24.91, 15765, 161, 0, 0
626, 98, 1, 6, 0, 0, 0.25%, 0, 0, 2, 25.18, 15893, 161, 0, 0
631, 99, 5, 6, 0, 0, 0.25%, 0, 0, 2, 25.27, 16024, 161, 0, 0
636, 100, 5, 6, 0, 0, 0.25%, 0, 0, 2, 25.29, 16152, 161, 0, 0
641, 101, 5, 6, 0, 0, 0.25%, 0, 0, 2, 25.35, 16281, 161, 0, 0
646, 102, 5, 6, 0, 0, 0.25%, 0, 0, 2, 25.36, 16411, 161, 0, 0
651, 102, 5, 6, 0, 0, 0.25%, 0, 0, 2, 25.32, 16540, 161, 0, 0
656, 103, 5, 6, 0, 0, 0.25%, 0, 0, 2, 25.54, 16672, 161, 0, 0
661, 104, 5, 6, 0, 0, 0.25%, 0, 0, 2, 25.34, 16802, 161, 0, 0
666, 105, 5, 6, 0, 0, 0.25%, 0, 0, 2, 25.34, 16930, 161, 0, 0
672, 106, 5, 6, 0, 0, 0.25%, 0, 0, 2, 25.43, 17061, 161, 0, 0
677, 107, 5, 6, 0, 0, 0.25%, 0, 0, 2, 25.43, 17192, 161, 0, 0
682, 107, 1, 6, 0, 0, 0.25%, 0, 0, 2, 25.23, 17319, 161, 0, 0
687, 108, 5, 6, 0, 0, 0.25%, 0, 0, 2, 25.27, 17449, 161, 0, 0
692, 109, 5, 6, 0, 0, 0.25%, 0, 0, 2, 25.45, 17580, 161, 0, 0
697, 110, 5, 6, 0, 0, 0.25%, 0, 0, 2, 25.32, 17710, 161, 0, 0
702, 111, 5, 6, 0, 0, 0.25%, 0, 0, 2, 25.35, 17840, 161, 0, 0
707, 111, 5, 6, 0, 0, 0.25%, 0, 0, 2, 25.36, 17970, 161, 0, 0
713, 112, 5, 6, 0, 0, 0.25%, 0, 0, 2, 25.41, 18102, 161, 0, 0
718, 113, 5, 6, 0, 0, 0.25%, 0, 0, 2, 25.47, 18234, 161, 0, 0
723, 114, 1, 6, 0, 0, 0.25%, 0, 0, 2, 25.50, 18366, 161, 0, 0
728, 115, 5, 6, 0, 0, 0.25%, 0, 0, 2, 25.62, 18498, 161, 0, 0
733, 115, 5, 6, 0, 0, 0.25%, 0, 0, 2, 25.31, 18627, 161, 0, 0
738, 116, 5, 6, 0, 0, 0.25%, 0, 0, 2, 25.35, 18758, 161, 0, 0
744, 117, 5, 6, 0, 0, 0.25%, 0, 0, 2, 25.31, 18889, 161, 0, 0
749, 118, 5, 6, 0, 0, 0.25%, 0, 0, 2, 25.12, 19016, 161, 0, 0
754, 119, 5, 6, 0, 0, 0.25%, 0, 0, 2, 25.39, 19146, 161, 0, 0
759, 120, 5, 6, 0, 0, 0.25%, 0, 0, 2, 25.29, 19274, 161, 0, 0
764, 120, 5, 6, 0, 0, 0.25%, 0, 0, 2, 25.17, 19400, 161, 0, 0
769, 121, 5, 6, 0, 0, 0.25%, 0, 0, 2, 25.19, 19527, 161, 0, 0
774, 122, 5, 6, 0, 0, 0.25%, 0, 0, 2, 25.48, 19658, 161, 0, 0
779, 123, 5, 6, 0, 0, 0.25%, 0, 0, 2, 25.87, 19790, 161, 0, 0
784, 124, 5, 6, 0, 0, 0.25%, 0, 0, 2, 25.70, 19922, 161, 0, 0
789, 124, 5, 6, 0, 0, 0.25%, 0, 0, 2, 25.68, 20054, 161, 0, 0
795, 125, 5, 6, 0, 0, 0.25%, 0, 0, 2, 25.73, 20186, 161, 0, 0
800, 126, 5, 6, 0, 0, 0.25%, 0, 0, 2, 25.49, 20316, 161, 0, 0
805, 127, 5, 6, 0, 0, 0.25%, 0, 0, 2, 25.26, 20441, 161, 0, 0
810, 128, 5, 6, 0, 0, 0.25%, 0, 0, 2, 25.75, 20573, 161, 0, 0
815, 128, 5, 6, 0, 0, 0.25%, 0, 0, 2, 25.77, 20705, 161, 0, 0
820, 129, 1, 6, 0, 0, 0.25%, 0, 0, 2, 25.84, 20837, 161, 0, 0
825, 130, 5, 6, 0, 0, 0.25%, 0, 0, 2, 25.70, 20969, 161, 0, 0
830, 131, 5, 6, 0, 0, 0.25%, 0, 0, 2, 25.42, 21098, 161, 0, 0
835, 132, 5, 6, 0, 0, 0.25%, 0, 0, 2, 25.24, 21225, 161, 0, 0
840, 133, 5, 6, 0, 0, 0.25%, 0, 0, 2, 25.23, 21352, 161, 0, 0
845, 133, 5, 6, 0, 0, 0.25%, 0, 0, 2, 25.39, 21484, 161, 0, 0
851, 134, 1, 6, 0, 0, 0.25%, 0, 0, 2, 25.43, 21615, 161, 0, 0
856, 135, 5, 6, 0, 0, 0.25%, 0, 0, 2, 25.53, 21747, 161, 0, 0
861, 136, 5, 6, 0, 0, 0.25%, 0, 0, 2, 25.50, 21879, 161, 0, 0
866, 137, 5, 6, 0, 0, 0.25%, 0, 0, 2, 25.45, 22011, 161, 0, 0
871, 137, 5, 6, 0, 0, 0.25%, 0, 0, 2, 25.37, 22142, 161, 0, 0
876, 138, 5, 6, 0, 0, 0.25%, 0, 0, 2, 25.35, 22270, 161, 0, 0
882, 139, 1, 6, 0, 0, 0.25%, 0, 0, 2, 25.43, 22401, 161, 0, 0
887, 140, 5, 6, 0, 0, 0.25%, 0, 0, 2, 25.53, 22533, 161, 0, 0
892, 141, 5, 6, 0, 0, 0.25%, 0, 0, 2, 24.91, 22663, 161, 0, 0
897, 141, 5, 6, 0, 0, 0.25%, 0, 0, 2, 24.50, 22784, 161, 0, 0
