# relative_time, cycles_done, cur_item, corpus_count, pending_total, pending_favs, map_size, saved_crashes, saved_hangs, max_depth, execs_per_sec, total_execs, edges_found, total_crashes, servers_count
61, 12, 1, 5, 0, 0, 0.09%, 0, 0, 1, 28.89, 1815, 62, 0, 0
66, 13, 1, 5, 0, 0, 0.09%, 0, 0, 1, 28.75, 1959, 62, 0, 0
72, 14, 1, 5, 0, 0, 0.09%, 0, 0, 1, 29.06, 2109, 62, 0, 0
77, 15, 1, 5, 0, 0, 0.09%, 0, 0, 1, 29.21, 2259, 62, 0, 0
82, 16, 1, 5, 0, 0, 0.09%, 0, 0, 1, 28.49, 2403, 62, 0, 0
87, 17, 1, 5, 0, 0, 0.09%, 0, 0, 1, 28.80, 2553, 62, 0, 0
92, 19, 1, 5, 0, 0, 0.09%, 0, 0, 1, 28.80, 2703, 62, 0, 0
97, 20, 1, 5, 0, 0, 0.09%, 0, 0, 1, 29.00, 2853, 62, 0, 0
103, 21, 1, 5, 0, 0, 0.09%, 0, 0, 1, 28.78, 3003, 62, 0, 0
108, 22, 1, 5, 0, 0, 0.09%, 0, 0, 1, 28.81, 3147, 62, 0, 0
113, 23, 1, 5, 0, 0, 0.09%, 0, 0, 1, 28.59, 3291, 62, 0, 0
118, 24, 1, 5, 0, 0, 0.09%, 0, 0, 1, 28.54, 3435, 62, 0, 0
123, 25, 1, 5, 0, 0, 0.09%, 0, 0, 1, 28.86, 3585, 62, 0, 0
128, 26, 1, 5, 0, 0, 0.09%, 0, 0, 1, 28.76, 3729, 62, 0, 0
133, 27, 1, 5, 0, 0, 0.09%, 0, 0, 1, 29.01, 3879, 62, 0, 0
138, 28, 1, 5, 0, 0, 0.09%, 0, 0, 1, 28.93, 4029, 62, 0, 0
143, 29, 1, 5, 0, 0, 0.09%, 0, 0, 1, 28.82, 4173, 62, 0, 0
148, 30, 1, 5, 0, 0, 0.09%, 0, 0, 1, 29.06, 4323, 62, 0, 0
154, 31, 1, 5, 0, 0, 0.09%, 0, 0, 1, 28.97, 4473, 62, 0, 0
159, 32, 1, 5, 0, 0, 0.09%, 0, 0, 1, 28.99, 4624, 62, 0, 0
164, 33, 1, 5, 0, 0, 0.09%, 0, 0, 1, 28.73, 4768, 62, 0, 0
169, 34, 1, 5, 0, 0, 0.09%, 0, 0, 1, 28.69, 4912, 62, 0, 0
174, 35, 1, 5, 0, 0, 0.09%, 0, 0, 1, 27.63, 5050, 62, 0, 0
179, 36, 1, 5, 0, 0, 0.09%, 0, 0, 1, 28.53, 5194, 62, 0, 0
184, 37, 1, 5, 0, 0, 0.09%, 0, 0, 1, 28.77, 5344, 62, 0, 0
189, 38, 1, 5, 0, 0, 0.09%, 0, 0, 1, 28.74, 5488, 62, 0, 0
194, 40, 1, 5, 0, 0, 0.09%, 0, 0, 1, 28.82, 5638, 62, 0, 0
199, 41, 1, 5, 0, 0, 0.09%, 0, 0, 1, 28.99, 5788, 62, 0, 0
205, 42, 1, 5, 0, 0, 0.09%, 0, 0, 1, 28.86, 5938, 62, 0, 0
210, 43, 1, 5, 0, 0, 0.09%, 0, 0, 1, 28.69, 6082, 62, 0, 0
215, 44, 1, 5, 0, 0, 0.09%, 0, 0, 1, 29.01, 6232, 62, 0, 0
220, 45, 1, 5, 0, 0, 0.09%, 0, 0, 1, 28.93, 6382, 62, 0, 0
225, 46, 1, 5, 0, 0, 0.09%, 0, 0, 1, 28.90, 6532, 62, 0, 0
230, 47, 1, 5, 0, 0, 0.09%, 0, 0, 1, 28.94, 6682, 62, 0, 0
236, 48, 1, 5, 0, 0, 0.09%, 0, 0, 1, 28.79, 6832, 62, 0, 0
241, 49, 1, 5, 0, 0, 0.09%, 0, 0, 1, 28.72, 6976, 62, 0, 0
246, 50, 1, 5, 0, 0, 0.09%, 0, 0, 1, 28.84, 7126, 62, 0, 0
251, 51, 1, 5, 0, 0, 0.09%, 0, 0, 1, 28.54, 7270, 62, 0, 0
256, 52, 1, 5, 0, 0, 0.09%, 0, 0, 1, 28.83, 7420, 62, 0, 0
261, 53, 1, 5, 0, 0, 0.09%, 0, 0, 1, 28.82, 7570, 62, 0, 0
266, 54, 1, 5, 0, 0, 0.09%, 0, 0, 1, 28.82, 7714, 62, 0, 0
271, 55, 1, 5, 0, 0, 0.09%, 0, 0, 1, 28.84, 7864, 62, 0, 0
277, 56, 1, 5, 0, 0, 0.09%, 0, 0, 1, 28.84, 8014, 62, 0, 0
282, 58, 1, 5, 0, 0, 0.09%, 0, 0, 1, 28.85, 8164, 62, 0, 0
287, 59, 1, 5, 0, 0, 0.09%, 0, 0, 1, 28.87, 8314, 62, 0, 0
292, 60, 1, 5, 0, 0, 0.09%, 0, 0, 1, 28.79, 8458, 62, 0, 0
297, 61, 1, 5, 0, 0, 0.09%, 0, 0, 1, 28.66, 8602, 62, 0, 0
302, 62, 1, 5, 0, 0, 0.09%, 0, 0, 1, 28.87, 8752, 62, 0, 0
307, 63, 1, 5, 0, 0, 0.09%, 0, 0, 1, 28.63, 8896, 62, 0, 0
313, 64, 1, 5, 0, 0, 0.09%, 0, 0, 1, 28.82, 9046, 62, 0, 0
318, 65, 1, 5, 0, 0, 0.09%, 0, 0, 1, 28.78, 9190, 62, 0, 0
323, 66, 1, 5, 0, 0, 0.09%, 0, 0, 1, 28.81, 9340, 62, 0, 0
328, 67, 1, 5, 0, 0, 0.09%, 0, 0, 1, 28.71, 9484, 62, 0, 0
333, 68, 1, 5, 0, 0, 0.09%, 0, 0, 1, 28.66, 9628, 62, 0, 0
338, 69, 1, 5, 0, 0, 0.09%, 0, 0, 1, 28.81, 9778, 62, 0, 0
343, 70, 1, 5, 0, 0, 0.09%, 0, 0, 1, 28.63, 9922, 62, 0, 0
348, 71, 1, 5, 0, 0, 0.09%, 0, 0, 1, 28.74, 10066, 62, 0, 0
353, 72, 1, 5, 0, 0, 0.09%, 0, 0, 1, 28.99, 10216, 62, 0, 0
358, 73, 1, 5, 0, 0, 0.09%, 0, 0, 1, 28.87, 10366, 62, 0, 0
363, 74, 1, 5, 0, 0, 0.09%, 0, 0, 1, 28.60, 10510, 62, 0, 0
369, 75, 1, 5, 0, 0, 0.09%, 0, 0, 1, 28.81, 10660, 62, 0, 0
374, 76, 1, 5, 0, 0, 0.09%, 0, 0, 1, 28.75, 10804, 62, 0, 0
379, 77, 1, 5, 0, 0, 0.09%, 0, 0, 1, 28.12, 10948, 62, 0, 0
384, 78, 1, 5, 0, 0, 0.09%, 0, 0, 1, 27.99, 11086, 62, 0, 0
389, 79, 1, 5, 0, 0, 0.09%, 0, 0, 1, 26.97, 11224, 62, 0, 0
394, 80, 1, 5, 0, 0, 0.09%, 0, 0, 1, 28.58, 11374, 62, 0, 0
399, 82, 1, 5, 0, 0, 0.09%, 0, 0, 1, 28.81, 11524, 62, 0, 0
404, 83, 1, 5, 0, 0, 0.09%, 0, 0, 1, 28.66, 11668, 62, 0, 0
409, 84, 1, 5, 0, 0, 0.09%, 0, 0, 1, 28.69, 11812, 62, 0, 0
415, 85, 1, 5, 0, 0, 0.09%, 0, 0, 1, 28.80, 11962, 62, 0, 0
420, 86, 1, 5, 0, 0, 0.09%, 0, 0, 1, 29.03, 12112, 62, 0, 0
425, 87, 1, 5, 0, 0, 0.09%, 0, 0, 1, 28.82, 12262, 62, 0, 0
430, 88, 1, 5, 0, 0, 0.09%, 0, 0, 1, 29.10, 12412, 62, 0, 0
435, 89, 1, 5, 0, 0, 0.09%, 0, 0, 1, 29.07, 12562, 62, 0, 0
440, 90, 1, 5, 0, 0, 0.09%, 0, 0, 1, 28.75, 12706, 62, 0, 0
445, 91, 1, 5, 0, 0, 0.09%, 0, 0, 1, 28.53, 12850, 62, 0, 0
451, 92, 1, 5, 0, 0, 0.09%, 0, 0, 1, 28.84, 13000, 62, 0, 0
456, 93, 1, 5, 0, 0, 0.09%, 0, 0, 1, 28.70, 13144, 62, 0, 0
461, 94, 1, 5, 0, 0, 0.09%, 0, 0, 1, 28.79, 13294, 62, 0, 0
466, 95, 1, 5, 0, 0, 0.09%, 0, 0, 1, 28.97, 13444, 62, 0, 0
471, 96, 1, 5, 0, 0, 0.09%, 0, 0, 1, 28.81, 13594, 62, 0, 0
476, 97, 1, 5, 0, 0, 0.09%, 0, 0, 1, 28.78, 13738, 62, 0, 0
481, 98, 1, 5, 0, 0, 0.09%, 0, 0, 1, 28.68, 13882, 62, 0, 0
486, 99, 1, 5, 0, 0, 0.09%, 0, 0, 1, 28.68, 14026, 62, 0, 0
491, 100, 1, 5, 0, 0, 0.09%, 0, 0, 1, 28.90, 14176, 62, 0, 0
497, 102, 1, 5, 0, 0, 0.09%, 0, 0, 1, 28.89, 14326, 62, 0, 0
502, 103, 1, 5, 0, 0, 0.09%, 0, 0, 1, 29.08, 14476, 62, 0, 0
507, 104, 1, 5, 0, 0, 0.09%, 0, 0, 1, 28.72, 14620, 62, 0, 0
512, 105, 1, 5, 0, 0, 0.09%, 0, 0, 1, 28.95, 14770, 62, 0, 0
517, 106, 1, 5, 0, 0, 0.09%, 0, 0, 1, 28.88, 14920, 62, 0, 0
522, 107, 1, 5, 0, 0, 0.09%, 0, 0, 1, 28.83, 15064, 62, 0, 0
527, 108, 1, 5, 0, 0, 0.09%, 0, 0, 1, 29.25, 15214, 62, 0, 0
532, 109, 1, 5, 0, 0, 0.09%, 0, 0, 1, 29.25, 15364, 62, 0, 0
538, 110, 1, 5, 0, 0, 0.09%, 0, 0, 1, 29.09, 15514, 62, 0, 0
543, 111, 1, 5, 0, 0, 0.09%, 0, 0, 1, 28.70, 15658, 62, 0, 0
548, 112, 1, 5, 0, 0, 0.09%, 0, 0, 1, 28.75, 15802, 62, 0, 0
553, 113, 1, 5, 0, 0, 0.09%, 0, 0, 1, 28.76, 15952, 62, 0, 0
558, 114, 1, 5, 0, 0, 0.09%, 0, 0, 1, 28.98, 16096, 62, 0, 0
563, 115, 1, 5, 0, 0, 0.09%, 0, 0, 1, 29.02, 16246, 62, 0, 0
568, 116, 1, 5, 0, 0, 0.09%, 0, 0, 1, 28.81, 16396, 62, 0, 0
573, 117, 1, 5, 0, 0, 0.09%, 0, 0, 1, 28.53, 16540, 62, 0, 0
578, 118, 1, 5, 0, 0, 0.09%, 0, 0, 1, 28.71, 16684, 62, 0, 0
583, 119, 1, 5, 0, 0, 0.09%, 0, 0, 1, 28.78, 16834, 62, 0, 0
588, 121, 1, 5, 0, 0, 0.09%, 0, 0, 1, 28.75, 16978, 62, 0, 0
594, 122, 1, 5, 0, 0, 0.09%, 0, 0, 1, 28.61, 17122, 62, 0, 0
599, 123, 1, 5, 0, 0, 0.09%, 0, 0, 1, 28.70, 17266, 62, 0, 0
604, 124, 1, 5, 0, 0, 0.09%, 0, 0, 1, 29.03, 17416, 62, 0, 0
609, 125, 1, 5, 0, 0, 0.09%, 0, 0, 1, 28.95, 17566, 62, 0, 0
614, 126, 1, 5, 0, 0, 0.09%, 0, 0, 1, 28.85, 17716, 62, 0, 0
619, 127, 1, 5, 0, 0, 0.09%, 0, 0, 1, 28.93, 17866, 62, 0, 0
624, 128, 1, 5, 0, 0, 0.09%, 0, 0, 1, 28.88, 18016, 62, 0, 0
630, 129, 1, 5, 0, 0, 0.09%, 0, 0, 1, 28.84, 18166, 62, 0, 0
635, 130, 1, 5, 0, 0, 0.09%, 0, 0, 1, 28.39, 18310, 62, 0, 0
640, 131, 1, 5, 0, 0, 0.09%, 0, 0, 1, 28.63, 18454, 62, 0, 0
645, 132, 1, 5, 0, 0, 0.09%, 0, 0, 1, 28.67, 18598, 62, 0, 0
650, 133, 1, 5, 0, 0, 0.09%, 0, 0, 1, 28.75, 18742, 62, 0, 0
655, 134, 1, 5, 0, 0, 0.09%, 0, 0, 1, 28.80, 18886, 62, 0, 0
660, 135, 1, 5, 0, 0, 0.09%, 0, 0, 1, 28.74, 19036, 62, 0, 0
665, 136, 1, 5, 0, 0, 0.09%, 0, 0, 1, 28.67, 19180, 62, 0, 0
670, 137, 1, 5, 0, 0, 0.09%, 0, 0, 1, 28.82, 19330, 62, 0, 0
675, 138, 1, 5, 0, 0, 0.09%, 0, 0, 1, 28.40, 19474, 62, 0, 0
681, 139, 1, 5, 0, 0, 0.09%, 0, 0, 1, 28.78, 19624, 62, 0, 0
686, 140, 1, 5, 0, 0, 0.09%, 0, 0, 1, 28.67, 19768, 62, 0, 0
691, 142, 1, 5, 0, 0, 0.09%, 0, 0, 1, 28.92, 19918, 62, 0, 0
696, 143, 1, 5, 0, 0, 0.09%, 0, 0, 1, 28.96, 20068, 62, 0, 0
701, 144, 1, 5, 0, 0, 0.09%, 0, 0, 1, 28.88, 20218, 62, 0, 0
706, 145, 1, 5, 0, 0, 0.09%, 0, 0, 1, 28.84, 20368, 62, 0, 0
712, 146, 1, 5, 0, 0, 0.09%, 0, 0, 1, 29.10, 20518, 62, 0, 0
717, 147, 1, 5, 0, 0, 0.09%, 0, 0, 1, 28.71, 20662, 62, 0, 0
722, 148, 1, 5, 0, 0, 0.09%, 0, 0, 1, 28.87, 20812, 62, 0, 0
727, 149, 1, 5, 0, 0, 0.09%, 0, 0, 1, 28.72, 20962, 62, 0, 0
732, 150, 1, 5, 0, 0, 0.09%, 0, 0, 1, 28.83, 21106, 62, 0, 0
737, 151, 1, 5, 0, 0, 0.09%, 0, 0, 1, 28.81, 21256, 62, 0, 0
742, 152, 1, 5, 0, 0, 0.09%, 0, 0, 1, 28.75, 21400, 62, 0, 0
747, 153, 1, 5, 0, 0, 0.09%, 0, 0, 1, 28.52, 21544, 62, 0, 0
752, 154, 1, 5, 0, 0, 0.09%, 0, 0, 1, 28.91, 21694, 62, 0, 0
757, 155, 1, 5, 0, 0, 0.09%, 0, 0, 1, 28.31, 21838, 62, 0, 0
763, 156, 1, 5, 0, 0, 0.09%, 0, 0, 1, 28.79, 21988, 62, 0, 0
768, 157, 1, 5, 0, 0, 0.09%, 0, 0, 1, 28.79, 22132, 62, 0, 0
773, 158, 1, 5, 0, 0, 0.09%, 0, 0, 1, 28.57, 22276, 62, 0, 0
778, 159, 1, 5, 0, 0, 0.09%, 0, 0, 1, 28.66, 22420, 62, 0, 0
783, 160, 1, 5, 0, 0, 0.09%, 0, 0, 1, 28.86, 22570, 62, 0, 0
788, 161, 1, 5, 0, 0, 0.09%, 0, 0, 1, 28.75, 22714, 62, 0, 0
793, 163, 1, 5, 0, 0, 0.09%, 0, 0, 1, 28.78, 22858, 62, 0, 0
798, 164, 1, 5, 0, 0, 0.09%, 0, 0, 1, 28.86, 23008, 62, 0, 0
803, 165, 1, 5, 0, 0, 0.09%, 0, 0, 1, 28.85, 23158, 62, 0, 0
809, 166, 1, 5, 0, 0, 0.09%, 0, 0, 1, 29.07, 23308, 62, 0, 0
814, 167, 1, 5, 0, 0, 0.09%, 0, 0, 1, 28.88, 23458, 62, 0, 0
819, 168, 1, 5, 0, 0, 0.09%, 0, 0, 1, 28.80, 23602, 62, 0, 0
824, 169, 1, 5, 0, 0, 0.09%, 0, 0, 1, 29.00, 23752, 62, 0, 0
829, 170, 1, 5, 0, 0, 0.09%, 0, 0, 1, 28.62, 23896, 62, 0, 0
834, 171, 1, 5, 0, 0, 0.09%, 0, 0, 1, 28.73, 24040, 62, 0, 0
839, 172, 1, 5, 0, 0, 0.09%, 0, 0, 1, 28.73, 24184, 62, 0, 0
844, 173, 1, 5, 0, 0, 0.09%, 0, 0, 1, 28.88, 24334, 62, 0, 0
849, 174, 1, 5, 0, 0, 0.09%, 0, 0, 1, 28.65, 24478, 62, 0, 0
854, 175, 1, 5, 0, 0, 0.09%, 0, 0, 1, 28.78, 24622, 62, 0, 0
859, 176, 1, 5, 0, 0, 0.09%, 0, 0, 1, 28.76, 24766, 62, 0, 0
864, 177, 1, 5, 0, 0, 0.09%, 0, 0, 1, 28.83, 24916, 62, 0, 0
870, 178, 1, 5, 0, 0, 0.09%, 0, 0, 1, 28.85, 25066, 62, 0, 0
875, 179, 1, 5, 0, 0, 0.09%, 0, 0, 1, 28.86, 25216, 62, 0, 0
880, 180, 1, 5, 0, 0, 0.09%, 0, 0, 1, 28.69, 25360, 62, 0, 0
885, 181, 1, 5, 0, 0, 0.09%, 0, 0, 1, 28.52, 25504, 62, 0, 0
890, 182, 1, 5, 0, 0, 0.09%, 0, 0, 1, 28.42, 25648, 62, 0, 0
895, 183, 1, 5, 0, 0, 0.09%, 0, 0, 1, 28.02, 25791, 62, 0, 0
897, 184, 1, 5, 0, 0, 0.09%, 0, 0, 1, 0.00, 25845, 62, 0, 0
