# relative_time, cycles_done, cur_item, corpus_count, pending_total, pending_favs, map_size, saved_crashes, saved_hangs, max_depth, execs_per_sec, total_execs, edges_found, total_crashes, servers_count
60, 9, 1, 5, 0, 0, 0.27%, 0, 0, 1, 22.80, 1378, 179, 0, 0
65, 10, 1, 5, 0, 0, 0.27%, 0, 0, 1, 22.02, 1488, 179, 0, 0
71, 11, 1, 5, 0, 0, 0.27%, 0, 0, 1, 21.78, 1598, 179, 0, 0
76, 11, 1, 5, 0, 0, 0.27%, 0, 0, 1, 21.74, 1708, 179, 0, 0
81, 12, 1, 5, 0, 0, 0.27%, 0, 0, 1, 21.73, 1818, 179, 0, 0
86, 13, 1, 5, 0, 0, 0.27%, 0, 0, 1, 21.77, 1928, 179, 0, 0
91, 14, 1, 5, 0, 0, 0.27%, 0, 0, 1, 21.93, 2038, 179, 0, 0
96, 15, 1, 5, 0, 0, 0.27%, 0, 0, 1, 22.46, 2153, 179, 0, 0
101, 15, 1, 5, 0, 0, 0.27%, 0, 0, 1, 22.70, 2268, 179, 0, 0
106, 16, 1, 5, 0, 0, 0.27%, 0, 0, 1, 22.76, 2383, 179, 0, 0
111, 17, 1, 5, 0, 0, 0.27%, 0, 0, 1, 22.70, 2498, 179, 0, 0
116, 18, 1, 5, 0, 0, 0.27%, 0, 0, 1, 22.67, 2613, 179, 0, 0
121, 19, 1, 5, 0, 0, 0.27%, 0, 0, 1, 22.51, 2728, 179, 0, 0
126, 20, 1, 5, 0, 0, 0.27%, 0, 0, 1, 22.50, 2843, 179, 0, 0
131, 20, 1, 5, 0, 0, 0.27%, 0, 0, 1, 22.51, 2958, 179, 0, 0
137, 21, 1, 5, 0, 0, 0.27%, 0, 0, 1, 22.49, 3073, 179, 0, 0
142, 22, 1, 5, 0, 0, 0.27%, 0, 0, 1, 22.45, 3188, 179, 0, 0
147, 23, 1, 5, 0, 0, 0.27%, 0, 0, 1, 21.97, 3298, 179, 0, 0
152, 24, 1, 5, 0, 0, 0.27%, 0, 0, 1, 21.89, 3408, 179, 0, 0
157, 24, 1, 5, 0, 0, 0.27%, 0, 0, 1, 21.84, 3518, 179, 0, 0
162, 25, 1, 5, 0, 0, 0.27%, 0, 0, 1, 22.29, 3633, 179, 0, 0
167, 26, 1, 5, 0, 0, 0.27%, 0, 0, 1, 21.80, 3743, 179, 0, 0
172, 27, 1, 5, 0, 0, 0.27%, 0, 0, 1, 21.70, 3853, 179, 0, 0
177, 28, 1, 5, 0, 0, 0.27%, 0, 0, 1, 21.64, 3963, 179, 0, 0
182, 28, 1, 5, 0, 0, 0.27%, 0, 0, 1, 21.66, 4073, 179, 0, 0
187, 29, 1, 5, 0, 0, 0.27%, 0, 0, 1, 21.67, 4183, 179, 0, 0
192, 30, 1, 5, 0, 0, 0.27%, 0, 0, 1, 21.68, 4293, 179, 0, 0
197, 31, 1, 5, 0, 0, 0.27%, 0, 0, 1, 21.69, 4403, 179, 0, 0
202, 31, 1, 5, 0, 0, 0.27%, 0, 0, 1, 21.73, 4513, 179, 0, 0
208, 32, 1, 5, 0, 0, 0.27%, 0, 0, 1, 21.65, 4623, 179, 0, 0
213, 33, 1, 5, 0, 0, 0.27%, 0, 0, 1, 21.63, 4733, 179, 0, 0
218, 34, 1, 5, 0, 0, 0.27%, 0, 0, 1, 21.67, 4843, 179, 0, 0
223, 35, 1, 5, 0, 0, 0.27%, 0, 0, 1, 22.35, 4957, 179, 0, 0
228, 35, 1, 5, 0, 0, 0.27%, 0, 0, 1, 22.21, 5072, 179, 0, 0
233, 36, 1, 5, 0, 0, 0.27%, 0, 0, 1, 21.93, 5182, 179, 0, 0
238, 37, 1, 5, 0, 0, 0.27%, 0, 0, 1, 21.90, 5292, 179, 0, 0
243, 38, 1, 5, 0, 0, 0.27%, 0, 0, 1, 22.51, 5407, 179, 0, 0
248, 39, 1, 5, 0, 0, 0.27%, 0, 0, 1, 22.84, 5522, 179, 0, 0
253, 40, 1, 5, 0, 0, 0.27%, 0, 0, 1, 22.99, 5642, 179, 0, 0
258, 40, 1, 5, 0, 0, 0.27%, 0, 0, 1, 22.97, 5757, 179, 0, 0
263, 41, 1, 5, 0, 0, 0.27%, 0, 0, 1, 22.97, 5872, 179, 0, 0
268, 42, 1, 5, 0, 0, 0.27%, 0, 0, 1, 22.90, 5987, 179, 0, 0
273, 43, 1, 5, 0, 0, 0.27%, 0, 0, 1, 22.90, 6102, 179, 0, 0
278, 44, 1, 5, 0, 0, 0.27%, 0, 0, 1, 22.93, 6217, 179, 0, 0
283, 44, 1, 5, 0, 0, 0.27%, 0, 0, 1, 22.92, 6332, 179, 0, 0
288, 45, 1, 5, 0, 0, 0.27%, 0, 0, 1, 22.95, 6447, 179, 0, 0
293, 46, 1, 5, 0, 0, 0.27%, 0, 0, 1, 22.95, 6562, 179, 0, 0
298, 47, 1, 5, 0, 0, 0.27%, 0, 0, 1, 22.94, 6677, 179, 0, 0
303, 48, 1, 5, 0, 0, 0.27%, 0, 0, 1, 22.90, 6792, 179, 0, 0
309, 49, 1, 5, 0, 0, 0.27%, 0, 0, 1, 22.92, 6907, 179, 0, 0
314, 49, 1, 5, 0, 0, 0.27%, 0, 0, 1, 22.32, 7022, 179, 0, 0
319, 50, 1, 5, 0, 0, 0.27%, 0, 0, 1, 22.15, 7137, 179, 0, 0
324, 51, 1, 5, 0, 0, 0.27%, 0, 0, 1, 22.04, 7252, 179, 0, 0
329, 52, 1, 5, 0, 0, 0.27%, 0, 0, 1, 22.08, 7367, 179, 0, 0
335, 53, 1, 5, 0, 0, 0.27%, 0, 0, 1, 22.02, 7482, 179, 0, 0
340, 53, 1, 5, 0, 0, 0.27%, 0, 0, 1, 22.03, 7597, 179, 0, 0
345, 54, 1, 5, 0, 0, 0.27%, 0, 0, 1, 22.03, 7712, 179, 0, 0
350, 55, 1, 5, 0, 0, 0.27%, 0, 0, 1, 22.06, 7827, 179, 0, 0
355, 56, 1, 5, 0, 0, 0.27%, 0, 0, 1, 21.87, 7937, 179, 0, 0
360, 57, 1, 5, 0, 0, 0.27%, 0, 0, 1, 22.15, 8047, 179, 0, 0
365, 58, 1, 5, 0, 0, 0.27%, 0, 0, 1, 22.75, 8162, 179, 0, 0
370, 58, 1, 5, 0, 0, 0.27%, 0, 0, 1, 22.90, 8277, 179, 0, 0
375, 59, 1, 5, 0, 0, 0.27%, 0, 0, 1, 22.93, 8392, 179, 0, 0
380, 60, 1, 5, 0, 0, 0.27%, 0, 0, 1, 23.02, 8507, 179, 0, 0
385, 61, 1, 5, 0, 0, 0.27%, 0, 0, 1, 22.85, 8622, 179, 0, 0
390, 62, 1, 5, 0, 0, 0.27%, 0, 0, 1, 22.77, 8737, 179, 0, 0
395, 62, 1, 5, 0, 0, 0.27%, 0, 0, 1, 22.75, 8852, 179, 0, 0
401, 63, 1, 5, 0, 0, 0.27%, 0, 0, 1, 22.75, 8967, 179, 0, 0
406, 64, 1, 5, 0, 0, 0.27%, 0, 0, 1, 22.73, 9082, 179, 0, 0
411, 65, 1, 5, 0, 0, 0.27%, 0, 0, 1, 22.75, 9197, 179, 0, 0
416, 66, 1, 5, 0, 0, 0.27%, 0, 0, 1, 22.74, 9312, 179, 0, 0
421, 67, 1, 5, 0, 0, 0.27%, 0, 0, 1, 22.75, 9427, 179, 0, 0
426, 67, 1, 5, 0, 0, 0.27%, 0, 0, 1, 22.30, 9542, 179, 0, 0
431, 68, 1, 5, 0, 0, 0.27%, 0, 0, 1, 21.32, 9647, 179, 0, 0
436, 69, 1, 5, 0, 0, 0.27%, 0, 0, 1, 21.43, 9757, 179, 0, 0
441, 70, 1, 5, 0, 0, 0.27%, 0, 0, 1, 22.13, 9872, 179, 0, 0
446, 71, 1, 5, 0, 0, 0.27%, 0, 0, 1, 22.44, 9987, 179, 0, 0
451, 71, 1, 5, 0, 0, 0.27%, 0, 0, 1, 22.61, 10102, 179, 0, 0
456, 72, 1, 5, 0, 0, 0.27%, 0, 0, 1, 22.61, 10217, 179, 0, 0
462, 73, 1, 5, 0, 0, 0.27%, 0, 0, 1, 22.73, 10332, 179, 0, 0
467, 74, 1, 5, 0, 0, 0.27%, 0, 0, 1, 22.82, 10447, 179, 0, 0
472, 75, 1, 5, 0, 0, 0.27%, 0, 0, 1, 22.82, 10562, 179, 0, 0
477, 75, 1, 5, 0, 0, 0.27%, 0, 0, 1, 22.82, 10677, 179, 0, 0
482, 76, 1, 5, 0, 0, 0.27%, 0, 0, 1, 22.83, 10792, 179, 0, 0
487, 77, 1, 5, 0, 0, 0.27%, 0, 0, 1, 22.87, 10907, 179, 0, 0
492, 78, 1, 5, 0, 0, 0.27%, 0, 0, 1, 22.85, 11022, 179, 0, 0
497, 79, 1, 5, 0, 0, 0.27%, 0, 0, 1, 22.89, 11137, 179, 0, 0
502, 80, 1, 5, 0, 0, 0.27%, 0, 0, 1, 22.86, 11252, 179, 0, 0
507, 80, 1, 5, 0, 0, 0.27%, 0, 0, 1, 22.86, 11367, 179, 0, 0
512, 81, 1, 5, 0, 0, 0.27%, 0, 0, 1, 22.92, 11482, 179, 0, 0
517, 82, 1, 5, 0, 0, 0.27%, 0, 0, 1, 22.84, 11597, 179, 0, 0
522, 83, 1, 5, 0, 0, 0.27%, 0, 0, 1, 22.84, 11712, 179, 0, 0
527, 84, 1, 5, 0, 0, 0.27%, 0, 0, 1, 22.80, 11827, 179, 0, 0
532, 84, 1, 5, 0, 0, 0.27%, 0, 0, 1, 22.13, 11937, 179, 0, 0
537, 85, 1, 5, 0, 0, 0.27%, 0, 0, 1, 21.96, 12047, 179, 0, 0
542, 86, 1, 5, 0, 0, 0.27%, 0, 0, 1, 22.52, 12162, 179, 0, 0
547, 87, 1, 5, 0, 0, 0.27%, 0, 0, 1, 22.92, 12282, 179, 0, 0
552, 88, 1, 5, 0, 0, 0.27%, 0, 0, 1, 22.34, 12397, 179, 0, 0
558, 89, 1, 5, 0, 0, 0.27%, 0, 0, 1, 22.13, 12512, 179, 0, 0
563, 89, 1, 5, 0, 0, 0.27%, 0, 0, 1, 22.06, 12627, 179, 0, 0
568, 90, 1, 5, 0, 0, 0.27%, 0, 0, 1, 22.06, 12742, 179, 0, 0
573, 91, 1, 5, 0, 0, 0.27%, 0, 0, 1, 22.00, 12857, 179, 0, 0
578, 92, 1, 5, 0, 0, 0.27%, 0, 0, 1, 21.95, 12967, 179, 0, 0
583, 93, 1, 5, 0, 0, 0.27%, 0, 0, 1, 21.80, 13077, 179, 0, 0
588, 93, 1, 5, 0, 0, 0.27%, 0, 0, 1, 21.71, 13187, 179, 0, 0
594, 94, 1, 5, 0, 0, 0.27%, 0, 0, 1, 21.76, 13297, 179, 0, 0
599, 95, 1, 5, 0, 0, 0.27%, 0, 0, 1, 21.81, 13407, 179, 0, 0
604, 96, 1, 5, 0, 0, 0.27%, 0, 0, 1, 21.74, 13517, 179, 0, 0
609, 97, 1, 5, 0, 0, 0.27%, 0, 0, 1, 21.75, 13627, 179, 0, 0
614, 97, 1, 5, 0, 0, 0.27%, 0, 0, 1, 21.76, 13737, 179, 0, 0
619, 98, 1, 5, 0, 0, 0.27%, 0, 0, 1, 21.76, 13847, 179, 0, 0
624, 99, 1, 5, 0, 0, 0.27%, 0, 0, 1, 21.66, 13957, 179, 0, 0
629, 100, 1, 5, 0, 0, 0.27%, 0, 0, 1, 21.98, 14072, 179, 0, 0
634, 101, 1, 5, 0, 0, 0.27%, 0, 0, 1, 22.07, 14187, 179, 0, 0
640, 101, 1, 5, 0, 0, 0.27%, 0, 0, 1, 22.06, 14302, 179, 0, 0
645, 102, 1, 5, 0, 0, 0.27%, 0, 0, 1, 22.06, 14417, 179, 0, 0
650, 103, 1, 5, 0, 0, 0.27%, 0, 0, 1, 22.06, 14532, 179, 0, 0
655, 104, 1, 5, 0, 0, 0.27%, 0, 0, 1, 22.04, 14647, 179, 0, 0
660, 105, 1, 5, 0, 0, 0.27%, 0, 0, 1, 22.05, 14762, 179, 0, 0
666, 105, 1, 5, 0, 0, 0.27%, 0, 0, 1, 22.05, 14877, 179, 0, 0
671, 106, 1, 5, 0, 0, 0.27%, 0, 0, 1, 22.04, 14992, 179, 0, 0
676, 107, 1, 5, 0, 0, 0.27%, 0, 0, 1, 22.48, 15107, 179, 0, 0
681, 108, 1, 5, 0, 0, 0.27%, 0, 0, 1, 22.70, 15222, 179, 0, 0
686, 109, 1, 5, 0, 0, 0.27%, 0, 0, 1, 22.44, 15337, 179, 0, 0
691, 110, 1, 5, 0, 0, 0.27%, 0, 0, 1, 22.59, 15452, 179, 0, 0
696, 110, 1, 5, 0, 0, 0.27%, 0, 0, 1, 22.72, 15567, 179, 0, 0
701, 111, 1, 5, 0, 0, 0.27%, 0, 0, 1, 22.75, 15682, 179, 0, 0
706, 112, 1, 5, 0, 0, 0.27%, 0, 0, 1, 22.76, 15797, 179, 0, 0
711, 113, 1, 5, 0, 0, 0.27%, 0, 0, 1, 22.77, 15912, 179, 0, 0
716, 114, 1, 5, 0, 0, 0.27%, 0, 0, 1, 22.78, 16027, 179, 0, 0
721, 114, 1, 5, 0, 0, 0.27%, 0, 0, 1, 22.21, 16137, 179, 0, 0
726, 115, 1, 5, 0, 0, 0.27%, 0, 0, 1, 21.98, 16247, 179, 0, 0
732, 116, 1, 5, 0, 0, 0.27%, 0, 0, 1, 21.86, 16357, 179, 0, 0
737, 117, 1, 5, 0, 0, 0.27%, 0, 0, 1, 22.49, 16472, 179, 0, 0
742, 118, 1, 5, 0, 0, 0.27%, 0, 0, 1, 22.20, 16587, 179, 0, 0
747, 119, 1, 5, 0, 0, 0.27%, 0, 0, 1, 22.07, 16702, 179, 0, 0
752, 119, 1, 5, 0, 0, 0.27%, 0, 0, 1, 21.96, 16812, 179, 0, 0
757, 120, 1, 5, 0, 0, 0.27%, 0, 0, 1, 21.89, 16922, 179, 0, 0
762, 121, 1, 5, 0, 0, 0.27%, 0, 0, 1, 21.91, 17032, 179, 0, 0
767, 122, 1, 5, 0, 0, 0.27%, 0, 0, 1, 21.91, 17142, 179, 0, 0
772, 122, 1, 5, 0, 0, 0.27%, 0, 0, 1, 21.88, 17252, 179, 0, 0
777, 123, 1, 5, 0, 0, 0.27%, 0, 0, 1, 21.96, 17362, 179, 0, 0
782, 124, 1, 5, 0, 0, 0.27%, 0, 0, 1, 22.22, 17477, 179, 0, 0
787, 125, 1, 5, 0, 0, 0.27%, 0, 0, 1, 22.25, 17592, 179, 0, 0
793, 126, 1, 5, 0, 0, 0.27%, 0, 0, 1, 22.27, 17707, 179, 0, 0
798, 127, 1, 5, 0, 0, 0.27%, 0, 0, 1, 22.26, 17822, 179, 0, 0
803, 127, 1, 5, 0, 0, 0.27%, 0, 0, 1, 22.27, 17937, 179, 0, 0
808, 128, 1, 5, 0, 0, 0.27%, 0, 0, 1, 22.24, 18052, 179, 0, 0
813, 129, 1, 5, 0, 0, 0.27%, 0, 0, 1, 22.26, 18167, 179, 0, 0
818, 130, 1, 5, 0, 0, 0.27%, 0, 0, 1, 22.28, 18282, 179, 0, 0
824, 131, 1, 5, 0, 0, 0.27%, 0, 0, 1, 21.84, 18392, 179, 0, 0
829, 131, 1, 5, 0, 0, 0.27%, 0, 0, 1, 21.71, 18502, 179, 0, 0
834, 132, 1, 5, 0, 0, 0.27%, 0, 0, 1, 21.71, 18612, 179, 0, 0
839, 133, 1, 5, 0, 0, 0.27%, 0, 0, 1, 21.78, 18722, 179, 0, 0
844, 134, 1, 5, 0, 0, 0.27%, 0, 0, 1, 21.91, 18832, 179, 0, 0
849, 135, 1, 5, 0, 0, 0.27%, 0, 0, 1, 21.96, 18942, 179, 0, 0
854, 135, 1, 5, 0, 0, 0.27%, 0, 0, 1, 21.90, 19052, 179, 0, 0
859, 136, 1, 5, 0, 0, 0.27%, 0, 0, 1, 21.91, 19162, 179, 0, 0
864, 137, 1, 5, 0, 0, 0.27%, 0, 0, 1, 21.89, 19272, 179, 0, 0
869, 138, 1, 5, 0, 0, 0.27%, 0, 0, 1, 21.84, 19382, 179, 0, 0
874, 138, 1, 5, 0, 0, 0.27%, 0, 0, 1, 22.32, 19497, 179, 0, 0
879, 139, 1, 5, 0, 0, 0.27%, 0, 0, 1, 22.57, 19612, 179, 0, 0
884, 140, 1, 5, 0, 0, 0.27%, 0, 0, 1, 22.54, 19727, 179, 0, 0
889, 141, 1, 5, 0, 0, 0.27%, 0, 0, 1, 22.17, 19837, 179, 0, 0
894, 142, 1, 5, 0, 0, 0.27%, 0, 0, 1, 21.43, 19945, 179, 0, 0
897, 142, 1, 5, 0, 0, 0.27%, 0, 0, 1, 20.75, 19995, 179, 0, 0
