# relative_time, cycles_done, cur_item, corpus_count, pending_total, pending_favs, map_size, saved_crashes, saved_hangs, max_depth, execs_per_sec, total_execs, edges_found, total_crashes, servers_count
61, 10, 1, 5, 0, 0, 0.24%, 0, 0, 1, 24.46, 1566, 159, 0, 0
66, 11, 1, 5, 0, 0, 0.24%, 0, 0, 1, 24.41, 1691, 159, 0, 0
71, 12, 1, 5, 0, 0, 0.24%, 0, 0, 1, 25.18, 1818, 159, 0, 0
76, 13, 1, 5, 0, 0, 0.24%, 0, 0, 1, 24.79, 1947, 159, 0, 0
81, 14, 1, 5, 0, 0, 0.24%, 0, 0, 1, 25.24, 2076, 159, 0, 0
86, 15, 1, 5, 0, 0, 0.24%, 0, 0, 1, 25.59, 2208, 159, 0, 0
92, 16, 1, 5, 0, 0, 0.24%, 0, 0, 1, 25.51, 2338, 159, 0, 0
97, 17, 1, 5, 0, 0, 0.24%, 0, 0, 1, 24.56, 2463, 159, 0, 0
102, 18, 1, 5, 0, 0, 0.24%, 0, 0, 1, 24.42, 2588, 159, 0, 0
107, 19, 1, 5, 0, 0, 0.24%, 0, 0, 1, 24.52, 2713, 159, 0, 0
112, 20, 1, 5, 0, 0, 0.24%, 0, 0, 1, 24.16, 2838, 159, 0, 0
117, 20, 1, 5, 0, 0, 0.24%, 0, 0, 1, 25.27, 2970, 159, 0, 0
122, 21, 1, 5, 0, 0, 0.24%, 0, 0, 1, 25.66, 3101, 159, 0, 0
127, 22, 1, 5, 0, 0, 0.24%, 0, 0, 1, 25.81, 3233, 159, 0, 0
133, 23, 1, 5, 0, 0, 0.24%, 0, 0, 1, 25.84, 3365, 159, 0, 0
138, 24, 1, 5, 0, 0, 0.24%, 0, 0, 1, 25.87, 3497, 159, 0, 0
143, 25, 1, 5, 0, 0, 0.24%, 0, 0, 1, 25.79, 3629, 159, 0, 0
148, 26, 1, 5, 0, 0, 0.24%, 0, 0, 1, 25.79, 3761, 159, 0, 0
153, 27, 1, 5, 0, 0, 0.24%, 0, 0, 1, 24.56, 3887, 159, 0, 0
158, 28, 1, 5, 0, 0, 0.24%, 0, 0, 1, 24.68, 4012, 159, 0, 0
163, 29, 1, 5, 0, 0, 0.24%, 0, 0, 1, 24.64, 4137, 159, 0, 0
168, 30, 1, 5, 0, 0, 0.24%, 0, 0, 1, 24.64, 4262, 159, 0, 0
173, 31, 1, 5, 0, 0, 0.24%, 0, 0, 1, 24.56, 4387, 159, 0, 0
179, 32, 1, 5, 0, 0, 0.24%, 0, 0, 1, 25.46, 4519, 159, 0, 0
184, 32, 1, 5, 0, 0, 0.24%, 0, 0, 1, 25.67, 4651, 159, 0, 0
189, 33, 1, 5, 0, 0, 0.24%, 0, 0, 1, 25.60, 4781, 159, 0, 0
194, 34, 1, 5, 0, 0, 0.24%, 0, 0, 1, 24.68, 4906, 159, 0, 0
199, 35, 1, 5, 0, 0, 0.24%, 0, 0, 1, 24.71, 5033, 159, 0, 0
204, 36, 1, 5, 0, 0, 0.24%, 0, 0, 1, 25.52, 5165, 159, 0, 0
209, 37, 1, 5, 0, 0, 0.24%, 0, 0, 1, 25.46, 5294, 159, 0, 0
214, 38, 1, 5, 0, 0, 0.24%, 0, 0, 1, 24.50, 5419, 159, 0, 0
219, 39, 1, 5, 0, 0, 0.24%, 0, 0, 1, 24.32, 5544, 159, 0, 0
225, 40, 1, 5, 0, 0, 0.24%, 0, 0, 1, 24.31, 5669, 159, 0, 0
230, 41, 1, 5, 0, 0, 0.24%, 0, 0, 1, 24.30, 5794, 159, 0, 0
235, 42, 1, 5, 0, 0, 0.24%, 0, 0, 1, 24.28, 5919, 159, 0, 0
240, 42, 1, 5, 0, 0, 0.24%, 0, 0, 1, 24.27, 6044, 159, 0, 0
245, 43, 1, 5, 0, 0, 0.24%, 0, 0, 1, 24.19, 6169, 159, 0, 0
250, 44, 1, 5, 0, 0, 0.24%, 0, 0, 1, 24.78, 6296, 159, 0, 0
255, 45, 1, 5, 0, 0, 0.24%, 0, 0, 1, 25.53, 6428, 159, 0, 0
261, 46, 1, 5, 0, 0, 0.24%, 0, 0, 1, 25.61, 6559, 159, 0, 0
266, 47, 1, 5, 0, 0, 0.24%, 0, 0, 1, 25.85, 6691, 159, 0, 0
271, 48, 1, 5, 0, 0, 0.24%, 0, 0, 1, 25.92, 6823, 159, 0, 0
276, 49, 1, 5, 0, 0, 0.24%, 0, 0, 1, 25.85, 6955, 159, 0, 0
281, 50, 1, 5, 0, 0, 0.24%, 0, 0, 1, 25.78, 7087, 159, 0, 0
286, 51, 1, 5, 0, 0, 0.24%, 0, 0, 1, 25.74, 7219, 159, 0, 0
291, 52, 1, 5, 0, 0, 0.24%, 0, 0, 1, 25.13, 7346, 159, 0, 0
296, 53, 1, 5, 0, 0, 0.24%, 0, 0, 1, 24.74, 7471, 159, 0, 0
301, 53, 1, 5, 0, 0, 0.24%, 0, 0, 1, 24.64, 7596, 159, 0, 0
306, 54, 1, 5, 0, 0, 0.24%, 0, 0, 1, 24.59, 7721, 159, 0, 0
312, 55, 1, 5, 0, 0, 0.24%, 0, 0, 1, 24.53, 7846, 159, 0, 0
317, 56, 1, 5, 0, 0, 0.24%, 0, 0, 1, 24.51, 7971, 159, 0, 0
322, 57, 1, 5, 0, 0, 0.24%, 0, 0, 1, 24.50, 8096, 159, 0, 0
327, 58, 1, 5, 0, 0, 0.24%, 0, 0, 1, 24.53, 8221, 159, 0, 0
332, 59, 1, 5, 0, 0, 0.24%, 0, 0, 1, 24.02, 8346, 159, 0, 0
337, 60, 1, 5, 0, 0, 0.24%, 0, 0, 1, 23.78, 8466, 159, 0, 0
342, 61, 1, 5, 0, 0, 0.24%, 0, 0, 1, 23.73, 8586, 159, 0, 0
347, 61, 1, 5, 0, 0, 0.24%, 0, 0, 1, 23.71, 8706, 159, 0, 0
352, 62, 1, 5, 0, 0, 0.24%, 0, 0, 1, 23.73, 8826, 159, 0, 0
357, 63, 1, 5, 0, 0, 0.24%, 0, 0, 1, 24.25, 8951, 159, 0, 0
363, 64, 1, 5, 0, 0, 0.24%, 0, 0, 1, 24.38, 9076, 159, 0, 0
368, 65, 1, 5, 0, 0, 0.24%, 0, 0, 1, 24.55, 9201, 159, 0, 0
373, 66, 1, 5, 0, 0, 0.24%, 0, 0, 1, 24.53, 9326, 159, 0, 0
378, 67, 1, 5, 0, 0, 0.24%, 0, 0, 1, 25.38, 9456, 159, 0, 0
383, 68, 1, 5, 0, 0, 0.24%, 0, 0, 1, 25.55, 9588, 159, 0, 0
388, 69, 1, 5, 0, 0, 0.24%, 0, 0, 1, 25.54, 9719, 159, 0, 0
393, 70, 1, 5, 0, 0, 0.24%, 0, 0, 1, 25.60, 9850, 159, 0, 0
398, 71, 1, 5, 0, 0, 0.24%, 0, 0, 1, 25.63, 9982, 159, 0, 0
403, 71, 1, 5, 0, 0, 0.24%, 0, 0, 1, 25.66, 10114, 159, 0, 0
409, 72, 1, 5, 0, 0, 0.24%, 0, 0, 1, 25.62, 10246, 159, 0, 0
414, 73, 1, 5, 0, 0, 0.24%, 0, 0, 1, 25.66, 10378, 159, 0, 0
419, 74, 1, 5, 0, 0, 0.24%, 0, 0, 1, 25.63, 10510, 159, 0, 0
424, 75, 1, 5, 0, 0, 0.24%, 0, 0, 1, 25.63, 10642, 159, 0, 0
429, 76, 1, 5, 0, 0, 0.24%, 0, 0, 1, 25.67, 10774, 159, 0, 0
434, 77, 1, 5, 0, 0, 0.24%, 0, 0, 1, 25.65, 10906, 159, 0, 0
439, 78, 1, 5, 0, 0, 0.24%, 0, 0, 1, 25.69, 11038, 159, 0, 0
445, 79, 1, 5, 0, 0, 0.24%, 0, 0, 1, 25.72, 11170, 159, 0, 0
450, 80, 1, 5, 0, 0, 0.24%, 0, 0, 1, 25.10, 11301, 159, 0, 0
455, 81, 1, 5, 0, 0, 0.24%, 0, 0, 1, 24.60, 11426, 159, 0, 0
460, 82, 1, 5, 0, 0, 0.24%, 0, 0, 1, 24.54, 11551, 159, 0, 0
465, 83, 1, 5, 0, 0, 0.24%, 0, 0, 1, 24.51, 11676, 159, 0, 0
470, 84, 1, 5, 0, 0, 0.24%, 0, 0, 1, 24.53, 11801, 159, 0, 0
475, 84, 1, 5, 0, 0, 0.24%, 0, 0, 1, 24.47, 11928, 159, 0, 0
481, 85, 1, 5, 0, 0, 0.24%, 0, 0, 1, 24.36, 12053, 159, 0, 0
486, 86, 1, 5, 0, 0, 0.24%, 0, 0, 1, 25.17, 12182, 159, 0, 0
491, 87, 1, 5, 0, 0, 0.24%, 0, 0, 1, 25.61, 12314, 159, 0, 0
496, 88, 1, 5, 0, 0, 0.24%, 0, 0, 1, 25.64, 12446, 159, 0, 0
501, 89, 1, 5, 0, 0, 0.24%, 0, 0, 1, 25.72, 12578, 159, 0, 0
506, 90, 1, 5, 0, 0, 0.24%, 0, 0, 1, 24.89, 12708, 159, 0, 0
511, 91, 1, 5, 0, 0, 0.24%, 0, 0, 1, 24.42, 12833, 159, 0, 0
516, 92, 1, 5, 0, 0, 0.24%, 0, 0, 1, 24.52, 12958, 159, 0, 0
522, 93, 1, 5, 0, 0, 0.24%, 0, 0, 1, 24.66, 13083, 159, 0, 0
527, 94, 1, 5, 0, 0, 0.24%, 0, 0, 1, 24.67, 13208, 159, 0, 0
532, 94, 1, 5, 0, 0, 0.24%, 0, 0, 1, 24.68, 13333, 159, 0, 0
537, 95, 1, 5, 0, 0, 0.24%, 0, 0, 1, 24.55, 13458, 159, 0, 0
542, 96, 1, 5, 0, 0, 0.24%, 0, 0, 1, 24.41, 13583, 159, 0, 0
547, 97, 1, 5, 0, 0, 0.24%, 0, 0, 1, 24.29, 13708, 159, 0, 0
552, 98, 1, 5, 0, 0, 0.24%, 0, 0, 1, 24.25, 13833, 159, 0, 0
557, 99, 1, 5, 0, 0, 0.24%, 0, 0, 1, 24.25, 13958, 159, 0, 0
562, 100, 1, 5, 0, 0, 0.24%, 0, 0, 1, 24.61, 14083, 159, 0, 0
568, 101, 1, 5, 0, 0, 0.24%, 0, 0, 1, 25.38, 14216, 159, 0, 0
573, 102, 1, 5, 0, 0, 0.24%, 0, 0, 1, 25.63, 14348, 159, 0, 0
578, 103, 1, 5, 0, 0, 0.24%, 0, 0, 1, 25.71, 14479, 159, 0, 0
583, 104, 1, 5, 0, 0, 0.24%, 0, 0, 1, 25.73, 14611, 159, 0, 0
588, 105, 1, 5, 0, 0, 0.24%, 0, 0, 1, 25.77, 14743, 159, 0, 0
593, 105, 1, 5, 0, 0, 0.24%, 0, 0, 1, 25.75, 14875, 159, 0, 0
598, 106, 1, 5, 0, 0, 0.24%, 0, 0, 1, 25.72, 15007, 159, 0, 0
604, 107, 1, 5, 0, 0, 0.24%, 0, 0, 1, 25.02, 15136, 159, 0, 0
609, 108, 1, 5, 0, 0, 0.24%, 0, 0, 1, 24.67, 15261, 159, 0, 0
614, 109, 1, 5, 0, 0, 0.24%, 0, 0, 1, 25.53, 15393, 159, 0, 0
619, 110, 1, 5, 0, 0, 0.24%, 0, 0, 1, 25.75, 15525, 159, 0, 0
624, 111, 1, 5, 0, 0, 0.24%, 0, 0, 1, 25.76, 15657, 159, 0, 0
629, 112, 1, 5, 0, 0, 0.24%, 0, 0, 1, 25.75, 15789, 159, 0, 0
634, 113, 1, 5, 0, 0, 0.24%, 0, 0, 1, 25.77, 15921, 159, 0, 0
639, 114, 1, 5, 0, 0, 0.24%, 0, 0, 1, 25.77, 16052, 159, 0, 0
644, 115, 1, 5, 0, 0, 0.24%, 0, 0, 1, 25.82, 16184, 159, 0, 0
650, 116, 1, 5, 0, 0, 0.24%, 0, 0, 1, 25.82, 16316, 159, 0, 0
655, 117, 1, 5, 0, 0, 0.24%, 0, 0, 1, 25.81, 16448, 159, 0, 0
660, 118, 1, 5, 0, 0, 0.24%, 0, 0, 1, 25.86, 16580, 159, 0, 0
665, 119, 1, 5, 0, 0, 0.24%, 0, 0, 1, 25.77, 16711, 159, 0, 0
670, 120, 1, 5, 0, 0, 0.24%, 0, 0, 1, 25.80, 16843, 159, 0, 0
675, 120, 1, 5, 0, 0, 0.24%, 0, 0, 1, 25.82, 16975, 159, 0, 0
680, 121, 1, 5, 0, 0, 0.24%, 0, 0, 1, 25.86, 17107, 159, 0, 0
685, 122, 1, 5, 0, 0, 0.24%, 0, 0, 1, 25.89, 17239, 159, 0, 0
690, 123, 1, 5, 0, 0, 0.24%, 0, 0, 1, 25.90, 17371, 159, 0, 0
695, 124, 1, 5, 0, 0, 0.24%, 0, 0, 1, 24.86, 17497, 159, 0, 0
701, 125, 1, 5, 0, 0, 0.24%, 0, 0, 1, 24.60, 17622, 159, 0, 0
706, 126, 1, 5, 0, 0, 0.24%, 0, 0, 1, 24.58, 17747, 159, 0, 0
711, 127, 1, 5, 0, 0, 0.24%, 0, 0, 1, 24.79, 17875, 159, 0, 0
716, 128, 1, 5, 0, 0, 0.24%, 0, 0, 1, 25.78, 18007, 159, 0, 0
721, 129, 1, 5, 0, 0, 0.24%, 0, 0, 1, 25.76, 18142, 159, 0, 0
726, 130, 1, 5, 0, 0, 0.24%, 0, 0, 1, 25.75, 18273, 159, 0, 0
731, 131, 1, 5, 0, 0, 0.24%, 0, 0, 1, 25.97, 18405, 159, 0, 0
736, 132, 1, 5, 0, 0, 0.24%, 0, 0, 1, 26.06, 18537, 159, 0, 0
741, 133, 1, 5, 0, 0, 0.24%, 0, 0, 1, 25.86, 18669, 159, 0, 0
747, 134, 1, 5, 0, 0, 0.24%, 0, 0, 1, 25.05, 18798, 159, 0, 0
752, 134, 1, 5, 0, 0, 0.24%, 0, 0, 1, 24.72, 18923, 159, 0, 0
757, 135, 1, 5, 0, 0, 0.24%, 0, 0, 1, 24.53, 19048, 159, 0, 0
762, 136, 1, 5, 0, 0, 0.24%, 0, 0, 1, 24.48, 19173, 159, 0, 0
767, 137, 1, 5, 0, 0, 0.24%, 0, 0, 1, 24.47, 19298, 159, 0, 0
772, 138, 1, 5, 0, 0, 0.24%, 0, 0, 1, 24.51, 19423, 159, 0, 0
777, 139, 1, 5, 0, 0, 0.24%, 0, 0, 1, 24.50, 19548, 159, 0, 0
782, 140, 1, 5, 0, 0, 0.24%, 0, 0, 1, 24.48, 19673, 159, 0, 0
787, 141, 1, 5, 0, 0, 0.24%, 0, 0, 1, 24.48, 19798, 159, 0, 0
792, 142, 1, 5, 0, 0, 0.24%, 0, 0, 1, 24.48, 19923, 159, 0, 0
798, 142, 1, 5, 0, 0, 0.24%, 0, 0, 1, 24.50, 20048, 159, 0, 0
803, 143, 1, 5, 0, 0, 0.24%, 0, 0, 1, 24.50, 20173, 159, 0, 0
808, 144, 1, 5, 0, 0, 0.24%, 0, 0, 1, 24.48, 20298, 159, 0, 0
813, 145, 1, 5, 0, 0, 0.24%, 0, 0, 1, 24.47, 20423, 159, 0, 0
818, 146, 1, 5, 0, 0, 0.24%, 0, 0, 1, 24.41, 20548, 159, 0, 0
823, 147, 1, 5, 0, 0, 0.24%, 0, 0, 1, 24.47, 20673, 159, 0, 0
828, 148, 1, 5, 0, 0, 0.24%, 0, 0, 1, 24.42, 20798, 159, 0, 0
833, 149, 1, 5, 0, 0, 0.24%, 0, 0, 1, 24.43, 20923, 159, 0, 0
838, 150, 1, 5, 0, 0, 0.24%, 0, 0, 1, 24.50, 21048, 159, 0, 0
844, 150, 1, 5, 0, 0, 0.24%, 0, 0, 1, 24.42, 21173, 159, 0, 0
849, 151, 1, 5, 0, 0, 0.24%, 0, 0, 1, 24.44, 21298, 159, 0, 0
854, 152, 1, 5, 0, 0, 0.24%, 0, 0, 1, 24.46, 21423, 159, 0, 0
859, 153, 1, 5, 0, 0, 0.24%, 0, 0, 1, 24.43, 21548, 159, 0, 0
864, 154, 1, 5, 0, 0, 0.24%, 0, 0, 1, 24.43, 21673, 159, 0, 0
869, 155, 1, 5, 0, 0, 0.24%, 0, 0, 1, 24.41, 21798, 159, 0, 0
874, 156, 1, 5, 0, 0, 0.24%, 0, 0, 1, 24.40, 21923, 159, 0, 0
880, 157, 1, 5, 0, 0, 0.24%, 0, 0, 1, 24.63, 22051, 159, 0, 0
885, 158, 1, 5, 0, 0, 0.24%, 0, 0, 1, 24.72, 22176, 159, 0, 0
890, 159, 1, 5, 0, 0, 0.24%, 0, 0, 1, 24.59, 22302, 159, 0, 0
895, 159, 1, 5, 0, 0, 0.24%, 0, 0, 1, 24.60, 22426, 159, 0, 0
897, 160, 1, 5, 0, 0, 0.24%, 0, 0, 1, 24.33, 22479, 159, 0, 0
