# relative_time, cycles_done, cur_item, corpus_count, pending_total, pending_favs, map_size, saved_crashes, saved_hangs, max_depth, execs_per_sec, total_execs, edges_found, total_crashes, servers_count
61, 21, 1, 5, 0, 0, 0.08%, 0, 0, 1, 49.88, 3094, 52, 0, 0
66, 23, 0, 5, 0, 0, 0.08%, 0, 0, 1, 50.24, 3347, 52, 0, 0
71, 25, 0, 5, 0, 0, 0.08%, 0, 0, 1, 49.38, 3598, 52, 0, 0
76, 27, 0, 5, 0, 0, 0.08%, 0, 0, 1, 49.76, 3851, 52, 0, 0
81, 29, 0, 5, 0, 0, 0.08%, 0, 0, 1, 49.98, 4107, 52, 0, 0
86, 30, 1, 5, 0, 0, 0.08%, 0, 0, 1, 50.10, 4360, 52, 0, 0
91, 32, 0, 5, 0, 0, 0.08%, 0, 0, 1, 49.94, 4612, 52, 0, 0
96, 34, 0, 5, 0, 0, 0.08%, 0, 0, 1, 50.32, 4867, 52, 0, 0
101, 36, 0, 5, 0, 0, 0.08%, 0, 0, 1, 50.97, 5128, 52, 0, 0
106, 38, 1, 5, 0, 0, 0.08%, 0, 0, 1, 50.86, 5386, 52, 0, 0
111, 39, 0, 5, 0, 0, 0.08%, 0, 0, 1, 50.46, 5640, 52, 0, 0
116, 41, 0, 5, 0, 0, 0.08%, 0, 0, 1, 50.55, 5894, 52, 0, 0
121, 43, 0, 5, 0, 0, 0.08%, 0, 0, 1, 50.64, 6150, 52, 0, 0
126, 45, 1, 5, 0, 0, 0.08%, 0, 0, 1, 49.44, 6399, 52, 0, 0
131, 47, 0, 5, 0, 0, 0.08%, 0, 0, 1, 50.97, 6660, 52, 0, 0
136, 49, 0, 5, 0, 0, 0.08%, 0, 0, 1, 50.26, 6913, 52, 0, 0
142, 50, 0, 5, 0, 0, 0.08%, 0, 0, 1, 50.55, 7171, 52, 0, 0
147, 52, 0, 5, 0, 0, 0.08%, 0, 0, 1, 49.91, 7423, 52, 0, 0
152, 54, 0, 5, 0, 0, 0.08%, 0, 0, 1, 50.46, 7685, 52, 0, 0
157, 56, 0, 5, 0, 0, 0.08%, 0, 0, 1, 50.40, 7938, 52, 0, 0
162, 58, 0, 5, 0, 0, 0.08%, 0, 0, 1, 50.97, 8197, 52, 0, 0
167, 60, 0, 5, 0, 0, 0.08%, 0, 0, 1, 50.39, 8453, 52, 0, 0
172, 61, 0, 5, 0, 0, 0.08%, 0, 0, 1, 49.86, 8706, 52, 0, 0
177, 63, 1, 5, 0, 0, 0.08%, 0, 0, 1, 50.69, 8965, 52, 0, 0
182, 65, 0, 5, 0, 0, 0.08%, 0, 0, 1, 50.66, 9219, 52, 0, 0
187, 67, 0, 5, 0, 0, 0.08%, 0, 0, 1, 49.69, 9472, 52, 0, 0
192, 69, 1, 5, 0, 0, 0.08%, 0, 0, 1, 50.04, 9728, 52, 0, 0
197, 70, 0, 5, 0, 0, 0.08%, 0, 0, 1, 50.23, 9981, 52, 0, 0
202, 72, 0, 5, 0, 0, 0.08%, 0, 0, 1, 51.14, 10243, 52, 0, 0
208, 74, 1, 5, 0, 0, 0.08%, 0, 0, 1, 50.87, 10502, 52, 0, 0
213, 76, 0, 5, 0, 0, 0.08%, 0, 0, 1, 51.42, 10764, 52, 0, 0
218, 78, 0, 5, 0, 0, 0.08%, 0, 0, 1, 51.65, 11025, 52, 0, 0
223, 80, 1, 5, 0, 0, 0.08%, 0, 0, 1, 49.82, 11275, 52, 0, 0
228, 82, 0, 5, 0, 0, 0.08%, 0, 0, 1, 50.42, 11528, 52, 0, 0
233, 83, 0, 5, 0, 0, 0.08%, 0, 0, 1, 50.61, 11782, 52, 0, 0
238, 85, 0, 5, 0, 0, 0.08%, 0, 0, 1, 50.21, 12037, 52, 0, 0
243, 87, 0, 5, 0, 0, 0.08%, 0, 0, 1, 50.43, 12295, 52, 0, 0
248, 89, 0, 5, 0, 0, 0.08%, 0, 0, 1, 50.72, 12555, 52, 0, 0
253, 91, 0, 5, 0, 0, 0.08%, 0, 0, 1, 51.12, 12813, 52, 0, 0
258, 93, 0, 5, 0, 0, 0.08%, 0, 0, 1, 50.99, 13071, 52, 0, 0
263, 94, 0, 5, 0, 0, 0.08%, 0, 0, 1, 50.80, 13326, 52, 0, 0
268, 96, 0, 5, 0, 0, 0.08%, 0, 0, 1, 51.47, 13589, 52, 0, 0
273, 98, 0, 5, 0, 0, 0.08%, 0, 0, 1, 51.11, 13848, 52, 0, 0
278, 100, 0, 5, 0, 0, 0.08%, 0, 0, 1, 50.76, 14102, 52, 0, 0
283, 102, 0, 5, 0, 0, 0.08%, 0, 0, 1, 50.65, 14360, 52, 0, 0
288, 104, 0, 5, 0, 0, 0.08%, 0, 0, 1, 51.14, 14620, 52, 0, 0
293, 105, 0, 5, 0, 0, 0.08%, 0, 0, 1, 50.71, 14875, 52, 0, 0
299, 107, 0, 5, 0, 0, 0.08%, 0, 0, 1, 50.78, 15135, 52, 0, 0
304, 109, 0, 5, 0, 0, 0.08%, 0, 0, 1, 50.92, 15392, 52, 0, 0
309, 111, 1, 5, 0, 0, 0.08%, 0, 0, 1, 50.36, 15648, 52, 0, 0
314, 113, 0, 5, 0, 0, 0.08%, 0, 0, 1, 50.67, 15902, 52, 0, 0
319, 115, 0, 5, 0, 0, 0.08%, 0, 0, 1, 50.85, 16158, 52, 0, 0
324, 116, 0, 5, 0, 0, 0.08%, 0, 0, 1, 51.16, 16416, 52, 0, 0
329, 118, 0, 5, 0, 0, 0.08%, 0, 0, 1, 50.90, 16671, 52, 0, 0
334, 120, 0, 5, 0, 0, 0.08%, 0, 0, 1, 50.27, 16924, 52, 0, 0
339, 122, 0, 5, 0, 0, 0.08%, 0, 0, 1, 50.56, 17179, 52, 0, 0
344, 124, 0, 5, 0, 0, 0.08%, 0, 0, 1, 50.48, 17437, 52, 0, 0
349, 126, 0, 5, 0, 0, 0.08%, 0, 0, 1, 51.19, 17699, 52, 0, 0
354, 127, 0, 5, 0, 0, 0.08%, 0, 0, 1, 51.32, 17959, 52, 0, 0
359, 129, 0, 5, 0, 0, 0.08%, 0, 0, 1, 50.55, 18214, 52, 0, 0
364, 131, 0, 5, 0, 0, 0.08%, 0, 0, 1, 50.58, 18469, 52, 0, 0
369, 133, 1, 5, 0, 0, 0.08%, 0, 0, 1, 50.57, 18726, 52, 0, 0
374, 135, 0, 5, 0, 0, 0.08%, 0, 0, 1, 49.94, 18977, 52, 0, 0
379, 137, 0, 5, 0, 0, 0.08%, 0, 0, 1, 50.32, 19234, 52, 0, 0
385, 138, 0, 5, 0, 0, 0.08%, 0, 0, 1, 50.45, 19488, 52, 0, 0
390, 140, 0, 5, 0, 0, 0.08%, 0, 0, 1, 50.84, 19748, 52, 0, 0
395, 142, 0, 5, 0, 0, 0.08%, 0, 0, 1, 49.47, 20000, 52, 0, 0
400, 144, 0, 5, 0, 0, 0.08%, 0, 0, 1, 51.03, 20262, 52, 0, 0
405, 146, 1, 5, 0, 0, 0.08%, 0, 0, 1, 50.95, 20519, 52, 0, 0
410, 148, 0, 5, 0, 0, 0.08%, 0, 0, 1, 50.27, 20775, 52, 0, 0
415, 149, 0, 5, 0, 0, 0.08%, 0, 0, 1, 50.93, 21036, 52, 0, 0
420, 151, 0, 5, 0, 0, 0.08%, 0, 0, 1, 50.23, 21289, 52, 0, 0
425, 153, 0, 5, 0, 0, 0.08%, 0, 0, 1, 50.74, 21545, 52, 0, 0
430, 155, 0, 5, 0, 0, 0.08%, 0, 0, 1, 50.94, 21805, 52, 0, 0
435, 157, 0, 5, 0, 0, 0.08%, 0, 0, 1, 50.90, 22063, 52, 0, 0
440, 159, 0, 5, 0, 0, 0.08%, 0, 0, 1, 50.62, 22321, 52, 0, 0
446, 160, 1, 5, 0, 0, 0.08%, 0, 0, 1, 50.48, 22577, 52, 0, 0
451, 162, 0, 5, 0, 0, 0.08%, 0, 0, 1, 50.52, 22832, 52, 0, 0
456, 164, 1, 5, 0, 0, 0.08%, 0, 0, 1, 50.94, 23087, 52, 0, 0
461, 166, 0, 5, 0, 0, 0.08%, 0, 0, 1, 50.26, 23339, 52, 0, 0
466, 168, 0, 5, 0, 0, 0.08%, 0, 0, 1, 50.74, 23599, 52, 0, 0
471, 170, 0, 5, 0, 0, 0.08%, 0, 0, 1, 51.10, 23858, 52, 0, 0
476, 171, 1, 5, 0, 0, 0.08%, 0, 0, 1, 50.88, 24115, 52, 0, 0
481, 173, 0, 5, 0, 0, 0.08%, 0, 0, 1, 50.07, 24367, 52, 0, 0
486, 175, 0, 5, 0, 0, 0.08%, 0, 0, 1, 49.80, 24618, 52, 0, 0
491, 177, 1, 5, 0, 0, 0.08%, 0, 0, 1, 50.59, 24875, 52, 0, 0
496, 179, 0, 5, 0, 0, 0.08%, 0, 0, 1, 50.84, 25132, 52, 0, 0
501, 181, 0, 5, 0, 0, 0.08%, 0, 0, 1, 51.38, 25391, 52, 0, 0
506, 182, 0, 5, 0, 0, 0.08%, 0, 0, 1, 51.56, 25653, 52, 0, 0
511, 184, 1, 5, 0, 0, 0.08%, 0, 0, 1, 49.84, 25902, 52, 0, 0
516, 186, 0, 5, 0, 0, 0.08%, 0, 0, 1, 50.55, 26158, 52, 0, 0
521, 188, 0, 5, 0, 0, 0.08%, 0, 0, 1, 50.19, 26409, 52, 0, 0
526, 190, 0, 5, 0, 0, 0.08%, 0, 0, 1, 50.93, 26667, 52, 0, 0
531, 192, 0, 5, 0, 0, 0.08%, 0, 0, 1, 51.04, 26924, 52, 0, 0
536, 193, 0, 5, 0, 0, 0.08%, 0, 0, 1, 50.27, 27178, 52, 0, 0
542, 195, 1, 5, 0, 0, 0.08%, 0, 0, 1, 50.38, 27435, 52, 0, 0
547, 197, 1, 5, 0, 0, 0.08%, 0, 0, 1, 50.37, 27689, 52, 0, 0
552, 199, 0, 5, 0, 0, 0.08%, 0, 0, 1, 50.58, 27942, 52, 0, 0
557, 201, 0, 5, 0, 0, 0.08%, 0, 0, 1, 50.79, 28201, 52, 0, 0
562, 202, 0, 5, 0, 0, 0.08%, 0, 0, 1, 50.97, 28459, 52, 0, 0
567, 204, 0, 5, 0, 0, 0.08%, 0, 0, 1, 51.20, 28717, 52, 0, 0
572, 206, 0, 5, 0, 0, 0.08%, 0, 0, 1, 50.29, 28970, 52, 0, 0
577, 208, 0, 5, 0, 0, 0.08%, 0, 0, 1, 50.09, 29223, 52, 0, 0
582, 210, 0, 5, 0, 0, 0.08%, 0, 0, 1, 50.22, 29482, 52, 0, 0
587, 212, 0, 5, 0, 0, 0.08%, 0, 0, 1, 50.21, 29737, 52, 0, 0
592, 213, 0, 5, 0, 0, 0.08%, 0, 0, 1, 50.37, 29995, 52, 0, 0
597, 215, 0, 5, 0, 0, 0.08%, 0, 0, 1, 49.97, 30251, 52, 0, 0
602, 217, 0, 5, 0, 0, 0.08%, 0, 0, 1, 50.71, 30511, 52, 0, 0
608, 219, 0, 5, 0, 0, 0.08%, 0, 0, 1, 50.31, 30767, 52, 0, 0
613, 221, 0, 5, 0, 0, 0.08%, 0, 0, 1, 50.94, 31026, 52, 0, 0
618, 223, 0, 5, 0, 0, 0.08%, 0, 0, 1, 50.73, 31282, 52, 0, 0
623, 224, 1, 5, 0, 0, 0.08%, 0, 0, 1, 51.19, 31542, 52, 0, 0
628, 226, 0, 5, 0, 0, 0.08%, 0, 0, 1, 50.76, 31797, 52, 0, 0
633, 228, 1, 5, 0, 0, 0.08%, 0, 0, 1, 50.10, 32053, 52, 0, 0
638, 230, 1, 5, 0, 0, 0.08%, 0, 0, 1, 49.69, 32304, 52, 0, 0
643, 232, 0, 5, 0, 0, 0.08%, 0, 0, 1, 49.49, 32560, 52, 0, 0
648, 234, 0, 5, 0, 0, 0.08%, 0, 0, 1, 49.55, 32818, 52, 0, 0
653, 235, 0, 5, 0, 0, 0.08%, 0, 0, 1, 49.77, 33068, 52, 0, 0
658, 237, 0, 5, 0, 0, 0.08%, 0, 0, 1, 49.76, 33317, 52, 0, 0
663, 239, 0, 5, 0, 0, 0.08%, 0, 0, 1, 50.48, 33573, 52, 0, 0
668, 241, 1, 5, 0, 0, 0.08%, 0, 0, 1, 50.35, 33828, 52, 0, 0
673, 243, 0, 5, 0, 0, 0.08%, 0, 0, 1, 50.52, 34082, 52, 0, 0
679, 244, 1, 5, 0, 0, 0.08%, 0, 0, 1, 50.85, 34340, 52, 0, 0
684, 246, 0, 5, 0, 0, 0.08%, 0, 0, 1, 50.48, 34596, 52, 0, 0
689, 248, 0, 5, 0, 0, 0.08%, 0, 0, 1, 50.66, 34851, 52, 0, 0
694, 250, 0, 5, 0, 0, 0.08%, 0, 0, 1, 50.41, 35106, 52, 0, 0
699, 252, 1, 5, 0, 0, 0.08%, 0, 0, 1, 50.48, 35363, 52, 0, 0
704, 254, 0, 5, 0, 0, 0.08%, 0, 0, 1, 50.47, 35616, 52, 0, 0
709, 255, 0, 5, 0, 0, 0.08%, 0, 0, 1, 50.51, 35876, 52, 0, 0
714, 257, 0, 5, 0, 0, 0.08%, 0, 0, 1, 49.57, 36126, 52, 0, 0
719, 259, 0, 5, 0, 0, 0.08%, 0, 0, 1, 49.32, 36375, 52, 0, 0
724, 261, 0, 5, 0, 0, 0.08%, 0, 0, 1, 50.31, 36633, 52, 0, 0
729, 263, 0, 5, 0, 0, 0.08%, 0, 0, 1, 51.19, 36893, 52, 0, 0
734, 265, 1, 5, 0, 0, 0.08%, 0, 0, 1, 51.78, 37154, 52, 0, 0
739, 266, 0, 5, 0, 0, 0.08%, 0, 0, 1, 51.83, 37416, 52, 0, 0
744, 268, 0, 5, 0, 0, 0.08%, 0, 0, 1, 51.94, 37677, 52, 0, 0
749, 270, 0, 5, 0, 0, 0.08%, 0, 0, 1, 51.70, 37937, 52, 0, 0
754, 272, 1, 5, 0, 0, 0.08%, 0, 0, 1, 51.34, 38197, 52, 0, 0
760, 274, 0, 5, 0, 0, 0.08%, 0, 0, 1, 50.63, 38452, 52, 0, 0
765, 276, 0, 5, 0, 0, 0.08%, 0, 0, 1, 51.43, 38713, 52, 0, 0
770, 278, 0, 5, 0, 0, 0.08%, 0, 0, 1, 51.07, 38971, 52, 0, 0
775, 279, 0, 5, 0, 0, 0.08%, 0, 0, 1, 50.95, 39229, 52, 0, 0
780, 281, 0, 5, 0, 0, 0.08%, 0, 0, 1, 50.62, 39485, 52, 0, 0
785, 283, 0, 5, 0, 0, 0.08%, 0, 0, 1, 50.86, 39744, 52, 0, 0
790, 285, 0, 5, 0, 0, 0.08%, 0, 0, 1, 50.57, 39999, 52, 0, 0
795, 287, 0, 5, 0, 0, 0.08%, 0, 0, 1, 50.24, 40261, 52, 0, 0
800, 289, 0, 5, 0, 0, 0.08%, 0, 0, 1, 50.68, 40518, 52, 0, 0
805, 290, 0, 5, 0, 0, 0.08%, 0, 0, 1, 50.63, 40774, 52, 0, 0
810, 292, 0, 5, 0, 0, 0.08%, 0, 0, 1, 51.36, 41033, 52, 0, 0
815, 294, 0, 5, 0, 0, 0.08%, 0, 0, 1, 51.39, 41295, 52, 0, 0
820, 296, 1, 5, 0, 0, 0.08%, 0, 0, 1, 51.01, 41552, 52, 0, 0
826, 298, 0, 5, 0, 0, 0.08%, 0, 0, 1, 51.26, 41813, 52, 0, 0
831, 300, 1, 5, 0, 0, 0.08%, 0, 0, 1, 51.34, 42073, 52, 0, 0
836, 302, 0, 5, 0, 0, 0.08%, 0, 0, 1, 51.03, 42331, 52, 0, 0
841, 303, 0, 5, 0, 0, 0.08%, 0, 0, 1, 50.68, 42588, 52, 0, 0
846, 305, 0, 5, 0, 0, 0.08%, 0, 0, 1, 49.68, 42840, 52, 0, 0
851, 307, 0, 5, 0, 0, 0.08%, 0, 0, 1, 50.05, 43091, 52, 0, 0
856, 309, 1, 5, 0, 0, 0.08%, 0, 0, 1, 50.01, 43348, 52, 0, 0
861, 311, 0, 5, 0, 0, 0.08%, 0, 0, 1, 50.87, 43608, 52, 0, 0
866, 313, 0, 5, 0, 0, 0.08%, 0, 0, 1, 50.89, 43867, 52, 0, 0
871, 314, 0, 5, 0, 0, 0.08%, 0, 0, 1, 50.52, 44122, 52, 0, 0
876, 316, 0, 5, 0, 0, 0.08%, 0, 0, 1, 50.42, 44377, 52, 0, 0
881, 318, 0, 5, 0, 0, 0.08%, 0, 0, 1, 50.50, 44634, 52, 0, 0
886, 320, 0, 5, 0, 0, 0.08%, 0, 0, 1, 50.49, 44892, 52, 0, 0
891, 322, 1, 5, 0, 0, 0.08%, 0, 0, 1, 49.07, 45137, 52, 0, 0
897, 323, 0, 5, 0, 0, 0.08%, 0, 0, 1, 49.63, 45391, 52, 0, 0
897, 324, 0, 5, 0, 0, 0.08%, 0, 0, 1, 0.00, 45432, 52, 0, 0
