# relative_time, cycles_done, cur_item, corpus_count, pending_total, pending_favs, map_size, saved_crashes, saved_hangs, max_depth, execs_per_sec, total_execs, edges_found, total_crashes, servers_count
61, 8, 0, 5, 0, 0, 0.09%, 0, 0, 1, 16.46, 1085, 61, 0, 0
66, 8, 0, 5, 0, 0, 0.09%, 0, 0, 1, 16.58, 1173, 61, 0, 0
72, 9, 1, 5, 0, 0, 0.09%, 0, 0, 1, 16.71, 1258, 61, 0, 0
77, 10, 0, 5, 0, 0, 0.09%, 0, 0, 1, 16.29, 1342, 61, 0, 0
82, 11, 1, 5, 0, 0, 0.09%, 0, 0, 1, 16.29, 1426, 61, 0, 0
87, 11, 1, 5, 0, 0, 0.09%, 0, 0, 1, 16.82, 1511, 61, 0, 0
92, 12, 1, 5, 0, 0, 0.09%, 0, 0, 1, 16.42, 1595, 61, 0, 0
97, 13, 1, 5, 0, 0, 0.09%, 0, 0, 1, 17.01, 1682, 61, 0, 0
102, 13, 1, 5, 0, 0, 0.09%, 0, 0, 1, 16.38, 1766, 61, 0, 0
108, 14, 0, 5, 0, 0, 0.09%, 0, 0, 1, 16.99, 1854, 61, 0, 0
113, 15, 1, 5, 0, 0, 0.09%, 0, 0, 1, 16.90, 1939, 61, 0, 0
118, 15, 0, 5, 0, 0, 0.09%, 0, 0, 1, 16.65, 2024, 61, 0, 0
123, 16, 1, 5, 0, 0, 0.09%, 0, 0, 1, 17.02, 2109, 61, 0, 0
128, 17, 1, 5, 0, 0, 0.09%, 0, 0, 1, 17.21, 2196, 61, 0, 0
133, 17, 1, 5, 0, 0, 0.09%, 0, 0, 1, 16.27, 2277, 61, 0, 0
138, 18, 0, 5, 0, 0, 0.09%, 0, 0, 1, 16.12, 2360, 61, 0, 0
143, 19, 1, 5, 0, 0, 0.09%, 0, 0, 1, 16.30, 2444, 61, 0, 0
149, 19, 0, 5, 0, 0, 0.09%, 0, 0, 1, 16.98, 2534, 61, 0, 0
154, 20, 1, 5, 0, 0, 0.09%, 0, 0, 1, 16.72, 2620, 61, 0, 0
159, 21, 1, 5, 0, 0, 0.09%, 0, 0, 1, 16.91, 2705, 61, 0, 0
164, 21, 0, 5, 0, 0, 0.09%, 0, 0, 1, 15.88, 2786, 61, 0, 0
169, 22, 0, 5, 0, 0, 0.09%, 0, 0, 1, 16.23, 2868, 61, 0, 0
174, 23, 1, 5, 0, 0, 0.09%, 0, 0, 1, 16.68, 2953, 61, 0, 0
179, 23, 1, 5, 0, 0, 0.09%, 0, 0, 1, 16.30, 3036, 61, 0, 0
185, 24, 1, 5, 0, 0, 0.09%, 0, 0, 1, 16.27, 3122, 61, 0, 0
190, 25, 0, 5, 0, 0, 0.09%, 0, 0, 1, 17.48, 3212, 61, 0, 0
195, 25, 0, 5, 0, 0, 0.09%, 0, 0, 1, 17.22, 3302, 61, 0, 0
200, 26, 0, 5, 0, 0, 0.09%, 0, 0, 1, 16.62, 3387, 61, 0, 0
205, 27, 1, 5, 0, 0, 0.09%, 0, 0, 1, 16.32, 3471, 61, 0, 0
210, 28, 1, 5, 0, 0, 0.09%, 0, 0, 1, 16.23, 3551, 61, 0, 0
215, 28, 1, 5, 0, 0, 0.09%, 0, 0, 1, 16.88, 3637, 61, 0, 0
220, 29, 1, 5, 0, 0, 0.09%, 0, 0, 1, 16.15, 3717, 61, 0, 0
225, 30, 0, 5, 0, 0, 0.09%, 0, 0, 1, 17.11, 3804, 61, 0, 0
231, 30, 1, 5, 0, 0, 0.09%, 0, 0, 1, 16.56, 3888, 61, 0, 0
236, 31, 1, 5, 0, 0, 0.09%, 0, 0, 1, 17.27, 3979, 61, 0, 0
241, 32, 1, 5, 0, 0, 0.09%, 0, 0, 1, 17.25, 4069, 61, 0, 0
246, 32, 0, 5, 0, 0, 0.09%, 0, 0, 1, 16.69, 4153, 61, 0, 0
251, 33, 0, 5, 0, 0, 0.09%, 0, 0, 1, 16.60, 4237, 61, 0, 0
256, 34, 1, 5, 0, 0, 0.09%, 0, 0, 1, 16.98, 4322, 61, 0, 0
261, 34, 0, 5, 0, 0, 0.09%, 0, 0, 1, 16.06, 4405, 61, 0, 0
267, 35, 1, 5, 0, 0, 0.09%, 0, 0, 1, 17.18, 4496, 61, 0, 0
272, 36, 1, 5, 0, 0, 0.09%, 0, 0, 1, 17.25, 4586, 61, 0, 0
277, 37, 0, 5, 0, 0, 0.09%, 0, 0, 1, 17.13, 4672, 61, 0, 0
282, 37, 1, 5, 0, 0, 0.09%, 0, 0, 1, 16.95, 4760, 61, 0, 0
287, 38, 1, 5, 0, 0, 0.09%, 0, 0, 1, 16.54, 4844, 61, 0, 0
292, 39, 1, 5, 0, 0, 0.09%, 0, 0, 1, 16.52, 4929, 61, 0, 0
298, 39, 1, 5, 0, 0, 0.09%, 0, 0, 1, 16.01, 5012, 61, 0, 0
303, 40, 1, 5, 0, 0, 0.09%, 0, 0, 1, 15.91, 5092, 61, 0, 0
308, 41, 1, 5, 0, 0, 0.09%, 0, 0, 1, 16.83, 5181, 61, 0, 0
313, 42, 0, 5, 0, 0, 0.09%, 0, 0, 1, 16.55, 5265, 61, 0, 0
318, 42, 1, 5, 0, 0, 0.09%, 0, 0, 1, 16.57, 5349, 61, 0, 0
323, 43, 1, 5, 0, 0, 0.09%, 0, 0, 1, 17.55, 5437, 61, 0, 0
328, 44, 1, 5, 0, 0, 0.09%, 0, 0, 1, 17.06, 5522, 61, 0, 0
334, 44, 1, 5, 0, 0, 0.09%, 0, 0, 1, 17.04, 5611, 61, 0, 0
339, 45, 1, 5, 0, 0, 0.09%, 0, 0, 1, 18.14, 5703, 61, 0, 0
344, 46, 0, 5, 0, 0, 0.09%, 0, 0, 1, 16.41, 5786, 61, 0, 0
349, 47, 1, 5, 0, 0, 0.09%, 0, 0, 1, 16.76, 5870, 61, 0, 0
354, 47, 1, 5, 0, 0, 0.09%, 0, 0, 1, 16.97, 5955, 61, 0, 0
359, 48, 0, 5, 0, 0, 0.09%, 0, 0, 1, 17.35, 6043, 61, 0, 0
364, 49, 1, 5, 0, 0, 0.09%, 0, 0, 1, 16.78, 6127, 61, 0, 0
369, 49, 1, 5, 0, 0, 0.09%, 0, 0, 1, 17.02, 6216, 61, 0, 0
375, 50, 1, 5, 0, 0, 0.09%, 0, 0, 1, 16.99, 6305, 61, 0, 0
380, 51, 1, 5, 0, 0, 0.09%, 0, 0, 1, 17.00, 6393, 61, 0, 0
385, 51, 0, 5, 0, 0, 0.09%, 0, 0, 1, 16.79, 6477, 61, 0, 0
390, 52, 0, 5, 0, 0, 0.09%, 0, 0, 1, 17.81, 6568, 61, 0, 0
395, 53, 1, 5, 0, 0, 0.09%, 0, 0, 1, 16.61, 6652, 61, 0, 0
400, 54, 1, 5, 0, 0, 0.09%, 0, 0, 1, 16.69, 6736, 61, 0, 0
405, 54, 1, 5, 0, 0, 0.09%, 0, 0, 1, 16.49, 6820, 61, 0, 0
411, 55, 0, 5, 0, 0, 0.09%, 0, 0, 1, 17.09, 6910, 61, 0, 0
416, 56, 1, 5, 0, 0, 0.09%, 0, 0, 1, 17.88, 7001, 61, 0, 0
421, 56, 1, 5, 0, 0, 0.09%, 0, 0, 1, 17.28, 7090, 61, 0, 0
426, 57, 1, 5, 0, 0, 0.09%, 0, 0, 1, 17.00, 7178, 61, 0, 0
431, 58, 1, 5, 0, 0, 0.09%, 0, 0, 1, 16.65, 7262, 61, 0, 0
436, 59, 1, 5, 0, 0, 0.09%, 0, 0, 1, 16.81, 7347, 61, 0, 0
441, 59, 0, 5, 0, 0, 0.09%, 0, 0, 1, 16.98, 7432, 61, 0, 0
446, 60, 0, 5, 0, 0, 0.09%, 0, 0, 1, 15.20, 7507, 61, 0, 0
451, 61, 0, 5, 0, 0, 0.09%, 0, 0, 1, 15.60, 7586, 61, 0, 0
457, 61, 1, 5, 0, 0, 0.09%, 0, 0, 1, 16.71, 7672, 61, 0, 0
462, 62, 0, 5, 0, 0, 0.09%, 0, 0, 1, 16.72, 7760, 61, 0, 0
467, 63, 1, 5, 0, 0, 0.09%, 0, 0, 1, 17.11, 7845, 61, 0, 0
472, 63, 1, 5, 0, 0, 0.09%, 0, 0, 1, 16.71, 7930, 61, 0, 0
477, 64, 1, 5, 0, 0, 0.09%, 0, 0, 1, 17.24, 8015, 61, 0, 0
482, 65, 0, 5, 0, 0, 0.09%, 0, 0, 1, 16.50, 8100, 61, 0, 0
487, 66, 0, 5, 0, 0, 0.09%, 0, 0, 1, 16.35, 8184, 61, 0, 0
492, 66, 1, 5, 0, 0, 0.09%, 0, 0, 1, 16.76, 8268, 61, 0, 0
498, 67, 0, 5, 0, 0, 0.09%, 0, 0, 1, 17.07, 8355, 61, 0, 0
503, 68, 1, 5, 0, 0, 0.09%, 0, 0, 1, 16.33, 8436, 61, 0, 0
508, 68, 1, 5, 0, 0, 0.09%, 0, 0, 1, 16.65, 8520, 61, 0, 0
513, 69, 1, 5, 0, 0, 0.09%, 0, 0, 1, 16.44, 8606, 61, 0, 0
518, 70, 0, 5, 0, 0, 0.09%, 0, 0, 1, 16.16, 8687, 61, 0, 0
523, 70, 0, 5, 0, 0, 0.09%, 0, 0, 1, 16.04, 8767, 61, 0, 0
528, 71, 1, 5, 0, 0, 0.09%, 0, 0, 1, 16.45, 8851, 61, 0, 0
533, 72, 1, 5, 0, 0, 0.09%, 0, 0, 1, 16.38, 8936, 61, 0, 0
538, 72, 0, 5, 0, 0, 0.09%, 0, 0, 1, 16.76, 9025, 61, 0, 0
544, 73, 1, 5, 0, 0, 0.09%, 0, 0, 1, 17.86, 9116, 61, 0, 0
549, 74, 1, 5, 0, 0, 0.09%, 0, 0, 1, 16.58, 9200, 61, 0, 0
554, 75, 0, 5, 0, 0, 0.09%, 0, 0, 1, 16.56, 9285, 61, 0, 0
559, 75, 0, 5, 0, 0, 0.09%, 0, 0, 1, 16.36, 9372, 61, 0, 0
564, 76, 0, 5, 0, 0, 0.09%, 0, 0, 1, 15.83, 9452, 61, 0, 0
569, 77, 1, 5, 0, 0, 0.09%, 0, 0, 1, 16.34, 9536, 61, 0, 0
575, 77, 1, 5, 0, 0, 0.09%, 0, 0, 1, 16.29, 9620, 61, 0, 0
580, 78, 0, 5, 0, 0, 0.09%, 0, 0, 1, 16.49, 9704, 61, 0, 0
585, 79, 1, 5, 0, 0, 0.09%, 0, 0, 1, 16.59, 9788, 61, 0, 0
590, 80, 0, 5, 0, 0, 0.09%, 0, 0, 1, 16.40, 9873, 61, 0, 0
595, 80, 0, 5, 0, 0, 0.09%, 0, 0, 1, 16.41, 9957, 61, 0, 0
600, 81, 1, 5, 0, 0, 0.09%, 0, 0, 1, 16.28, 10041, 61, 0, 0
606, 82, 0, 5, 0, 0, 0.09%, 0, 0, 1, 16.26, 10125, 61, 0, 0
611, 82, 1, 5, 0, 0, 0.09%, 0, 0, 1, 16.75, 10213, 61, 0, 0
616, 83, 0, 5, 0, 0, 0.09%, 0, 0, 1, 17.00, 10302, 61, 0, 0
621, 84, 1, 5, 0, 0, 0.09%, 0, 0, 1, 16.50, 10386, 61, 0, 0
626, 84, 1, 5, 0, 0, 0.09%, 0, 0, 1, 17.68, 10475, 61, 0, 0
631, 85, 1, 5, 0, 0, 0.09%, 0, 0, 1, 18.09, 10567, 61, 0, 0
636, 86, 1, 5, 0, 0, 0.09%, 0, 0, 1, 17.47, 10657, 61, 0, 0
642, 86, 1, 5, 0, 0, 0.09%, 0, 0, 1, 16.96, 10742, 61, 0, 0
647, 87, 0, 5, 0, 0, 0.09%, 0, 0, 1, 16.12, 10822, 61, 0, 0
652, 88, 0, 5, 0, 0, 0.09%, 0, 0, 1, 16.32, 10907, 61, 0, 0
657, 89, 1, 5, 0, 0, 0.09%, 0, 0, 1, 16.09, 10991, 61, 0, 0
662, 89, 1, 5, 0, 0, 0.09%, 0, 0, 1, 16.42, 11075, 61, 0, 0
667, 90, 0, 5, 0, 0, 0.09%, 0, 0, 1, 16.24, 11159, 61, 0, 0
672, 91, 1, 5, 0, 0, 0.09%, 0, 0, 1, 16.42, 11243, 61, 0, 0
677, 91, 1, 5, 0, 0, 0.09%, 0, 0, 1, 17.02, 11331, 61, 0, 0
683, 92, 0, 5, 0, 0, 0.09%, 0, 0, 1, 16.23, 11415, 61, 0, 0
688, 93, 1, 5, 0, 0, 0.09%, 0, 0, 1, 17.27, 11504, 61, 0, 0
693, 94, 1, 5, 0, 0, 0.09%, 0, 0, 1, 17.16, 11589, 61, 0, 0
698, 94, 1, 5, 0, 0, 0.09%, 0, 0, 1, 16.86, 11674, 61, 0, 0
703, 95, 1, 5, 0, 0, 0.09%, 0, 0, 1, 16.57, 11758, 61, 0, 0
708, 96, 1, 5, 0, 0, 0.09%, 0, 0, 1, 16.53, 11844, 61, 0, 0
714, 96, 1, 5, 0, 0, 0.09%, 0, 0, 1, 16.20, 11928, 61, 0, 0
719, 97, 1, 5, 0, 0, 0.09%, 0, 0, 1, 16.13, 12011, 61, 0, 0
724, 98, 1, 5, 0, 0, 0.09%, 0, 0, 1, 16.26, 12094, 61, 0, 0
729, 98, 0, 5, 0, 0, 0.09%, 0, 0, 1, 16.09, 12174, 61, 0, 0
734, 99, 1, 5, 0, 0, 0.09%, 0, 0, 1, 16.42, 12258, 61, 0, 0
739, 100, 1, 5, 0, 0, 0.09%, 0, 0, 1, 16.49, 12343, 61, 0, 0
744, 100, 0, 5, 0, 0, 0.09%, 0, 0, 1, 16.85, 12426, 61, 0, 0
749, 101, 0, 5, 0, 0, 0.09%, 0, 0, 1, 16.87, 12513, 61, 0, 0
754, 102, 0, 5, 0, 0, 0.09%, 0, 0, 1, 17.15, 12602, 61, 0, 0
759, 103, 0, 5, 0, 0, 0.09%, 0, 0, 1, 16.81, 12687, 61, 0, 0
765, 103, 1, 5, 0, 0, 0.09%, 0, 0, 1, 18.06, 12781, 61, 0, 0
770, 104, 1, 5, 0, 0, 0.09%, 0, 0, 1, 17.36, 12870, 61, 0, 0
775, 105, 1, 5, 0, 0, 0.09%, 0, 0, 1, 16.83, 12955, 61, 0, 0
780, 106, 0, 5, 0, 0, 0.09%, 0, 0, 1, 17.50, 13048, 61, 0, 0
785, 106, 1, 5, 0, 0, 0.09%, 0, 0, 1, 17.44, 13135, 61, 0, 0
790, 107, 0, 5, 0, 0, 0.09%, 0, 0, 1, 18.14, 13227, 61, 0, 0
795, 108, 1, 5, 0, 0, 0.09%, 0, 0, 1, 17.02, 13311, 61, 0, 0
801, 108, 0, 5, 0, 0, 0.09%, 0, 0, 1, 17.22, 13402, 61, 0, 0
806, 109, 0, 5, 0, 0, 0.09%, 0, 0, 1, 16.58, 13485, 61, 0, 0
811, 110, 1, 5, 0, 0, 0.09%, 0, 0, 1, 16.77, 13570, 61, 0, 0
816, 111, 0, 5, 0, 0, 0.09%, 0, 0, 1, 15.83, 13650, 61, 0, 0
821, 111, 1, 5, 0, 0, 0.09%, 0, 0, 1, 17.22, 13737, 61, 0, 0
826, 112, 1, 5, 0, 0, 0.09%, 0, 0, 1, 16.86, 13819, 61, 0, 0
831, 113, 1, 5, 0, 0, 0.09%, 0, 0, 1, 18.22, 13913, 61, 0, 0
836, 113, 1, 5, 0, 0, 0.09%, 0, 0, 1, 18.21, 14004, 61, 0, 0
841, 114, 0, 5, 0, 0, 0.09%, 0, 0, 1, 17.13, 14089, 61, 0, 0
846, 115, 0, 5, 0, 0, 0.09%, 0, 0, 1, 16.90, 14172, 61, 0, 0
851, 115, 1, 5, 0, 0, 0.09%, 0, 0, 1, 16.42, 14254, 61, 0, 0
856, 116, 1, 5, 0, 0, 0.09%, 0, 0, 1, 16.46, 14336, 61, 0, 0
861, 117, 1, 5, 0, 0, 0.09%, 0, 0, 1, 17.05, 14421, 61, 0, 0
866, 117, 1, 5, 0, 0, 0.09%, 0, 0, 1, 16.99, 14507, 61, 0, 0
872, 118, 0, 5, 0, 0, 0.09%, 0, 0, 1, 16.34, 14591, 61, 0, 0
877, 119, 1, 5, 0, 0, 0.09%, 0, 0, 1, 16.53, 14676, 61, 0, 0
882, 120, 1, 5, 0, 0, 0.09%, 0, 0, 1, 17.33, 14768, 61, 0, 0
887, 120, 1, 5, 0, 0, 0.09%, 0, 0, 1, 16.78, 14849, 61, 0, 0
892, 121, 1, 5, 0, 0, 0.09%, 0, 0, 1, 16.17, 14931, 61, 0, 0
897, 121, 0, 5, 0, 0, 0.09%, 0, 0, 1, 16.43, 15007, 61, 0, 0
