# relative_time, cycles_done, cur_item, corpus_count, pending_total, pending_favs, map_size, saved_crashes, saved_hangs, max_depth, execs_per_sec, total_execs, edges_found, total_crashes, servers_count
61, 0, 1, 5, 0, 0, 0.24%, 1, 0, 1, 0.93, 94, 159, 27, 0
67, 0, 1, 5, 0, 0, 0.24%, 1, 0, 1, 2.68, 102, 159, 30, 0
75, 0, 1, 5, 0, 0, 0.24%, 1, 0, 1, 0.50, 114, 159, 36, 0
81, 0, 1, 5, 0, 0, 0.24%, 1, 0, 1, 0.25, 120, 159, 41, 0
87, 0, 1, 5, 0, 0, 0.24%, 1, 0, 1, 0.85, 127, 159, 45, 0
92, 0, 1, 5, 0, 0, 0.24%, 1, 0, 1, 0.80, 129, 159, 47, 0
99, 0, 1, 5, 0, 0, 0.24%, 1, 0, 1, 0.98, 133, 159, 51, 0
104, 0, 1, 5, 0, 0, 0.24%, 1, 0, 1, 5.35, 139, 159, 55, 0
110, 0, 1, 5, 0, 0, 0.24%, 1, 0, 1, 0.63, 143, 159, 59, 0
118, 0, 1, 5, 0, 0, 0.24%, 1, 0, 1, 0.56, 148, 159, 63, 0
127, 0, 1, 5, 0, 0, 0.24%, 1, 0, 1, 0.25, 155, 159, 68, 0
134, 0, 1, 5, 0, 0, 0.24%, 1, 0, 1, 0.26, 157, 159, 70, 0
139, 0, 1, 5, 0, 0, 0.24%, 1, 0, 1, 0.37, 162, 159, 73, 0
145, 0, 1, 5, 0, 0, 0.24%, 1, 0, 1, 0.27, 168, 159, 76, 0
153, 1, 1, 5, 0, 0, 0.24%, 1, 0, 1, 0.30, 172, 159, 78, 0
158, 1, 1, 5, 0, 0, 0.24%, 1, 0, 1, 0.33, 177, 159, 82, 0
166, 1, 1, 5, 0, 0, 0.24%, 1, 0, 1, 0.34, 180, 159, 84, 0
171, 1, 1, 5, 0, 0, 0.24%, 1, 0, 1, 0.34, 182, 159, 86, 0
178, 1, 1, 5, 0, 0, 0.24%, 1, 0, 1, 0.36, 185, 159, 89, 0
186, 1, 1, 5, 0, 0, 0.24%, 1, 0, 1, 0.42, 188, 159, 92, 0
192, 1, 1, 5, 0, 0, 0.24%, 1, 0, 1, 0.43, 191, 159, 94, 0
198, 1, 1, 5, 0, 0, 0.24%, 1, 0, 1, 0.51, 194, 159, 97, 0
204, 1, 1, 5, 0, 0, 0.24%, 1, 0, 1, 4.49, 206, 159, 100, 0
212, 1, 1, 5, 0, 0, 0.24%, 1, 0, 1, 0.81, 209, 159, 103, 0
217, 1, 1, 5, 0, 0, 0.24%, 1, 0, 1, 1.02, 214, 159, 106, 0
222, 1, 1, 5, 0, 0, 0.24%, 1, 0, 1, 0.95, 216, 159, 108, 0
229, 1, 1, 5, 0, 0, 0.24%, 1, 0, 1, 0.91, 220, 159, 110, 0
235, 1, 1, 5, 0, 0, 0.24%, 1, 0, 1, 0.89, 225, 159, 112, 0
240, 1, 1, 5, 0, 0, 0.24%, 1, 0, 1, 0.94, 228, 159, 115, 0
246, 1, 1, 5, 0, 0, 0.24%, 1, 0, 1, 1.04, 233, 159, 119, 0
254, 1, 1, 5, 0, 0, 0.24%, 1, 0, 1, 1.18, 241, 159, 122, 0
261, 1, 1, 5, 0, 0, 0.24%, 1, 0, 1, 1.19, 249, 159, 124, 0
266, 1, 1, 5, 0, 0, 0.24%, 1, 0, 1, 1.17, 252, 159, 127, 0
272, 1, 1, 5, 0, 0, 0.24%, 1, 0, 1, 1.07, 254, 159, 129, 0
280, 1, 1, 5, 0, 0, 0.24%, 1, 0, 1, 1.15, 259, 159, 133, 0
286, 1, 1, 5, 0, 0, 0.24%, 1, 0, 1, 0.26, 265, 159, 138, 0
294, 1, 1, 5, 0, 0, 0.24%, 1, 0, 1, 0.50, 274, 159, 145, 0
303, 1, 1, 5, 0, 0, 0.24%, 1, 0, 1, 0.48, 277, 159, 148, 0
308, 1, 1, 5, 0, 0, 0.24%, 1, 0, 1, 0.61, 281, 159, 151, 0
314, 1, 1, 5, 0, 0, 0.24%, 1, 0, 1, 0.60, 284, 159, 153, 0
322, 1, 1, 5, 0, 0, 0.24%, 1, 0, 1, 0.72, 290, 159, 157, 0
330, 1, 1, 5, 0, 0, 0.24%, 1, 0, 1, 1.05, 297, 159, 162, 0
335, 1, 1, 5, 0, 0, 0.24%, 1, 0, 1, 1.30, 304, 159, 165, 0
341, 1, 1, 5, 0, 0, 0.24%, 1, 0, 1, 1.22, 308, 159, 167, 0
350, 2, 1, 5, 0, 0, 0.24%, 1, 0, 1, 1.40, 318, 159, 171, 0
356, 2, 1, 5, 0, 0, 0.24%, 1, 0, 1, 0.34, 325, 159, 174, 0
362, 2, 1, 5, 0, 0, 0.24%, 1, 0, 1, 0.40, 330, 159, 176, 0
367, 2, 1, 5, 0, 0, 0.24%, 1, 0, 1, 0.67, 337, 159, 183, 0
375, 2, 1, 5, 0, 0, 0.24%, 1, 0, 1, 0.29, 346, 159, 187, 0
383, 2, 1, 5, 0, 0, 0.24%, 1, 0, 1, 0.28, 356, 159, 194, 0
390, 2, 1, 5, 0, 0, 0.24%, 1, 0, 1, 0.74, 373, 159, 199, 0
396, 2, 1, 5, 0, 0, 0.24%, 1, 0, 1, 3.51, 384, 159, 202, 0
402, 2, 1, 5, 0, 0, 0.24%, 1, 0, 1, 0.25, 391, 159, 206, 0
409, 2, 1, 5, 0, 0, 0.24%, 1, 0, 1, 0.25, 393, 159, 208, 0
418, 2, 1, 5, 0, 0, 0.24%, 1, 0, 1, 0.26, 400, 159, 213, 0
424, 2, 1, 5, 0, 0, 0.24%, 1, 0, 1, 0.54, 404, 159, 217, 0
430, 2, 1, 5, 0, 0, 0.24%, 1, 0, 1, 0.64, 408, 159, 220, 0
437, 2, 1, 5, 0, 0, 0.24%, 1, 0, 1, 0.60, 410, 159, 222, 0
445, 2, 1, 5, 0, 0, 0.24%, 1, 0, 1, 0.30, 422, 159, 228, 0
451, 2, 1, 5, 0, 0, 0.24%, 1, 0, 1, 0.39, 428, 159, 230, 0
458, 2, 1, 5, 0, 0, 0.24%, 1, 0, 1, 0.70, 436, 159, 234, 0
463, 2, 1, 5, 0, 0, 0.24%, 1, 0, 1, 6.18, 445, 159, 238, 0
471, 2, 1, 5, 0, 0, 0.24%, 1, 0, 1, 0.29, 448, 159, 241, 0
479, 3, 1, 5, 0, 0, 0.24%, 1, 0, 1, 0.31, 453, 159, 245, 0
484, 3, 1, 5, 0, 0, 0.24%, 1, 0, 1, 0.41, 456, 159, 248, 0
489, 3, 1, 5, 0, 0, 0.24%, 1, 0, 1, 0.84, 461, 159, 251, 0
495, 3, 1, 5, 0, 0, 0.24%, 1, 0, 1, 0.83, 464, 159, 253, 0
502, 3, 1, 5, 0, 0, 0.24%, 1, 0, 1, 0.85, 474, 159, 260, 0
510, 3, 1, 5, 0, 0, 0.24%, 1, 0, 1, 0.82, 477, 159, 263, 0
516, 3, 1, 5, 0, 0, 0.24%, 1, 0, 1, 0.82, 481, 159, 266, 0
523, 3, 1, 5, 0, 0, 0.24%, 1, 0, 1, 0.84, 486, 159, 269, 0
530, 3, 1, 5, 0, 0, 0.24%, 1, 0, 1, 0.25, 496, 159, 274, 0
536, 3, 1, 5, 0, 0, 0.24%, 1, 0, 1, 1.75, 503, 159, 278, 0
541, 3, 1, 5, 0, 0, 0.24%, 1, 0, 1, 1.56, 507, 159, 282, 0
547, 3, 1, 5, 0, 0, 0.24%, 1, 0, 1, 1.49, 512, 159, 284, 0
555, 3, 1, 5, 0, 0, 0.24%, 1, 0, 1, 0.27, 520, 159, 287, 0
563, 3, 1, 5, 0, 0, 0.24%, 1, 0, 1, 0.56, 539, 159, 295, 0
569, 3, 1, 5, 0, 0, 0.24%, 1, 0, 1, 0.54, 541, 159, 297, 0
575, 3, 1, 5, 0, 0, 0.24%, 1, 0, 1, 0.69, 546, 159, 301, 0
581, 3, 1, 5, 0, 0, 0.24%, 1, 0, 1, 0.71, 549, 159, 304, 0
588, 3, 1, 5, 0, 0, 0.24%, 1, 0, 1, 3.28, 553, 159, 307, 0
594, 3, 1, 5, 0, 0, 0.24%, 1, 0, 1, 0.47, 555, 159, 309, 0
599, 3, 1, 5, 0, 0, 0.24%, 1, 0, 1, 0.48, 558, 159, 311, 0
607, 3, 1, 5, 0, 0, 0.24%, 1, 0, 1, 0.49, 561, 159, 314, 0
613, 3, 1, 5, 0, 0, 0.24%, 1, 0, 1, 0.51, 564, 159, 316, 0
618, 3, 1, 5, 0, 0, 0.24%, 1, 0, 1, 0.59, 569, 159, 318, 0
625, 3, 1, 5, 0, 0, 0.24%, 1, 0, 1, 0.75, 574, 159, 322, 0
630, 3, 1, 5, 0, 0, 0.24%, 1, 0, 1, 1.06, 578, 159, 326, 0
637, 3, 1, 5, 0, 0, 0.24%, 1, 0, 1, 1.09, 583, 159, 331, 0
642, 3, 1, 5, 0, 0, 0.24%, 1, 0, 1, 1.41, 590, 159, 337, 0
648, 4, 1, 5, 0, 0, 0.24%, 1, 0, 1, 5.38, 603, 159, 341, 0
653, 4, 1, 5, 0, 0, 0.24%, 1, 0, 1, 0.25, 611, 159, 344, 0
659, 4, 1, 5, 0, 0, 0.24%, 1, 0, 1, 0.48, 615, 159, 348, 0
668, 4, 1, 5, 0, 0, 0.24%, 1, 0, 1, 0.33, 624, 159, 352, 0
675, 4, 1, 5, 0, 0, 0.24%, 1, 0, 1, 0.74, 635, 159, 356, 0
680, 4, 1, 5, 0, 0, 0.24%, 1, 0, 1, 0.76, 638, 159, 359, 0
688, 4, 1, 5, 0, 0, 0.24%, 1, 0, 1, 0.70, 640, 159, 361, 0
696, 4, 1, 5, 0, 0, 0.24%, 1, 0, 1, 0.67, 643, 159, 364, 0
701, 4, 1, 5, 0, 0, 0.24%, 1, 0, 1, 0.96, 648, 159, 368, 0
709, 4, 1, 5, 0, 0, 0.24%, 1, 0, 1, 0.92, 651, 159, 371, 0
715, 4, 1, 5, 0, 0, 0.24%, 1, 0, 1, 1.11, 657, 159, 374, 0
720, 4, 1, 5, 0, 0, 0.24%, 1, 0, 1, 1.09, 661, 159, 377, 0
726, 4, 1, 5, 0, 0, 0.24%, 1, 0, 1, 1.32, 668, 159, 382, 0
731, 4, 1, 5, 0, 0, 0.24%, 1, 0, 1, 1.20, 671, 159, 385, 0
736, 4, 1, 5, 0, 0, 0.24%, 1, 0, 1, 1.44, 679, 159, 388, 0
741, 4, 1, 5, 0, 0, 0.24%, 1, 0, 1, 0.31, 682, 159, 390, 0
747, 4, 1, 5, 0, 0, 0.24%, 1, 0, 1, 0.26, 690, 159, 394, 0
754, 4, 1, 5, 0, 0, 0.24%, 1, 0, 1, 0.96, 698, 159, 397, 0
759, 4, 1, 5, 0, 0, 0.24%, 1, 0, 1, 8.24, 706, 159, 401, 0
767, 4, 1, 5, 0, 0, 0.24%, 1, 0, 1, 0.34, 713, 159, 404, 0
775, 4, 1, 5, 0, 0, 0.24%, 1, 0, 1, 0.26, 716, 159, 407, 0
780, 4, 1, 5, 0, 0, 0.24%, 1, 0, 1, 0.30, 719, 159, 409, 0
788, 4, 1, 5, 0, 0, 0.24%, 1, 0, 1, 0.31, 722, 159, 411, 0
795, 4, 1, 5, 0, 0, 0.24%, 1, 0, 1, 0.44, 726, 159, 415, 0
800, 4, 1, 5, 0, 0, 0.24%, 1, 0, 1, 0.50, 729, 159, 418, 0
807, 4, 1, 5, 0, 0, 0.24%, 1, 0, 1, 0.48, 731, 159, 420, 0
812, 5, 1, 5, 0, 0, 0.24%, 1, 0, 1, 0.50, 734, 159, 423, 0
820, 5, 1, 5, 0, 0, 0.24%, 1, 0, 1, 0.25, 738, 159, 426, 0
827, 5, 1, 5, 0, 0, 0.24%, 1, 0, 1, 0.44, 743, 159, 431, 0
834, 5, 1, 5, 0, 0, 0.24%, 1, 0, 1, 0.41, 745, 159, 433, 0
842, 5, 1, 5, 0, 0, 0.24%, 1, 0, 1, 0.39, 747, 159, 435, 0
848, 5, 1, 5, 0, 0, 0.24%, 1, 0, 1, 2.68, 756, 159, 439, 0
853, 5, 1, 5, 0, 0, 0.24%, 1, 0, 1, 1.81, 760, 159, 443, 0
859, 5, 1, 5, 0, 0, 0.24%, 1, 0, 1, 1.85, 769, 159, 446, 0
864, 5, 1, 5, 0, 0, 0.24%, 1, 0, 1, 3.90, 774, 159, 450, 0
869, 5, 1, 5, 0, 0, 0.24%, 1, 0, 1, 0.27, 778, 159, 453, 0
877, 5, 1, 5, 0, 0, 0.24%, 1, 0, 1, 0.50, 786, 159, 457, 0
884, 5, 1, 5, 0, 0, 0.24%, 1, 0, 1, 0.52, 789, 159, 460, 0
890, 5, 1, 5, 0, 0, 0.24%, 1, 0, 1, 2.55, 792, 159, 463, 0
895, 5, 1, 5, 0, 0, 0.24%, 1, 0, 1, 0.31, 795, 159, 465, 0
