# relative_time, cycles_done, cur_item, corpus_count, pending_total, pending_favs, map_size, saved_crashes, saved_hangs, max_depth, execs_per_sec, total_execs, edges_found, total_crashes, servers_count
61, 13, 1, 5, 0, 0, 0.24%, 0, 0, 1, 32.03, 1987, 159, 0, 0
66, 15, 1, 5, 0, 0, 0.24%, 0, 0, 1, 32.05, 2148, 159, 0, 0
71, 16, 1, 5, 0, 0, 0.24%, 0, 0, 1, 32.58, 2316, 159, 0, 0
76, 17, 1, 5, 0, 0, 0.24%, 0, 0, 1, 32.47, 2477, 159, 0, 0
82, 18, 1, 5, 0, 0, 0.24%, 0, 0, 1, 32.69, 2645, 159, 0, 0
87, 19, 1, 5, 0, 0, 0.24%, 0, 0, 1, 31.87, 2806, 159, 0, 0
92, 20, 1, 5, 0, 0, 0.24%, 0, 0, 1, 31.11, 2967, 159, 0, 0
97, 22, 1, 5, 0, 0, 0.24%, 0, 0, 1, 30.81, 3127, 159, 0, 0
102, 23, 1, 5, 0, 0, 0.24%, 0, 0, 1, 30.91, 3288, 159, 0, 0
107, 24, 1, 5, 0, 0, 0.24%, 0, 0, 1, 31.06, 3449, 159, 0, 0
113, 25, 1, 5, 0, 0, 0.24%, 0, 0, 1, 31.01, 3610, 159, 0, 0
118, 26, 1, 5, 0, 0, 0.24%, 0, 0, 1, 32.18, 3771, 159, 0, 0
123, 27, 1, 5, 0, 0, 0.24%, 0, 0, 1, 31.57, 3932, 159, 0, 0
128, 28, 1, 5, 0, 0, 0.24%, 0, 0, 1, 31.43, 4093, 159, 0, 0
133, 30, 1, 5, 0, 0, 0.24%, 0, 0, 1, 31.13, 4253, 159, 0, 0
138, 31, 1, 5, 0, 0, 0.24%, 0, 0, 1, 32.09, 4414, 159, 0, 0
143, 32, 1, 5, 0, 0, 0.24%, 0, 0, 1, 31.92, 4582, 159, 0, 0
148, 33, 1, 5, 0, 0, 0.24%, 0, 0, 1, 31.05, 4743, 159, 0, 0
154, 34, 1, 5, 0, 0, 0.24%, 0, 0, 1, 31.66, 4904, 159, 0, 0
159, 35, 1, 5, 0, 0, 0.24%, 0, 0, 1, 32.72, 5072, 159, 0, 0
164, 37, 1, 5, 0, 0, 0.24%, 0, 0, 1, 32.92, 5240, 159, 0, 0
169, 38, 1, 5, 0, 0, 0.24%, 0, 0, 1, 31.51, 5401, 159, 0, 0
174, 39, 1, 5, 0, 0, 0.24%, 0, 0, 1, 32.54, 5569, 159, 0, 0
179, 40, 1, 5, 0, 0, 0.24%, 0, 0, 1, 31.64, 5730, 159, 0, 0
184, 41, 1, 5, 0, 0, 0.24%, 0, 0, 1, 32.73, 5898, 159, 0, 0
189, 43, 1, 5, 0, 0, 0.24%, 0, 0, 1, 32.98, 6066, 159, 0, 0
194, 44, 1, 5, 0, 0, 0.24%, 0, 0, 1, 33.05, 6234, 159, 0, 0
200, 45, 1, 5, 0, 0, 0.24%, 0, 0, 1, 33.12, 6402, 159, 0, 0
205, 46, 1, 5, 0, 0, 0.24%, 0, 0, 1, 31.66, 6563, 159, 0, 0
210, 47, 1, 5, 0, 0, 0.24%, 0, 0, 1, 31.11, 6724, 159, 0, 0
215, 48, 1, 5, 0, 0, 0.24%, 0, 0, 1, 32.67, 6892, 159, 0, 0
220, 50, 1, 5, 0, 0, 0.24%, 0, 0, 1, 33.74, 7067, 159, 0, 0
225, 51, 1, 5, 0, 0, 0.24%, 0, 0, 1, 33.27, 7235, 159, 0, 0
230, 52, 1, 5, 0, 0, 0.24%, 0, 0, 1, 31.64, 7395, 159, 0, 0
235, 53, 1, 5, 0, 0, 0.24%, 0, 0, 1, 30.84, 7548, 159, 0, 0
241, 54, 1, 5, 0, 0, 0.24%, 0, 0, 1, 30.89, 7709, 159, 0, 0
246, 55, 1, 5, 0, 0, 0.24%, 0, 0, 1, 31.68, 7870, 159, 0, 0
251, 57, 1, 5, 0, 0, 0.24%, 0, 0, 1, 31.16, 8030, 159, 0, 0
256, 58, 1, 5, 0, 0, 0.24%, 0, 0, 1, 31.76, 8190, 159, 0, 0
261, 59, 1, 5, 0, 0, 0.24%, 0, 0, 1, 32.13, 8351, 159, 0, 0
266, 60, 1, 5, 0, 0, 0.24%, 0, 0, 1, 31.95, 8519, 159, 0, 0
271, 61, 1, 5, 0, 0, 0.24%, 0, 0, 1, 31.20, 8679, 159, 0, 0
276, 62, 1, 5, 0, 0, 0.24%, 0, 0, 1, 31.84, 8847, 159, 0, 0
282, 64, 1, 5, 0, 0, 0.24%, 0, 0, 1, 32.81, 9015, 159, 0, 0
287, 65, 1, 5, 0, 0, 0.24%, 0, 0, 1, 33.19, 9183, 159, 0, 0
292, 66, 1, 5, 0, 0, 0.24%, 0, 0, 1, 32.74, 9351, 159, 0, 0
297, 67, 1, 5, 0, 0, 0.24%, 0, 0, 1, 31.59, 9512, 159, 0, 0
302, 68, 1, 5, 0, 0, 0.24%, 0, 0, 1, 33.14, 9680, 159, 0, 0
307, 70, 1, 5, 0, 0, 0.24%, 0, 0, 1, 33.22, 9848, 159, 0, 0
312, 71, 1, 5, 0, 0, 0.24%, 0, 0, 1, 32.43, 10016, 159, 0, 0
317, 72, 1, 5, 0, 0, 0.24%, 0, 0, 1, 31.19, 10176, 159, 0, 0
323, 73, 1, 5, 0, 0, 0.24%, 0, 0, 1, 32.57, 10344, 159, 0, 0
328, 74, 1, 5, 0, 0, 0.24%, 0, 0, 1, 32.60, 10505, 159, 0, 0
333, 75, 1, 5, 0, 0, 0.24%, 0, 0, 1, 31.92, 10666, 159, 0, 0
338, 77, 1, 5, 0, 0, 0.24%, 0, 0, 1, 31.24, 10826, 159, 0, 0
343, 78, 1, 5, 0, 0, 0.24%, 0, 0, 1, 32.82, 10994, 159, 0, 0
348, 79, 1, 5, 0, 0, 0.24%, 0, 0, 1, 32.30, 11162, 159, 0, 0
353, 80, 1, 5, 0, 0, 0.24%, 0, 0, 1, 31.46, 11323, 159, 0, 0
358, 81, 1, 5, 0, 0, 0.24%, 0, 0, 1, 32.14, 11491, 159, 0, 0
364, 83, 1, 5, 0, 0, 0.24%, 0, 0, 1, 33.48, 11666, 159, 0, 0
369, 84, 1, 5, 0, 0, 0.24%, 0, 0, 1, 31.63, 11827, 159, 0, 0
374, 85, 1, 5, 0, 0, 0.24%, 0, 0, 1, 31.37, 11988, 159, 0, 0
379, 86, 1, 5, 0, 0, 0.24%, 0, 0, 1, 32.18, 12149, 159, 0, 0
384, 87, 1, 5, 0, 0, 0.24%, 0, 0, 1, 31.61, 12310, 159, 0, 0
389, 88, 1, 5, 0, 0, 0.24%, 0, 0, 1, 31.72, 12471, 159, 0, 0
394, 90, 1, 5, 0, 0, 0.24%, 0, 0, 1, 32.88, 12639, 159, 0, 0
399, 91, 1, 5, 0, 0, 0.24%, 0, 0, 1, 31.45, 12800, 159, 0, 0
404, 92, 1, 5, 0, 0, 0.24%, 0, 0, 1, 31.55, 12961, 159, 0, 0
409, 93, 1, 5, 0, 0, 0.24%, 0, 0, 1, 33.01, 13129, 159, 0, 0
415, 94, 1, 5, 0, 0, 0.24%, 0, 0, 1, 31.65, 13290, 159, 0, 0
420, 95, 1, 5, 0, 0, 0.24%, 0, 0, 1, 32.99, 13458, 159, 0, 0
425, 97, 1, 5, 0, 0, 0.24%, 0, 0, 1, 31.59, 13619, 159, 0, 0
430, 98, 1, 5, 0, 0, 0.24%, 0, 0, 1, 32.44, 13787, 159, 0, 0
435, 99, 1, 5, 0, 0, 0.24%, 0, 0, 1, 33.48, 13955, 159, 0, 0
440, 100, 1, 5, 0, 0, 0.24%, 0, 0, 1, 32.16, 14116, 159, 0, 0
445, 101, 1, 5, 0, 0, 0.24%, 0, 0, 1, 32.76, 14284, 159, 0, 0
450, 102, 1, 5, 0, 0, 0.24%, 0, 0, 1, 33.24, 14452, 159, 0, 0
455, 104, 1, 5, 0, 0, 0.24%, 0, 0, 1, 32.14, 14613, 159, 0, 0
460, 105, 1, 5, 0, 0, 0.24%, 0, 0, 1, 33.06, 14781, 159, 0, 0
466, 106, 1, 5, 0, 0, 0.24%, 0, 0, 1, 31.72, 14942, 159, 0, 0
471, 107, 1, 5, 0, 0, 0.24%, 0, 0, 1, 31.06, 15102, 159, 0, 0
476, 108, 1, 5, 0, 0, 0.24%, 0, 0, 1, 30.81, 15256, 159, 0, 0
481, 109, 1, 5, 0, 0, 0.24%, 0, 0, 1, 31.60, 15417, 159, 0, 0
486, 111, 1, 5, 0, 0, 0.24%, 0, 0, 1, 31.23, 15578, 159, 0, 0
491, 112, 1, 5, 0, 0, 0.24%, 0, 0, 1, 30.92, 15739, 159, 0, 0
496, 113, 1, 5, 0, 0, 0.24%, 0, 0, 1, 31.01, 15900, 159, 0, 0
501, 114, 1, 5, 0, 0, 0.24%, 0, 0, 1, 31.64, 16061, 159, 0, 0
506, 115, 1, 5, 0, 0, 0.24%, 0, 0, 1, 32.23, 16222, 159, 0, 0
511, 116, 1, 5, 0, 0, 0.24%, 0, 0, 1, 32.13, 16383, 159, 0, 0
517, 117, 1, 5, 0, 0, 0.24%, 0, 0, 1, 32.81, 16551, 159, 0, 0
522, 119, 1, 5, 0, 0, 0.24%, 0, 0, 1, 33.11, 16719, 159, 0, 0
527, 120, 1, 5, 0, 0, 0.24%, 0, 0, 1, 32.15, 16887, 159, 0, 0
532, 121, 1, 5, 0, 0, 0.24%, 0, 0, 1, 32.49, 17055, 159, 0, 0
537, 122, 1, 5, 0, 0, 0.24%, 0, 0, 1, 31.39, 17216, 159, 0, 0
542, 123, 1, 5, 0, 0, 0.24%, 0, 0, 1, 31.24, 17377, 159, 0, 0
547, 125, 1, 5, 0, 0, 0.24%, 0, 0, 1, 31.03, 17538, 159, 0, 0
553, 126, 1, 5, 0, 0, 0.24%, 0, 0, 1, 31.38, 17699, 159, 0, 0
558, 127, 1, 5, 0, 0, 0.24%, 0, 0, 1, 31.59, 17860, 159, 0, 0
563, 128, 1, 5, 0, 0, 0.24%, 0, 0, 1, 32.63, 18028, 159, 0, 0
568, 129, 1, 5, 0, 0, 0.24%, 0, 0, 1, 32.34, 18196, 159, 0, 0
573, 130, 1, 5, 0, 0, 0.24%, 0, 0, 1, 32.85, 18364, 159, 0, 0
578, 132, 1, 5, 0, 0, 0.24%, 0, 0, 1, 31.95, 18525, 159, 0, 0
583, 133, 1, 5, 0, 0, 0.24%, 0, 0, 1, 31.81, 18686, 159, 0, 0
588, 134, 1, 5, 0, 0, 0.24%, 0, 0, 1, 31.04, 18847, 159, 0, 0
593, 135, 1, 5, 0, 0, 0.24%, 0, 0, 1, 30.80, 19001, 159, 0, 0
598, 136, 1, 5, 0, 0, 0.24%, 0, 0, 1, 32.13, 19162, 159, 0, 0
603, 137, 1, 5, 0, 0, 0.24%, 0, 0, 1, 32.17, 19330, 159, 0, 0
609, 138, 1, 5, 0, 0, 0.24%, 0, 0, 1, 30.98, 19490, 159, 0, 0
614, 140, 1, 5, 0, 0, 0.24%, 0, 0, 1, 31.30, 19651, 159, 0, 0
619, 141, 1, 5, 0, 0, 0.24%, 0, 0, 1, 31.97, 19812, 159, 0, 0
624, 142, 1, 5, 0, 0, 0.24%, 0, 0, 1, 32.61, 19980, 159, 0, 0
629, 143, 1, 5, 0, 0, 0.24%, 0, 0, 1, 31.31, 20141, 159, 0, 0
634, 144, 1, 5, 0, 0, 0.24%, 0, 0, 1, 31.81, 20302, 159, 0, 0
639, 145, 1, 5, 0, 0, 0.24%, 0, 0, 1, 32.22, 20470, 159, 0, 0
645, 147, 1, 5, 0, 0, 0.24%, 0, 0, 1, 31.57, 20631, 159, 0, 0
650, 148, 1, 5, 0, 0, 0.24%, 0, 0, 1, 31.44, 20792, 159, 0, 0
655, 149, 1, 5, 0, 0, 0.24%, 0, 0, 1, 31.28, 20953, 159, 0, 0
660, 150, 1, 5, 0, 0, 0.24%, 0, 0, 1, 31.82, 21114, 159, 0, 0
665, 151, 1, 5, 0, 0, 0.24%, 0, 0, 1, 31.11, 21275, 159, 0, 0
670, 152, 1, 5, 0, 0, 0.24%, 0, 0, 1, 31.36, 21436, 159, 0, 0
675, 154, 1, 5, 0, 0, 0.24%, 0, 0, 1, 32.67, 21604, 159, 0, 0
680, 155, 1, 5, 0, 0, 0.24%, 0, 0, 1, 33.32, 21772, 159, 0, 0
685, 156, 1, 5, 0, 0, 0.24%, 0, 0, 1, 32.97, 21940, 159, 0, 0
690, 157, 1, 5, 0, 0, 0.24%, 0, 0, 1, 32.03, 22101, 159, 0, 0
695, 158, 1, 5, 0, 0, 0.24%, 0, 0, 1, 31.89, 22262, 159, 0, 0
701, 159, 1, 5, 0, 0, 0.24%, 0, 0, 1, 32.11, 22430, 159, 0, 0
706, 161, 1, 5, 0, 0, 0.24%, 0, 0, 1, 31.11, 22591, 159, 0, 0
711, 162, 1, 5, 0, 0, 0.24%, 0, 0, 1, 31.08, 22752, 159, 0, 0
716, 163, 1, 5, 0, 0, 0.24%, 0, 0, 1, 31.71, 22913, 159, 0, 0
721, 164, 1, 5, 0, 0, 0.24%, 0, 0, 1, 32.03, 23074, 159, 0, 0
726, 165, 1, 5, 0, 0, 0.24%, 0, 0, 1, 32.84, 23242, 159, 0, 0
731, 166, 1, 5, 0, 0, 0.24%, 0, 0, 1, 33.79, 23417, 159, 0, 0
736, 168, 1, 5, 0, 0, 0.24%, 0, 0, 1, 32.72, 23584, 159, 0, 0
742, 169, 1, 5, 0, 0, 0.24%, 0, 0, 1, 31.45, 23745, 159, 0, 0
747, 170, 1, 5, 0, 0, 0.24%, 0, 0, 1, 31.25, 23906, 159, 0, 0
752, 171, 1, 5, 0, 0, 0.24%, 0, 0, 1, 31.51, 24067, 159, 0, 0
757, 172, 1, 5, 0, 0, 0.24%, 0, 0, 1, 30.89, 24221, 159, 0, 0
762, 173, 1, 5, 0, 0, 0.24%, 0, 0, 1, 30.93, 24382, 159, 0, 0
767, 175, 1, 5, 0, 0, 0.24%, 0, 0, 1, 31.91, 24543, 159, 0, 0
772, 176, 1, 5, 0, 0, 0.24%, 0, 0, 1, 31.88, 24704, 159, 0, 0
777, 177, 1, 5, 0, 0, 0.24%, 0, 0, 1, 31.42, 24865, 159, 0, 0
782, 178, 1, 5, 0, 0, 0.24%, 0, 0, 1, 31.21, 25026, 159, 0, 0
788, 179, 1, 5, 0, 0, 0.24%, 0, 0, 1, 31.39, 25187, 159, 0, 0
793, 180, 1, 5, 0, 0, 0.24%, 0, 0, 1, 32.32, 25348, 159, 0, 0
798, 181, 1, 5, 0, 0, 0.24%, 0, 0, 1, 32.87, 25516, 159, 0, 0
803, 183, 1, 5, 0, 0, 0.24%, 0, 0, 1, 32.62, 25684, 159, 0, 0
808, 184, 1, 5, 0, 0, 0.24%, 0, 0, 1, 32.22, 25845, 159, 0, 0
813, 185, 1, 5, 0, 0, 0.24%, 0, 0, 1, 33.15, 26013, 159, 0, 0
818, 186, 1, 5, 0, 0, 0.24%, 0, 0, 1, 32.48, 26181, 159, 0, 0
823, 187, 1, 5, 0, 0, 0.24%, 0, 0, 1, 32.09, 26342, 159, 0, 0
828, 189, 1, 5, 0, 0, 0.24%, 0, 0, 1, 31.44, 26503, 159, 0, 0
833, 190, 1, 5, 0, 0, 0.24%, 0, 0, 1, 31.51, 26664, 159, 0, 0
838, 191, 1, 5, 0, 0, 0.24%, 0, 0, 1, 31.58, 26825, 159, 0, 0
844, 192, 1, 5, 0, 0, 0.24%, 0, 0, 1, 31.38, 26985, 159, 0, 0
849, 193, 1, 5, 0, 0, 0.24%, 0, 0, 1, 32.04, 27146, 159, 0, 0
854, 194, 1, 5, 0, 0, 0.24%, 0, 0, 1, 33.04, 27314, 159, 0, 0
859, 196, 1, 5, 0, 0, 0.24%, 0, 0, 1, 32.16, 27482, 159, 0, 0
864, 197, 1, 5, 0, 0, 0.24%, 0, 0, 1, 31.03, 27642, 159, 0, 0
869, 198, 1, 5, 0, 0, 0.24%, 0, 0, 1, 32.47, 27810, 159, 0, 0
874, 199, 1, 5, 0, 0, 0.24%, 0, 0, 1, 31.84, 27971, 159, 0, 0
879, 200, 1, 5, 0, 0, 0.24%, 0, 0, 1, 32.06, 28139, 159, 0, 0
885, 201, 1, 5, 0, 0, 0.24%, 0, 0, 1, 31.52, 28300, 159, 0, 0
890, 203, 1, 5, 0, 0, 0.24%, 0, 0, 1, 31.53, 28458, 159, 0, 0
895, 204, 1, 5, 0, 0, 0.24%, 0, 0, 1, 31.21, 28615, 159, 0, 0
897, 204, 1, 5, 0, 0, 0.24%, 0, 0, 1, 30.66, 28693, 159, 0, 0
