# relative_time, cycles_done, cur_item, corpus_count, pending_total, pending_favs, map_size, saved_crashes, saved_hangs, max_depth, execs_per_sec, total_execs, edges_found, total_crashes, servers_count
61, 7, 1, 6, 0, 0, 0.29%, 0, 0, 2, 20.74, 1316, 188, 0, 0
66, 8, 1, 6, 0, 0, 0.29%, 0, 0, 2, 20.79, 1421, 188, 0, 0
71, 9, 1, 6, 0, 0, 0.29%, 0, 0, 2, 20.73, 1526, 188, 0, 0
76, 9, 1, 6, 0, 0, 0.29%, 0, 0, 2, 20.73, 1631, 188, 0, 0
81, 10, 1, 6, 0, 0, 0.29%, 0, 0, 2, 20.70, 1735, 188, 0, 0
86, 11, 1, 6, 0, 0, 0.29%, 0, 0, 2, 20.97, 1845, 188, 0, 0
91, 11, 1, 6, 0, 0, 0.29%, 0, 0, 2, 21.09, 1955, 188, 0, 0
96, 12, 1, 6, 0, 0, 0.29%, 0, 0, 2, 21.12, 2065, 188, 0, 0
102, 13, 5, 6, 0, 0, 0.29%, 0, 0, 2, 21.19, 2175, 188, 0, 0
107, 13, 1, 6, 0, 0, 0.29%, 0, 0, 2, 21.29, 2285, 188, 0, 0
112, 14, 1, 6, 0, 0, 0.29%, 0, 0, 2, 21.19, 2395, 188, 0, 0
117, 15, 1, 6, 0, 0, 0.29%, 0, 0, 2, 21.28, 2505, 188, 0, 0
122, 15, 1, 6, 0, 0, 0.29%, 0, 0, 2, 21.27, 2615, 188, 0, 0
128, 16, 1, 6, 0, 0, 0.29%, 0, 0, 2, 21.34, 2725, 188, 0, 0
133, 17, 1, 6, 0, 0, 0.29%, 0, 0, 2, 21.25, 2835, 188, 0, 0
138, 17, 1, 6, 0, 0, 0.29%, 0, 0, 2, 21.32, 2945, 188, 0, 0
143, 18, 1, 6, 0, 0, 0.29%, 0, 0, 2, 20.98, 3050, 188, 0, 0
148, 19, 5, 6, 0, 0, 0.29%, 0, 0, 2, 20.99, 3160, 188, 0, 0
153, 19, 1, 6, 0, 0, 0.29%, 0, 0, 2, 21.02, 3265, 188, 0, 0
158, 20, 1, 6, 0, 0, 0.29%, 0, 0, 2, 21.03, 3375, 188, 0, 0
164, 21, 1, 6, 0, 0, 0.29%, 0, 0, 2, 21.04, 3485, 188, 0, 0
169, 21, 1, 6, 0, 0, 0.29%, 0, 0, 2, 21.02, 3595, 188, 0, 0
174, 22, 1, 6, 0, 0, 0.29%, 0, 0, 2, 20.94, 3700, 188, 0, 0
179, 23, 1, 6, 0, 0, 0.29%, 0, 0, 2, 21.02, 3810, 188, 0, 0
184, 23, 1, 6, 0, 0, 0.29%, 0, 0, 2, 20.98, 3915, 188, 0, 0
189, 24, 1, 6, 0, 0, 0.29%, 0, 0, 2, 20.95, 4020, 188, 0, 0
194, 25, 1, 6, 0, 0, 0.29%, 0, 0, 2, 20.97, 4125, 188, 0, 0
199, 25, 1, 6, 0, 0, 0.29%, 0, 0, 2, 21.30, 4235, 188, 0, 0
204, 26, 1, 6, 0, 0, 0.29%, 0, 0, 2, 21.33, 4345, 188, 0, 0
210, 27, 5, 6, 0, 0, 0.29%, 0, 0, 2, 21.23, 4455, 188, 0, 0
215, 28, 1, 6, 0, 0, 0.29%, 0, 0, 2, 21.20, 4565, 188, 0, 0
220, 28, 1, 6, 0, 0, 0.29%, 0, 0, 2, 21.06, 4675, 188, 0, 0
225, 29, 1, 6, 0, 0, 0.29%, 0, 0, 2, 21.00, 4780, 188, 0, 0
230, 30, 1, 6, 0, 0, 0.29%, 0, 0, 2, 21.01, 4890, 188, 0, 0
235, 30, 1, 6, 0, 0, 0.29%, 0, 0, 2, 21.01, 4999, 188, 0, 0
241, 31, 1, 6, 0, 0, 0.29%, 0, 0, 2, 19.93, 5100, 188, 0, 0
246, 32, 1, 6, 0, 0, 0.29%, 0, 0, 2, 19.79, 5203, 188, 0, 0
251, 32, 1, 6, 0, 0, 0.29%, 0, 0, 2, 20.74, 5313, 188, 0, 0
256, 33, 1, 6, 0, 0, 0.29%, 0, 0, 2, 20.93, 5423, 188, 0, 0
261, 34, 1, 6, 0, 0, 0.29%, 0, 0, 2, 20.99, 5532, 188, 0, 0
267, 34, 5, 6, 0, 0, 0.29%, 0, 0, 2, 21.12, 5642, 188, 0, 0
272, 35, 1, 6, 0, 0, 0.29%, 0, 0, 2, 21.13, 5752, 188, 0, 0
277, 36, 5, 6, 0, 0, 0.29%, 0, 0, 2, 21.25, 5862, 188, 0, 0
282, 36, 1, 6, 0, 0, 0.29%, 0, 0, 2, 21.26, 5972, 188, 0, 0
287, 37, 5, 6, 0, 0, 0.29%, 0, 0, 2, 21.20, 6082, 188, 0, 0
293, 38, 1, 6, 0, 0, 0.29%, 0, 0, 2, 21.17, 6191, 188, 0, 0
298, 38, 1, 6, 0, 0, 0.29%, 0, 0, 2, 21.22, 6301, 188, 0, 0
303, 39, 1, 6, 0, 0, 0.29%, 0, 0, 2, 21.20, 6411, 188, 0, 0
308, 40, 1, 6, 0, 0, 0.29%, 0, 0, 2, 21.38, 6521, 188, 0, 0
313, 40, 5, 6, 0, 0, 0.29%, 0, 0, 2, 21.08, 6631, 188, 0, 0
318, 41, 1, 6, 0, 0, 0.29%, 0, 0, 2, 20.90, 6736, 188, 0, 0
323, 42, 1, 6, 0, 0, 0.29%, 0, 0, 2, 20.98, 6841, 188, 0, 0
328, 42, 1, 6, 0, 0, 0.29%, 0, 0, 2, 20.85, 6946, 188, 0, 0
333, 43, 1, 6, 0, 0, 0.29%, 0, 0, 2, 20.83, 7051, 188, 0, 0
338, 44, 1, 6, 0, 0, 0.29%, 0, 0, 2, 20.79, 7156, 188, 0, 0
343, 44, 1, 6, 0, 0, 0.29%, 0, 0, 2, 20.89, 7261, 188, 0, 0
349, 45, 5, 6, 0, 0, 0.29%, 0, 0, 2, 20.86, 7366, 188, 0, 0
354, 46, 1, 6, 0, 0, 0.29%, 0, 0, 2, 20.89, 7471, 188, 0, 0
359, 46, 1, 6, 0, 0, 0.29%, 0, 0, 2, 20.91, 7576, 188, 0, 0
364, 47, 1, 6, 0, 0, 0.29%, 0, 0, 2, 20.84, 7681, 188, 0, 0
369, 48, 1, 6, 0, 0, 0.29%, 0, 0, 2, 20.90, 7786, 188, 0, 0
374, 48, 1, 6, 0, 0, 0.29%, 0, 0, 2, 21.16, 7896, 188, 0, 0
379, 49, 1, 6, 0, 0, 0.29%, 0, 0, 2, 21.37, 8006, 188, 0, 0
384, 50, 1, 6, 0, 0, 0.29%, 0, 0, 2, 21.20, 8116, 188, 0, 0
389, 50, 1, 6, 0, 0, 0.29%, 0, 0, 2, 21.16, 8226, 188, 0, 0
395, 51, 1, 6, 0, 0, 0.29%, 0, 0, 2, 21.12, 8336, 188, 0, 0
400, 52, 5, 6, 0, 0, 0.29%, 0, 0, 2, 21.23, 8446, 188, 0, 0
405, 52, 1, 6, 0, 0, 0.29%, 0, 0, 2, 21.16, 8556, 188, 0, 0
410, 53, 1, 6, 0, 0, 0.29%, 0, 0, 2, 21.11, 8666, 188, 0, 0
415, 54, 1, 6, 0, 0, 0.29%, 0, 0, 2, 21.19, 8776, 188, 0, 0
421, 55, 1, 6, 0, 0, 0.29%, 0, 0, 2, 21.03, 8886, 188, 0, 0
426, 55, 1, 6, 0, 0, 0.29%, 0, 0, 2, 20.94, 8991, 188, 0, 0
431, 56, 1, 6, 0, 0, 0.29%, 0, 0, 2, 21.24, 9101, 188, 0, 0
436, 57, 1, 6, 0, 0, 0.29%, 0, 0, 2, 21.30, 9211, 188, 0, 0
441, 57, 1, 6, 0, 0, 0.29%, 0, 0, 2, 21.21, 9320, 188, 0, 0
446, 58, 1, 6, 0, 0, 0.29%, 0, 0, 2, 21.17, 9430, 188, 0, 0
451, 59, 1, 6, 0, 0, 0.29%, 0, 0, 2, 21.28, 9540, 188, 0, 0
457, 59, 5, 6, 0, 0, 0.29%, 0, 0, 2, 21.33, 9650, 188, 0, 0
462, 60, 1, 6, 0, 0, 0.29%, 0, 0, 2, 21.37, 9760, 188, 0, 0
467, 61, 1, 6, 0, 0, 0.29%, 0, 0, 2, 21.42, 9870, 188, 0, 0
472, 61, 5, 6, 0, 0, 0.29%, 0, 0, 2, 21.28, 9980, 188, 0, 0
477, 62, 1, 6, 0, 0, 0.29%, 0, 0, 2, 21.26, 10090, 188, 0, 0
482, 63, 1, 6, 0, 0, 0.29%, 0, 0, 2, 21.21, 10199, 188, 0, 0
487, 63, 1, 6, 0, 0, 0.29%, 0, 0, 2, 21.03, 10304, 188, 0, 0
492, 64, 1, 6, 0, 0, 0.29%, 0, 0, 2, 20.90, 10409, 188, 0, 0
498, 65, 1, 6, 0, 0, 0.29%, 0, 0, 2, 21.12, 10519, 188, 0, 0
503, 65, 1, 6, 0, 0, 0.29%, 0, 0, 2, 21.02, 10629, 188, 0, 0
508, 66, 1, 6, 0, 0, 0.29%, 0, 0, 2, 20.98, 10739, 188, 0, 0
513, 67, 1, 6, 0, 0, 0.29%, 0, 0, 2, 21.02, 10849, 188, 0, 0
518, 67, 5, 6, 0, 0, 0.29%, 0, 0, 2, 21.00, 10954, 188, 0, 0
523, 68, 1, 6, 0, 0, 0.29%, 0, 0, 2, 20.23, 11058, 188, 0, 0
529, 69, 1, 6, 0, 0, 0.29%, 0, 0, 2, 20.44, 11161, 188, 0, 0
534, 69, 5, 6, 0, 0, 0.29%, 0, 0, 2, 20.81, 11266, 188, 0, 0
539, 70, 1, 6, 0, 0, 0.29%, 0, 0, 2, 20.99, 11376, 188, 0, 0
544, 71, 1, 6, 0, 0, 0.29%, 0, 0, 2, 21.00, 11486, 188, 0, 0
549, 71, 1, 6, 0, 0, 0.29%, 0, 0, 2, 21.07, 11596, 188, 0, 0
554, 72, 5, 6, 0, 0, 0.29%, 0, 0, 2, 20.92, 11701, 188, 0, 0
559, 73, 5, 6, 0, 0, 0.29%, 0, 0, 2, 20.91, 11806, 188, 0, 0
564, 73, 1, 6, 0, 0, 0.29%, 0, 0, 2, 21.06, 11916, 188, 0, 0
570, 74, 1, 6, 0, 0, 0.29%, 0, 0, 2, 21.25, 12026, 188, 0, 0
575, 75, 1, 6, 0, 0, 0.29%, 0, 0, 2, 21.21, 12136, 188, 0, 0
580, 76, 5, 6, 0, 0, 0.29%, 0, 0, 2, 21.14, 12246, 188, 0, 0
585, 76, 1, 6, 0, 0, 0.29%, 0, 0, 2, 21.09, 12356, 188, 0, 0
591, 77, 1, 6, 0, 0, 0.29%, 0, 0, 2, 21.02, 12466, 188, 0, 0
596, 78, 1, 6, 0, 0, 0.29%, 0, 0, 2, 20.98, 12571, 188, 0, 0
601, 78, 5, 6, 0, 0, 0.29%, 0, 0, 2, 21.04, 12680, 188, 0, 0
606, 79, 1, 6, 0, 0, 0.29%, 0, 0, 2, 21.06, 12790, 188, 0, 0
611, 80, 1, 6, 0, 0, 0.29%, 0, 0, 2, 21.05, 12900, 188, 0, 0
616, 80, 1, 6, 0, 0, 0.29%, 0, 0, 2, 21.06, 13010, 188, 0, 0
622, 81, 1, 6, 0, 0, 0.29%, 0, 0, 2, 21.08, 13119, 188, 0, 0
627, 82, 1, 6, 0, 0, 0.29%, 0, 0, 2, 21.24, 13229, 188, 0, 0
632, 82, 1, 6, 0, 0, 0.29%, 0, 0, 2, 21.24, 13339, 188, 0, 0
637, 83, 1, 6, 0, 0, 0.29%, 0, 0, 2, 21.62, 13449, 188, 0, 0
642, 84, 1, 6, 0, 0, 0.29%, 0, 0, 2, 21.39, 13559, 188, 0, 0
647, 84, 5, 6, 0, 0, 0.29%, 0, 0, 2, 21.31, 13669, 188, 0, 0
652, 85, 1, 6, 0, 0, 0.29%, 0, 0, 2, 21.39, 13779, 188, 0, 0
658, 86, 5, 6, 0, 0, 0.29%, 0, 0, 2, 21.47, 13889, 188, 0, 0
663, 86, 1, 6, 0, 0, 0.29%, 0, 0, 2, 21.18, 13999, 188, 0, 0
668, 87, 1, 6, 0, 0, 0.29%, 0, 0, 2, 21.08, 14109, 188, 0, 0
673, 88, 1, 6, 0, 0, 0.29%, 0, 0, 2, 21.21, 14219, 188, 0, 0
678, 89, 1, 6, 0, 0, 0.29%, 0, 0, 2, 21.30, 14329, 188, 0, 0
684, 89, 1, 6, 0, 0, 0.29%, 0, 0, 2, 21.34, 14439, 188, 0, 0
689, 90, 1, 6, 0, 0, 0.29%, 0, 0, 2, 21.44, 14549, 188, 0, 0
694, 91, 1, 6, 0, 0, 0.29%, 0, 0, 2, 21.42, 14659, 188, 0, 0
699, 91, 5, 6, 0, 0, 0.29%, 0, 0, 2, 21.43, 14769, 188, 0, 0
704, 92, 1, 6, 0, 0, 0.29%, 0, 0, 2, 21.18, 14876, 188, 0, 0
709, 93, 1, 6, 0, 0, 0.29%, 0, 0, 2, 20.82, 14981, 188, 0, 0
714, 93, 1, 6, 0, 0, 0.29%, 0, 0, 2, 20.99, 15086, 188, 0, 0
719, 94, 1, 6, 0, 0, 0.29%, 0, 0, 2, 20.89, 15191, 188, 0, 0
724, 95, 1, 6, 0, 0, 0.29%, 0, 0, 2, 20.83, 15296, 188, 0, 0
729, 95, 1, 6, 0, 0, 0.29%, 0, 0, 2, 20.80, 15401, 188, 0, 0
734, 96, 1, 6, 0, 0, 0.29%, 0, 0, 2, 20.91, 15506, 188, 0, 0
739, 97, 1, 6, 0, 0, 0.29%, 0, 0, 2, 21.06, 15616, 188, 0, 0
745, 97, 1, 6, 0, 0, 0.29%, 0, 0, 2, 21.06, 15726, 188, 0, 0
750, 98, 1, 6, 0, 0, 0.29%, 0, 0, 2, 21.14, 15836, 188, 0, 0
755, 99, 1, 6, 0, 0, 0.29%, 0, 0, 2, 21.10, 15946, 188, 0, 0
760, 99, 5, 6, 0, 0, 0.29%, 0, 0, 2, 21.12, 16056, 188, 0, 0
765, 100, 1, 6, 0, 0, 0.29%, 0, 0, 2, 21.09, 16166, 188, 0, 0
771, 101, 1, 6, 0, 0, 0.29%, 0, 0, 2, 21.18, 16275, 188, 0, 0
776, 101, 1, 6, 0, 0, 0.29%, 0, 0, 2, 21.24, 16385, 188, 0, 0
781, 102, 1, 6, 0, 0, 0.29%, 0, 0, 2, 21.24, 16495, 188, 0, 0
786, 103, 1, 6, 0, 0, 0.29%, 0, 0, 2, 21.21, 16605, 188, 0, 0
791, 103, 1, 6, 0, 0, 0.29%, 0, 0, 2, 21.21, 16715, 188, 0, 0
797, 104, 5, 6, 0, 0, 0.29%, 0, 0, 2, 21.05, 16825, 188, 0, 0
802, 105, 5, 6, 0, 0, 0.29%, 0, 0, 2, 21.09, 16935, 188, 0, 0
807, 106, 1, 6, 0, 0, 0.29%, 0, 0, 2, 21.09, 17045, 188, 0, 0
812, 106, 1, 6, 0, 0, 0.29%, 0, 0, 2, 21.11, 17155, 188, 0, 0
817, 107, 1, 6, 0, 0, 0.29%, 0, 0, 2, 21.24, 17265, 188, 0, 0
823, 108, 1, 6, 0, 0, 0.29%, 0, 0, 2, 21.28, 17375, 188, 0, 0
828, 108, 1, 6, 0, 0, 0.29%, 0, 0, 2, 21.31, 17485, 188, 0, 0
833, 109, 1, 6, 0, 0, 0.29%, 0, 0, 2, 21.19, 17595, 188, 0, 0
838, 110, 1, 6, 0, 0, 0.29%, 0, 0, 2, 21.10, 17705, 188, 0, 0
843, 110, 1, 6, 0, 0, 0.29%, 0, 0, 2, 21.01, 17810, 188, 0, 0
848, 111, 1, 6, 0, 0, 0.29%, 0, 0, 2, 21.02, 17920, 188, 0, 0
854, 112, 1, 6, 0, 0, 0.29%, 0, 0, 2, 21.08, 18030, 188, 0, 0
859, 112, 5, 6, 0, 0, 0.29%, 0, 0, 2, 20.93, 18135, 188, 0, 0
864, 113, 1, 6, 0, 0, 0.29%, 0, 0, 2, 21.08, 18245, 188, 0, 0
869, 114, 1, 6, 0, 0, 0.29%, 0, 0, 2, 21.21, 18355, 188, 0, 0
874, 114, 1, 6, 0, 0, 0.29%, 0, 0, 2, 21.22, 18465, 188, 0, 0
879, 115, 5, 6, 0, 0, 0.29%, 0, 0, 2, 21.28, 18575, 188, 0, 0
885, 116, 1, 6, 0, 0, 0.29%, 0, 0, 2, 21.23, 18685, 188, 0, 0
890, 116, 1, 6, 0, 0, 0.29%, 0, 0, 2, 21.16, 18795, 188, 0, 0
895, 117, 1, 6, 0, 0, 0.29%, 0, 0, 2, 21.26, 18905, 188, 0, 0
896, 117, 1, 6, 0, 0, 0.29%, 0, 0, 2, 20.26, 18923, 188, 0, 0
