# relative_time, cycles_done, cur_item, corpus_count, pending_total, pending_favs, map_size, saved_crashes, saved_hangs, max_depth, execs_per_sec, total_execs, edges_found, total_crashes, servers_count
64, 0, 1, 5, 0, 0, 0.24%, 1, 0, 1, 0.32, 83, 159, 33, 0
71, 0, 1, 5, 0, 0, 0.24%, 1, 0, 1, 0.25, 89, 159, 37, 0
79, 0, 1, 5, 0, 0, 0.24%, 1, 0, 1, 0.55, 94, 159, 41, 0
85, 0, 1, 5, 0, 0, 0.24%, 1, 0, 1, 2.20, 100, 159, 44, 0
92, 0, 1, 5, 0, 0, 0.24%, 1, 0, 1, 0.30, 102, 159, 46, 0
98, 0, 1, 5, 0, 0, 0.24%, 1, 0, 1, 0.74, 112, 159, 52, 0
103, 0, 1, 5, 0, 0, 0.24%, 1, 0, 1, 0.78, 116, 159, 55, 0
108, 0, 1, 5, 0, 0, 0.24%, 1, 0, 1, 3.86, 121, 159, 58, 0
116, 0, 1, 5, 0, 0, 0.24%, 1, 0, 1, 0.26, 123, 159, 60, 0
122, 0, 1, 5, 0, 0, 0.24%, 1, 0, 1, 0.27, 126, 159, 63, 0
128, 0, 1, 5, 0, 0, 0.24%, 1, 0, 1, 0.36, 131, 159, 68, 0
135, 0, 1, 5, 0, 0, 0.24%, 1, 0, 1, 0.51, 136, 159, 71, 0
140, 0, 1, 5, 0, 0, 0.24%, 1, 0, 1, 0.26, 143, 159, 75, 0
149, 0, 1, 5, 0, 0, 0.24%, 1, 0, 1, 1.93, 149, 159, 78, 0
155, 0, 1, 5, 0, 0, 0.24%, 1, 0, 1, 0.25, 151, 159, 80, 0
160, 0, 1, 5, 0, 0, 0.24%, 1, 0, 1, 3.47, 156, 159, 83, 0
167, 0, 1, 5, 0, 0, 0.24%, 1, 0, 1, 0.61, 159, 159, 85, 0
176, 0, 1, 5, 0, 0, 0.24%, 1, 0, 1, 0.74, 166, 159, 89, 0
183, 0, 1, 5, 0, 0, 0.24%, 1, 0, 1, 0.77, 171, 159, 94, 0
189, 1, 1, 5, 0, 0, 0.24%, 1, 0, 1, 3.63, 178, 159, 99, 0
195, 1, 1, 5, 0, 0, 0.24%, 1, 0, 1, 0.29, 182, 159, 103, 0
203, 1, 1, 5, 0, 0, 0.24%, 1, 0, 1, 2.83, 189, 159, 107, 0
210, 1, 1, 5, 0, 0, 0.24%, 1, 0, 1, 0.30, 193, 159, 110, 0
215, 1, 1, 5, 0, 0, 0.24%, 1, 0, 1, 8.15, 204, 159, 115, 0
224, 1, 1, 5, 0, 0, 0.24%, 1, 0, 1, 0.25, 207, 159, 118, 0
231, 1, 1, 5, 0, 0, 0.24%, 1, 0, 1, 0.25, 215, 159, 121, 0
237, 1, 1, 5, 0, 0, 0.24%, 1, 0, 1, 0.75, 225, 159, 126, 0
244, 1, 1, 5, 0, 0, 0.24%, 1, 0, 1, 0.90, 234, 159, 129, 0
249, 1, 1, 5, 0, 0, 0.24%, 1, 0, 1, 1.07, 242, 159, 132, 0
258, 1, 1, 5, 0, 0, 0.24%, 1, 0, 1, 0.74, 252, 159, 137, 0
265, 1, 1, 5, 0, 0, 0.24%, 1, 0, 1, 0.54, 257, 159, 140, 0
272, 1, 1, 5, 0, 0, 0.24%, 1, 0, 1, 0.51, 259, 159, 142, 0
278, 1, 1, 5, 0, 0, 0.24%, 1, 0, 1, 0.60, 264, 159, 145, 0
286, 1, 1, 5, 0, 0, 0.24%, 1, 0, 1, 0.71, 270, 159, 149, 0
293, 1, 1, 5, 0, 0, 0.24%, 1, 0, 1, 0.66, 272, 159, 151, 0
298, 1, 1, 5, 0, 0, 0.24%, 1, 0, 1, 0.70, 276, 159, 153, 0
303, 1, 1, 5, 0, 0, 0.24%, 1, 0, 1, 0.74, 281, 159, 156, 0
311, 1, 1, 5, 0, 0, 0.24%, 1, 0, 1, 0.27, 287, 159, 160, 0
316, 1, 1, 5, 0, 0, 0.24%, 1, 0, 1, 0.33, 290, 159, 163, 0
322, 1, 1, 5, 0, 0, 0.24%, 1, 0, 1, 0.28, 293, 159, 166, 0
330, 1, 1, 5, 0, 0, 0.24%, 1, 0, 1, 0.87, 304, 159, 173, 0
337, 1, 1, 5, 0, 0, 0.24%, 1, 0, 1, 0.80, 307, 159, 176, 0
345, 1, 1, 5, 0, 0, 0.24%, 1, 0, 1, 0.76, 311, 159, 179, 0
350, 2, 1, 5, 0, 0, 0.24%, 1, 0, 1, 4.33, 318, 159, 184, 0
356, 2, 1, 5, 0, 0, 0.24%, 1, 0, 1, 4.01, 328, 159, 190, 0
363, 2, 1, 5, 0, 0, 0.24%, 1, 0, 1, 0.71, 332, 159, 192, 0
369, 2, 1, 5, 0, 0, 0.24%, 1, 0, 1, 0.70, 335, 159, 195, 0
377, 2, 1, 5, 0, 0, 0.24%, 1, 0, 1, 0.65, 337, 159, 197, 0
383, 2, 1, 5, 0, 0, 0.24%, 1, 0, 1, 0.87, 344, 159, 202, 0
388, 2, 1, 5, 0, 0, 0.24%, 1, 0, 1, 0.82, 346, 159, 204, 0
393, 2, 1, 5, 0, 0, 0.24%, 1, 0, 1, 4.02, 350, 159, 207, 0
399, 2, 1, 5, 0, 0, 0.24%, 1, 0, 1, 0.28, 352, 159, 209, 0
404, 2, 1, 5, 0, 0, 0.24%, 1, 0, 1, 2.78, 357, 159, 213, 0
412, 2, 1, 5, 0, 0, 0.24%, 1, 0, 1, 0.25, 360, 159, 216, 0
418, 2, 1, 5, 0, 0, 0.24%, 1, 0, 1, 0.31, 365, 159, 219, 0
424, 2, 1, 5, 0, 0, 0.24%, 1, 0, 1, 0.40, 370, 159, 221, 0
430, 2, 1, 5, 0, 0, 0.24%, 1, 0, 1, 3.89, 383, 159, 228, 0
435, 2, 1, 5, 0, 0, 0.24%, 1, 0, 1, 0.49, 391, 159, 231, 0
443, 2, 1, 5, 0, 0, 0.24%, 1, 0, 1, 0.49, 395, 159, 233, 0
451, 2, 1, 5, 0, 0, 0.24%, 1, 0, 1, 0.46, 397, 159, 235, 0
458, 2, 1, 5, 0, 0, 0.24%, 1, 0, 1, 0.57, 402, 159, 239, 0
464, 2, 1, 5, 0, 0, 0.24%, 1, 0, 1, 0.31, 406, 159, 242, 0
470, 2, 1, 5, 0, 0, 0.24%, 1, 0, 1, 0.61, 413, 159, 246, 0
477, 2, 1, 5, 0, 0, 0.24%, 1, 0, 1, 0.57, 415, 159, 248, 0
485, 2, 1, 5, 0, 0, 0.24%, 1, 0, 1, 0.51, 422, 159, 254, 0
493, 2, 1, 5, 0, 0, 0.24%, 1, 0, 1, 0.54, 426, 159, 257, 0
501, 2, 1, 5, 0, 0, 0.24%, 1, 0, 1, 0.52, 429, 159, 259, 0
506, 2, 1, 5, 0, 0, 0.24%, 1, 0, 1, 0.29, 433, 159, 262, 0
513, 2, 1, 5, 0, 0, 0.24%, 1, 0, 1, 0.27, 439, 159, 267, 0
521, 2, 1, 5, 0, 0, 0.24%, 1, 0, 1, 0.28, 442, 159, 269, 0
526, 2, 1, 5, 0, 0, 0.24%, 1, 0, 1, 0.30, 444, 159, 271, 0
533, 2, 1, 5, 0, 0, 0.24%, 1, 0, 1, 0.32, 447, 159, 273, 0
540, 3, 1, 5, 0, 0, 0.24%, 1, 0, 1, 0.29, 452, 159, 277, 0
547, 3, 1, 5, 0, 0, 0.24%, 1, 0, 1, 0.29, 454, 159, 279, 0
553, 3, 1, 5, 0, 0, 0.24%, 1, 0, 1, 1.47, 458, 159, 283, 0
560, 3, 1, 5, 0, 0, 0.24%, 1, 0, 1, 1.52, 463, 159, 288, 0
568, 3, 1, 5, 0, 0, 0.24%, 1, 0, 1, 0.27, 467, 159, 291, 0
574, 3, 1, 5, 0, 0, 0.24%, 1, 0, 1, 0.36, 471, 159, 294, 0
579, 3, 1, 5, 0, 0, 0.24%, 1, 0, 1, 0.67, 477, 159, 298, 0
588, 3, 1, 5, 0, 0, 0.24%, 1, 0, 1, 3.98, 485, 159, 302, 0
593, 3, 1, 5, 0, 0, 0.24%, 1, 0, 1, 0.25, 488, 159, 305, 0
600, 3, 1, 5, 0, 0, 0.24%, 1, 0, 1, 0.51, 497, 159, 311, 0
606, 3, 1, 5, 0, 0, 0.24%, 1, 0, 1, 0.48, 499, 159, 313, 0
613, 3, 1, 5, 0, 0, 0.24%, 1, 0, 1, 0.64, 506, 159, 316, 0
619, 3, 1, 5, 0, 0, 0.24%, 1, 0, 1, 0.61, 508, 159, 318, 0
627, 3, 1, 5, 0, 0, 0.24%, 1, 0, 1, 0.28, 514, 159, 322, 0
633, 3, 1, 5, 0, 0, 0.24%, 1, 0, 1, 0.48, 520, 159, 327, 0
642, 3, 1, 5, 0, 0, 0.24%, 1, 0, 1, 0.50, 526, 159, 332, 0
650, 3, 1, 5, 0, 0, 0.24%, 1, 0, 1, 0.51, 530, 159, 335, 0
657, 3, 1, 5, 0, 0, 0.24%, 1, 0, 1, 0.58, 533, 159, 338, 0
665, 3, 1, 5, 0, 0, 0.24%, 1, 0, 1, 0.30, 540, 159, 343, 0
670, 3, 1, 5, 0, 0, 0.24%, 1, 0, 1, 0.38, 545, 159, 345, 0
679, 3, 1, 5, 0, 0, 0.24%, 1, 0, 1, 0.39, 548, 159, 348, 0
686, 3, 1, 5, 0, 0, 0.24%, 1, 0, 1, 0.39, 551, 159, 351, 0
693, 3, 1, 5, 0, 0, 0.24%, 1, 0, 1, 0.26, 556, 159, 354, 0
701, 3, 1, 5, 0, 0, 0.24%, 1, 0, 1, 0.25, 562, 159, 357, 0
706, 3, 1, 5, 0, 0, 0.24%, 1, 0, 1, 0.27, 564, 159, 359, 0
715, 3, 1, 5, 0, 0, 0.24%, 1, 0, 1, 0.30, 567, 159, 362, 0
721, 3, 1, 5, 0, 0, 0.24%, 1, 0, 1, 0.29, 572, 159, 365, 0
729, 3, 1, 5, 0, 0, 0.24%, 1, 0, 1, 0.62, 577, 159, 369, 0
736, 3, 1, 5, 0, 0, 0.24%, 1, 0, 1, 0.69, 581, 159, 373, 0
742, 3, 1, 5, 0, 0, 0.24%, 1, 0, 1, 0.69, 584, 159, 376, 0
747, 3, 1, 5, 0, 0, 0.24%, 1, 0, 1, 0.65, 586, 159, 378, 0
753, 3, 1, 5, 0, 0, 0.24%, 1, 0, 1, 0.67, 589, 159, 381, 0
758, 3, 1, 5, 0, 0, 0.24%, 1, 0, 1, 0.64, 591, 159, 383, 0
766, 4, 1, 5, 0, 0, 0.24%, 1, 0, 1, 0.60, 593, 159, 385, 0
772, 4, 1, 5, 0, 0, 0.24%, 1, 0, 1, 0.56, 595, 159, 387, 0
779, 4, 1, 5, 0, 0, 0.24%, 1, 0, 1, 0.48, 601, 159, 392, 0
785, 4, 1, 5, 0, 0, 0.24%, 1, 0, 1, 0.41, 606, 159, 396, 0
792, 4, 1, 5, 0, 0, 0.24%, 1, 0, 1, 0.52, 610, 159, 399, 0
798, 4, 1, 5, 0, 0, 0.24%, 1, 0, 1, 0.25, 621, 159, 404, 0
806, 4, 1, 5, 0, 0, 0.24%, 1, 0, 1, 0.51, 629, 159, 408, 0
813, 4, 1, 5, 0, 0, 0.24%, 1, 0, 1, 0.62, 636, 159, 412, 0
819, 4, 1, 5, 0, 0, 0.24%, 1, 0, 1, 0.61, 639, 159, 414, 0
825, 4, 1, 5, 0, 0, 0.24%, 1, 0, 1, 0.47, 643, 159, 418, 0
830, 4, 1, 5, 0, 0, 0.24%, 1, 0, 1, 0.40, 647, 159, 422, 0
837, 4, 1, 5, 0, 0, 0.24%, 1, 0, 1, 0.63, 654, 159, 426, 0
843, 4, 1, 5, 0, 0, 0.24%, 1, 0, 1, 0.63, 657, 159, 429, 0
852, 4, 1, 5, 0, 0, 0.24%, 1, 0, 1, 0.34, 663, 159, 433, 0
858, 4, 1, 5, 0, 0, 0.24%, 1, 0, 1, 0.33, 665, 159, 435, 0
864, 4, 1, 5, 0, 0, 0.24%, 1, 0, 1, 2.33, 674, 159, 440, 0
872, 4, 1, 5, 0, 0, 0.24%, 1, 0, 1, 0.30, 677, 159, 442, 0
877, 4, 1, 5, 0, 0, 0.24%, 1, 0, 1, 0.80, 691, 159, 448, 0
883, 4, 1, 5, 0, 0, 0.24%, 1, 0, 1, 0.81, 695, 159, 452, 0
889, 4, 1, 5, 0, 0, 0.24%, 1, 0, 1, 0.91, 700, 159, 455, 0
895, 4, 1, 5, 0, 0, 0.24%, 1, 0, 1, 0.85, 703, 159, 458, 0
895, 4, 1, 5, 0, 0, 0.24%, 1, 0, 1, 0.00, 704, 159, 459, 0
