# relative_time, cycles_done, cur_item, corpus_count, pending_total, pending_favs, map_size, saved_crashes, saved_hangs, max_depth, execs_per_sec, total_execs, edges_found, total_crashes, servers_count
61, 9, 0, 5, 0, 0, 0.08%, 0, 0, 1, 21.38, 1355, 54, 0, 0
66, 10, 0, 5, 0, 0, 0.08%, 0, 0, 1, 21.64, 1465, 54, 0, 0
71, 10, 0, 5, 0, 0, 0.08%, 0, 0, 1, 21.77, 1575, 54, 0, 0
76, 11, 0, 5, 0, 0, 0.08%, 0, 0, 1, 21.82, 1685, 54, 0, 0
81, 12, 0, 5, 0, 0, 0.08%, 0, 0, 1, 21.57, 1795, 54, 0, 0
86, 13, 1, 5, 0, 0, 0.08%, 0, 0, 1, 21.69, 1904, 54, 0, 0
91, 14, 0, 5, 0, 0, 0.08%, 0, 0, 1, 21.89, 2014, 54, 0, 0
96, 14, 0, 5, 0, 0, 0.08%, 0, 0, 1, 22.01, 2129, 54, 0, 0
102, 15, 0, 5, 0, 0, 0.08%, 0, 0, 1, 22.05, 2244, 54, 0, 0
107, 16, 0, 5, 0, 0, 0.08%, 0, 0, 1, 21.56, 2354, 54, 0, 0
112, 17, 1, 5, 0, 0, 0.08%, 0, 0, 1, 21.50, 2464, 54, 0, 0
117, 18, 0, 5, 0, 0, 0.08%, 0, 0, 1, 21.59, 2574, 54, 0, 0
122, 18, 1, 5, 0, 0, 0.08%, 0, 0, 1, 21.56, 2684, 54, 0, 0
127, 19, 0, 5, 0, 0, 0.08%, 0, 0, 1, 21.55, 2794, 54, 0, 0
132, 20, 1, 5, 0, 0, 0.08%, 0, 0, 1, 21.60, 2904, 54, 0, 0
137, 21, 0, 5, 0, 0, 0.08%, 0, 0, 1, 21.50, 3014, 54, 0, 0
142, 21, 1, 5, 0, 0, 0.08%, 0, 0, 1, 21.39, 3122, 54, 0, 0
147, 22, 0, 5, 0, 0, 0.08%, 0, 0, 1, 21.52, 3231, 54, 0, 0
153, 23, 0, 5, 0, 0, 0.08%, 0, 0, 1, 21.75, 3341, 54, 0, 0
158, 24, 0, 5, 0, 0, 0.08%, 0, 0, 1, 21.78, 3451, 54, 0, 0
163, 25, 0, 5, 0, 0, 0.08%, 0, 0, 1, 21.64, 3561, 54, 0, 0
168, 25, 0, 5, 0, 0, 0.08%, 0, 0, 1, 21.66, 3671, 54, 0, 0
173, 26, 0, 5, 0, 0, 0.08%, 0, 0, 1, 21.74, 3781, 54, 0, 0
178, 27, 0, 5, 0, 0, 0.08%, 0, 0, 1, 21.67, 3891, 54, 0, 0
183, 28, 0, 5, 0, 0, 0.08%, 0, 0, 1, 21.74, 4001, 54, 0, 0
188, 29, 0, 5, 0, 0, 0.08%, 0, 0, 1, 21.73, 4111, 54, 0, 0
193, 29, 0, 5, 0, 0, 0.08%, 0, 0, 1, 21.50, 4221, 54, 0, 0
198, 30, 0, 5, 0, 0, 0.08%, 0, 0, 1, 21.66, 4331, 54, 0, 0
203, 31, 0, 5, 0, 0, 0.08%, 0, 0, 1, 21.59, 4441, 54, 0, 0
208, 32, 0, 5, 0, 0, 0.08%, 0, 0, 1, 21.57, 4551, 54, 0, 0
213, 32, 0, 5, 0, 0, 0.08%, 0, 0, 1, 19.76, 4648, 54, 0, 0
218, 33, 0, 5, 0, 0, 0.08%, 0, 0, 1, 21.07, 4756, 54, 0, 0
224, 34, 0, 5, 0, 0, 0.08%, 0, 0, 1, 21.44, 4866, 54, 0, 0
229, 35, 0, 5, 0, 0, 0.08%, 0, 0, 1, 19.75, 4966, 54, 0, 0
234, 35, 0, 5, 0, 0, 0.08%, 0, 0, 1, 21.08, 5074, 54, 0, 0
239, 36, 0, 5, 0, 0, 0.08%, 0, 0, 1, 21.25, 5184, 54, 0, 0
244, 37, 0, 5, 0, 0, 0.08%, 0, 0, 1, 21.42, 5294, 54, 0, 0
249, 38, 0, 5, 0, 0, 0.08%, 0, 0, 1, 21.68, 5404, 54, 0, 0
254, 39, 0, 5, 0, 0, 0.08%, 0, 0, 1, 21.57, 5514, 54, 0, 0
259, 39, 0, 5, 0, 0, 0.08%, 0, 0, 1, 21.60, 5624, 54, 0, 0
264, 40, 0, 5, 0, 0, 0.08%, 0, 0, 1, 21.37, 5733, 54, 0, 0
270, 41, 0, 5, 0, 0, 0.08%, 0, 0, 1, 21.54, 5843, 54, 0, 0
275, 42, 0, 5, 0, 0, 0.08%, 0, 0, 1, 21.69, 5953, 54, 0, 0
280, 43, 0, 5, 0, 0, 0.08%, 0, 0, 1, 21.70, 6063, 54, 0, 0
285, 43, 0, 5, 0, 0, 0.08%, 0, 0, 1, 21.71, 6173, 54, 0, 0
290, 44, 0, 5, 0, 0, 0.08%, 0, 0, 1, 21.70, 6283, 54, 0, 0
295, 45, 0, 5, 0, 0, 0.08%, 0, 0, 1, 21.70, 6393, 54, 0, 0
300, 46, 0, 5, 0, 0, 0.08%, 0, 0, 1, 21.63, 6503, 54, 0, 0
305, 46, 0, 5, 0, 0, 0.08%, 0, 0, 1, 21.55, 6613, 54, 0, 0
310, 47, 0, 5, 0, 0, 0.08%, 0, 0, 1, 21.82, 6723, 54, 0, 0
315, 48, 0, 5, 0, 0, 0.08%, 0, 0, 1, 22.00, 6838, 54, 0, 0
321, 49, 0, 5, 0, 0, 0.08%, 0, 0, 1, 22.01, 6953, 54, 0, 0
326, 50, 0, 5, 0, 0, 0.08%, 0, 0, 1, 21.75, 7063, 54, 0, 0
331, 50, 0, 5, 0, 0, 0.08%, 0, 0, 1, 21.70, 7173, 54, 0, 0
336, 51, 0, 5, 0, 0, 0.08%, 0, 0, 1, 21.66, 7283, 54, 0, 0
341, 52, 0, 5, 0, 0, 0.08%, 0, 0, 1, 21.57, 7393, 54, 0, 0
346, 53, 1, 5, 0, 0, 0.08%, 0, 0, 1, 21.53, 7503, 54, 0, 0
351, 54, 0, 5, 0, 0, 0.08%, 0, 0, 1, 21.52, 7612, 54, 0, 0
356, 54, 0, 5, 0, 0, 0.08%, 0, 0, 1, 21.70, 7722, 54, 0, 0
361, 55, 0, 5, 0, 0, 0.08%, 0, 0, 1, 21.67, 7832, 54, 0, 0
366, 56, 0, 5, 0, 0, 0.08%, 0, 0, 1, 21.68, 7942, 54, 0, 0
371, 57, 0, 5, 0, 0, 0.08%, 0, 0, 1, 21.57, 8052, 54, 0, 0
376, 57, 0, 5, 0, 0, 0.08%, 0, 0, 1, 21.63, 8162, 54, 0, 0
381, 58, 0, 5, 0, 0, 0.08%, 0, 0, 1, 21.70, 8272, 54, 0, 0
387, 59, 0, 5, 0, 0, 0.08%, 0, 0, 1, 21.66, 8382, 54, 0, 0
392, 60, 0, 5, 0, 0, 0.08%, 0, 0, 1, 21.54, 8492, 54, 0, 0
397, 61, 1, 5, 0, 0, 0.08%, 0, 0, 1, 21.45, 8602, 54, 0, 0
402, 61, 0, 5, 0, 0, 0.08%, 0, 0, 1, 21.50, 8712, 54, 0, 0
407, 62, 0, 5, 0, 0, 0.08%, 0, 0, 1, 20.38, 8817, 54, 0, 0
412, 63, 1, 5, 0, 0, 0.08%, 0, 0, 1, 19.62, 8918, 54, 0, 0
417, 64, 0, 5, 0, 0, 0.08%, 0, 0, 1, 21.12, 9028, 54, 0, 0
422, 64, 0, 5, 0, 0, 0.08%, 0, 0, 1, 21.57, 9138, 54, 0, 0
428, 65, 1, 5, 0, 0, 0.08%, 0, 0, 1, 20.67, 9245, 54, 0, 0
433, 66, 0, 5, 0, 0, 0.08%, 0, 0, 1, 21.49, 9355, 54, 0, 0
438, 67, 0, 5, 0, 0, 0.08%, 0, 0, 1, 21.42, 9465, 54, 0, 0
443, 68, 0, 5, 0, 0, 0.08%, 0, 0, 1, 21.39, 9575, 54, 0, 0
448, 68, 0, 5, 0, 0, 0.08%, 0, 0, 1, 21.36, 9685, 54, 0, 0
453, 69, 1, 5, 0, 0, 0.08%, 0, 0, 1, 21.58, 9795, 54, 0, 0
458, 70, 0, 5, 0, 0, 0.08%, 0, 0, 1, 21.68, 9905, 54, 0, 0
463, 71, 0, 5, 0, 0, 0.08%, 0, 0, 1, 21.51, 10015, 54, 0, 0
468, 72, 1, 5, 0, 0, 0.08%, 0, 0, 1, 21.51, 10124, 54, 0, 0
474, 72, 0, 5, 0, 0, 0.08%, 0, 0, 1, 21.54, 10234, 54, 0, 0
479, 73, 0, 5, 0, 0, 0.08%, 0, 0, 1, 21.49, 10344, 54, 0, 0
484, 74, 0, 5, 0, 0, 0.08%, 0, 0, 1, 21.63, 10454, 54, 0, 0
489, 75, 0, 5, 0, 0, 0.08%, 0, 0, 1, 21.60, 10564, 54, 0, 0
494, 75, 0, 5, 0, 0, 0.08%, 0, 0, 1, 21.62, 10674, 54, 0, 0
499, 76, 0, 5, 0, 0, 0.08%, 0, 0, 1, 21.53, 10783, 54, 0, 0
504, 77, 0, 5, 0, 0, 0.08%, 0, 0, 1, 21.55, 10893, 54, 0, 0
509, 78, 0, 5, 0, 0, 0.08%, 0, 0, 1, 21.48, 11003, 54, 0, 0
514, 79, 0, 5, 0, 0, 0.08%, 0, 0, 1, 21.51, 11112, 54, 0, 0
519, 79, 1, 5, 0, 0, 0.08%, 0, 0, 1, 21.64, 11222, 54, 0, 0
524, 80, 0, 5, 0, 0, 0.08%, 0, 0, 1, 21.68, 11332, 54, 0, 0
530, 81, 0, 5, 0, 0, 0.08%, 0, 0, 1, 21.55, 11442, 54, 0, 0
535, 82, 0, 5, 0, 0, 0.08%, 0, 0, 1, 21.66, 11552, 54, 0, 0
540, 82, 0, 5, 0, 0, 0.08%, 0, 0, 1, 21.61, 11662, 54, 0, 0
545, 83, 0, 5, 0, 0, 0.08%, 0, 0, 1, 21.56, 11772, 54, 0, 0
550, 84, 0, 5, 0, 0, 0.08%, 0, 0, 1, 21.65, 11882, 54, 0, 0
555, 85, 0, 5, 0, 0, 0.08%, 0, 0, 1, 21.49, 11992, 54, 0, 0
560, 86, 0, 5, 0, 0, 0.08%, 0, 0, 1, 21.52, 12102, 54, 0, 0
565, 86, 0, 5, 0, 0, 0.08%, 0, 0, 1, 21.80, 12212, 54, 0, 0
570, 87, 0, 5, 0, 0, 0.08%, 0, 0, 1, 21.71, 12322, 54, 0, 0
575, 88, 1, 5, 0, 0, 0.08%, 0, 0, 1, 21.47, 12432, 54, 0, 0
580, 89, 0, 5, 0, 0, 0.08%, 0, 0, 1, 21.71, 12542, 54, 0, 0
586, 90, 0, 5, 0, 0, 0.08%, 0, 0, 1, 21.43, 12652, 54, 0, 0
591, 90, 0, 5, 0, 0, 0.08%, 0, 0, 1, 21.41, 12762, 54, 0, 0
596, 91, 0, 5, 0, 0, 0.08%, 0, 0, 1, 21.41, 12870, 54, 0, 0
601, 92, 0, 5, 0, 0, 0.08%, 0, 0, 1, 21.41, 12979, 54, 0, 0
606, 93, 0, 5, 0, 0, 0.08%, 0, 0, 1, 21.39, 13089, 54, 0, 0
611, 93, 0, 5, 0, 0, 0.08%, 0, 0, 1, 21.67, 13199, 54, 0, 0
616, 94, 0, 5, 0, 0, 0.08%, 0, 0, 1, 21.88, 13309, 54, 0, 0
621, 95, 0, 5, 0, 0, 0.08%, 0, 0, 1, 21.53, 13419, 54, 0, 0
626, 96, 0, 5, 0, 0, 0.08%, 0, 0, 1, 21.43, 13529, 54, 0, 0
632, 97, 0, 5, 0, 0, 0.08%, 0, 0, 1, 21.40, 13639, 54, 0, 0
637, 97, 0, 5, 0, 0, 0.08%, 0, 0, 1, 21.60, 13749, 54, 0, 0
642, 98, 0, 5, 0, 0, 0.08%, 0, 0, 1, 21.64, 13859, 54, 0, 0
647, 99, 0, 5, 0, 0, 0.08%, 0, 0, 1, 21.60, 13969, 54, 0, 0
652, 100, 0, 5, 0, 0, 0.08%, 0, 0, 1, 21.49, 14078, 54, 0, 0
657, 101, 0, 5, 0, 0, 0.08%, 0, 0, 1, 21.41, 14188, 54, 0, 0
662, 101, 0, 5, 0, 0, 0.08%, 0, 0, 1, 21.50, 14298, 54, 0, 0
667, 102, 1, 5, 0, 0, 0.08%, 0, 0, 1, 21.50, 14408, 54, 0, 0
672, 103, 0, 5, 0, 0, 0.08%, 0, 0, 1, 21.55, 14518, 54, 0, 0
678, 104, 0, 5, 0, 0, 0.08%, 0, 0, 1, 21.69, 14628, 54, 0, 0
683, 104, 0, 5, 0, 0, 0.08%, 0, 0, 1, 21.54, 14738, 54, 0, 0
688, 105, 0, 5, 0, 0, 0.08%, 0, 0, 1, 21.55, 14848, 54, 0, 0
693, 106, 0, 5, 0, 0, 0.08%, 0, 0, 1, 21.55, 14958, 54, 0, 0
698, 107, 0, 5, 0, 0, 0.08%, 0, 0, 1, 21.58, 15068, 54, 0, 0
703, 108, 0, 5, 0, 0, 0.08%, 0, 0, 1, 21.73, 15178, 54, 0, 0
708, 108, 1, 5, 0, 0, 0.08%, 0, 0, 1, 21.57, 15288, 54, 0, 0
713, 109, 0, 5, 0, 0, 0.08%, 0, 0, 1, 21.48, 15398, 54, 0, 0
718, 110, 1, 5, 0, 0, 0.08%, 0, 0, 1, 21.39, 15508, 54, 0, 0
724, 111, 0, 5, 0, 0, 0.08%, 0, 0, 1, 21.41, 15618, 54, 0, 0
729, 112, 0, 5, 0, 0, 0.08%, 0, 0, 1, 21.49, 15728, 54, 0, 0
734, 112, 0, 5, 0, 0, 0.08%, 0, 0, 1, 21.21, 15837, 54, 0, 0
739, 113, 0, 5, 0, 0, 0.08%, 0, 0, 1, 21.75, 15947, 54, 0, 0
744, 114, 0, 5, 0, 0, 0.08%, 0, 0, 1, 21.84, 16057, 54, 0, 0
749, 115, 0, 5, 0, 0, 0.08%, 0, 0, 1, 21.60, 16167, 54, 0, 0
754, 115, 0, 5, 0, 0, 0.08%, 0, 0, 1, 21.54, 16277, 54, 0, 0
759, 116, 0, 5, 0, 0, 0.08%, 0, 0, 1, 21.44, 16387, 54, 0, 0
764, 117, 0, 5, 0, 0, 0.08%, 0, 0, 1, 21.46, 16497, 54, 0, 0
769, 118, 0, 5, 0, 0, 0.08%, 0, 0, 1, 21.50, 16607, 54, 0, 0
775, 119, 1, 5, 0, 0, 0.08%, 0, 0, 1, 21.53, 16717, 54, 0, 0
780, 119, 0, 5, 0, 0, 0.08%, 0, 0, 1, 21.57, 16827, 54, 0, 0
785, 120, 0, 5, 0, 0, 0.08%, 0, 0, 1, 21.68, 16937, 54, 0, 0
790, 121, 0, 5, 0, 0, 0.08%, 0, 0, 1, 21.68, 17047, 54, 0, 0
795, 122, 0, 5, 0, 0, 0.08%, 0, 0, 1, 21.68, 17157, 54, 0, 0
800, 123, 0, 5, 0, 0, 0.08%, 0, 0, 1, 21.67, 17267, 54, 0, 0
805, 123, 0, 5, 0, 0, 0.08%, 0, 0, 1, 21.63, 17377, 54, 0, 0
810, 124, 0, 5, 0, 0, 0.08%, 0, 0, 1, 21.49, 17487, 54, 0, 0
815, 125, 0, 5, 0, 0, 0.08%, 0, 0, 1, 21.81, 17597, 54, 0, 0
820, 126, 0, 5, 0, 0, 0.08%, 0, 0, 1, 21.62, 17707, 54, 0, 0
825, 126, 0, 5, 0, 0, 0.08%, 0, 0, 1, 21.69, 17817, 54, 0, 0
830, 127, 1, 5, 0, 0, 0.08%, 0, 0, 1, 21.60, 17927, 54, 0, 0
836, 128, 0, 5, 0, 0, 0.08%, 0, 0, 1, 21.32, 18037, 54, 0, 0
841, 129, 0, 5, 0, 0, 0.08%, 0, 0, 1, 21.64, 18147, 54, 0, 0
846, 130, 0, 5, 0, 0, 0.08%, 0, 0, 1, 21.85, 18257, 54, 0, 0
851, 130, 1, 5, 0, 0, 0.08%, 0, 0, 1, 21.44, 18367, 54, 0, 0
856, 131, 0, 5, 0, 0, 0.08%, 0, 0, 1, 21.47, 18477, 54, 0, 0
861, 132, 0, 5, 0, 0, 0.08%, 0, 0, 1, 21.61, 18587, 54, 0, 0
866, 133, 1, 5, 0, 0, 0.08%, 0, 0, 1, 21.67, 18697, 54, 0, 0
871, 134, 0, 5, 0, 0, 0.08%, 0, 0, 1, 21.78, 18807, 54, 0, 0
876, 134, 0, 5, 0, 0, 0.08%, 0, 0, 1, 21.82, 18917, 54, 0, 0
881, 135, 0, 5, 0, 0, 0.08%, 0, 0, 1, 21.75, 19027, 54, 0, 0
886, 136, 0, 5, 0, 0, 0.08%, 0, 0, 1, 21.34, 19136, 54, 0, 0
892, 137, 0, 5, 0, 0, 0.08%, 0, 0, 1, 21.15, 19244, 54, 0, 0
897, 137, 0, 5, 0, 0, 0.08%, 0, 0, 1, 21.20, 19352, 54, 0, 0
