# relative_time, cycles_done, cur_item, corpus_count, pending_total, pending_favs, map_size, saved_crashes, saved_hangs, max_depth, execs_per_sec, total_execs, edges_found, total_crashes, servers_count
61, 15, 0, 5, 0, 0, 0.08%, 0, 0, 1, 35.61, 2205, 51, 0, 0
66, 16, 0, 5, 0, 0, 0.08%, 0, 0, 1, 35.73, 2389, 51, 0, 0
71, 18, 0, 5, 0, 0, 0.08%, 0, 0, 1, 35.83, 2573, 51, 0, 0
76, 19, 0, 5, 0, 0, 0.08%, 0, 0, 1, 35.82, 2757, 51, 0, 0
82, 20, 0, 5, 0, 0, 0.08%, 0, 0, 1, 35.85, 2941, 51, 0, 0
87, 22, 0, 5, 0, 0, 0.08%, 0, 0, 1, 35.88, 3125, 51, 0, 0
92, 23, 0, 5, 0, 0, 0.08%, 0, 0, 1, 35.96, 3309, 51, 0, 0
97, 24, 0, 5, 0, 0, 0.08%, 0, 0, 1, 35.41, 3486, 51, 0, 0
102, 25, 0, 5, 0, 0, 0.08%, 0, 0, 1, 35.22, 3665, 51, 0, 0
107, 27, 0, 5, 0, 0, 0.08%, 0, 0, 1, 35.16, 3842, 51, 0, 0
112, 28, 0, 5, 0, 0, 0.08%, 0, 0, 1, 35.15, 4025, 51, 0, 0
117, 29, 0, 5, 0, 0, 0.08%, 0, 0, 1, 34.99, 4206, 51, 0, 0
122, 31, 0, 5, 0, 0, 0.08%, 0, 0, 1, 35.17, 4385, 51, 0, 0
128, 32, 0, 5, 0, 0, 0.08%, 0, 0, 1, 35.30, 4568, 51, 0, 0
133, 33, 0, 5, 0, 0, 0.08%, 0, 0, 1, 35.30, 4749, 51, 0, 0
138, 34, 1, 5, 0, 0, 0.08%, 0, 0, 1, 35.37, 4931, 51, 0, 0
143, 36, 0, 5, 0, 0, 0.08%, 0, 0, 1, 35.46, 5115, 51, 0, 0
148, 37, 0, 5, 0, 0, 0.08%, 0, 0, 1, 35.40, 5299, 51, 0, 0
153, 38, 1, 5, 0, 0, 0.08%, 0, 0, 1, 35.39, 5481, 51, 0, 0
159, 40, 0, 5, 0, 0, 0.08%, 0, 0, 1, 35.19, 5664, 51, 0, 0
164, 41, 0, 5, 0, 0, 0.08%, 0, 0, 1, 35.23, 5843, 51, 0, 0
169, 42, 1, 5, 0, 0, 0.08%, 0, 0, 1, 35.13, 6024, 51, 0, 0
174, 44, 1, 5, 0, 0, 0.08%, 0, 0, 1, 35.19, 6205, 51, 0, 0
179, 45, 0, 5, 0, 0, 0.08%, 0, 0, 1, 35.25, 6383, 51, 0, 0
184, 46, 0, 5, 0, 0, 0.08%, 0, 0, 1, 35.57, 6567, 51, 0, 0
189, 47, 1, 5, 0, 0, 0.08%, 0, 0, 1, 35.66, 6751, 51, 0, 0
195, 49, 0, 5, 0, 0, 0.08%, 0, 0, 1, 35.66, 6935, 51, 0, 0
200, 50, 0, 5, 0, 0, 0.08%, 0, 0, 1, 35.57, 7119, 51, 0, 0
205, 51, 0, 5, 0, 0, 0.08%, 0, 0, 1, 35.74, 7303, 51, 0, 0
210, 53, 0, 5, 0, 0, 0.08%, 0, 0, 1, 35.60, 7487, 51, 0, 0
215, 54, 0, 5, 0, 0, 0.08%, 0, 0, 1, 35.57, 7671, 51, 0, 0
220, 55, 0, 5, 0, 0, 0.08%, 0, 0, 1, 35.80, 7854, 51, 0, 0
225, 57, 1, 5, 0, 0, 0.08%, 0, 0, 1, 35.38, 8032, 51, 0, 0
230, 58, 0, 5, 0, 0, 0.08%, 0, 0, 1, 35.18, 8208, 51, 0, 0
235, 59, 0, 5, 0, 0, 0.08%, 0, 0, 1, 35.06, 8386, 51, 0, 0
241, 60, 0, 5, 0, 0, 0.08%, 0, 0, 1, 35.13, 8568, 51, 0, 0
246, 62, 0, 5, 0, 0, 0.08%, 0, 0, 1, 35.26, 8750, 51, 0, 0
251, 63, 1, 5, 0, 0, 0.08%, 0, 0, 1, 35.27, 8929, 51, 0, 0
256, 64, 0, 5, 0, 0, 0.08%, 0, 0, 1, 35.23, 9108, 51, 0, 0
261, 66, 0, 5, 0, 0, 0.08%, 0, 0, 1, 35.24, 9290, 51, 0, 0
266, 67, 0, 5, 0, 0, 0.08%, 0, 0, 1, 35.24, 9469, 51, 0, 0
271, 68, 0, 5, 0, 0, 0.08%, 0, 0, 1, 35.73, 9653, 51, 0, 0
276, 69, 0, 5, 0, 0, 0.08%, 0, 0, 1, 35.78, 9837, 51, 0, 0
282, 71, 0, 5, 0, 0, 0.08%, 0, 0, 1, 35.85, 10021, 51, 0, 0
287, 72, 0, 5, 0, 0, 0.08%, 0, 0, 1, 35.37, 10199, 51, 0, 0
292, 73, 0, 5, 0, 0, 0.08%, 0, 0, 1, 35.21, 10375, 51, 0, 0
297, 75, 0, 5, 0, 0, 0.08%, 0, 0, 1, 35.10, 10557, 51, 0, 0
302, 76, 0, 5, 0, 0, 0.08%, 0, 0, 1, 35.51, 10741, 51, 0, 0
307, 77, 0, 5, 0, 0, 0.08%, 0, 0, 1, 35.30, 10918, 51, 0, 0
312, 79, 0, 5, 0, 0, 0.08%, 0, 0, 1, 35.03, 11099, 51, 0, 0
317, 80, 0, 5, 0, 0, 0.08%, 0, 0, 1, 35.06, 11280, 51, 0, 0
322, 81, 0, 5, 0, 0, 0.08%, 0, 0, 1, 35.14, 11462, 51, 0, 0
328, 82, 0, 5, 0, 0, 0.08%, 0, 0, 1, 35.28, 11643, 51, 0, 0
333, 84, 0, 5, 0, 0, 0.08%, 0, 0, 1, 35.12, 11824, 51, 0, 0
338, 85, 0, 5, 0, 0, 0.08%, 0, 0, 1, 35.13, 12004, 51, 0, 0
343, 86, 0, 5, 0, 0, 0.08%, 0, 0, 1, 35.10, 12186, 51, 0, 0
348, 88, 0, 5, 0, 0, 0.08%, 0, 0, 1, 35.19, 12362, 51, 0, 0
353, 89, 0, 5, 0, 0, 0.08%, 0, 0, 1, 35.38, 12545, 51, 0, 0
358, 90, 1, 5, 0, 0, 0.08%, 0, 0, 1, 35.35, 12727, 51, 0, 0
363, 91, 0, 5, 0, 0, 0.08%, 0, 0, 1, 35.26, 12907, 51, 0, 0
369, 93, 0, 5, 0, 0, 0.08%, 0, 0, 1, 35.36, 13087, 51, 0, 0
374, 94, 0, 5, 0, 0, 0.08%, 0, 0, 1, 35.39, 13268, 51, 0, 0
379, 95, 0, 5, 0, 0, 0.08%, 0, 0, 1, 35.25, 13452, 51, 0, 0
384, 97, 0, 5, 0, 0, 0.08%, 0, 0, 1, 35.18, 13634, 51, 0, 0
389, 98, 0, 5, 0, 0, 0.08%, 0, 0, 1, 35.33, 13816, 51, 0, 0
394, 99, 0, 5, 0, 0, 0.08%, 0, 0, 1, 35.69, 14000, 51, 0, 0
400, 101, 0, 5, 0, 0, 0.08%, 0, 0, 1, 35.81, 14184, 51, 0, 0
405, 102, 1, 5, 0, 0, 0.08%, 0, 0, 1, 35.49, 14366, 51, 0, 0
410, 103, 1, 5, 0, 0, 0.08%, 0, 0, 1, 35.43, 14549, 51, 0, 0
415, 104, 0, 5, 0, 0, 0.08%, 0, 0, 1, 35.41, 14732, 51, 0, 0
420, 106, 0, 5, 0, 0, 0.08%, 0, 0, 1, 35.34, 14913, 51, 0, 0
425, 107, 0, 5, 0, 0, 0.08%, 0, 0, 1, 35.07, 15095, 51, 0, 0
430, 108, 1, 5, 0, 0, 0.08%, 0, 0, 1, 35.59, 15278, 51, 0, 0
436, 110, 0, 5, 0, 0, 0.08%, 0, 0, 1, 35.72, 15462, 51, 0, 0
441, 111, 0, 5, 0, 0, 0.08%, 0, 0, 1, 35.83, 15646, 51, 0, 0
446, 112, 0, 5, 0, 0, 0.08%, 0, 0, 1, 35.91, 15830, 51, 0, 0
451, 114, 0, 5, 0, 0, 0.08%, 0, 0, 1, 33.58, 16000, 51, 0, 0
456, 115, 0, 5, 0, 0, 0.08%, 0, 0, 1, 34.30, 16171, 51, 0, 0
461, 116, 0, 5, 0, 0, 0.08%, 0, 0, 1, 35.02, 16350, 51, 0, 0
466, 117, 0, 5, 0, 0, 0.08%, 0, 0, 1, 35.12, 16533, 51, 0, 0
471, 119, 0, 5, 0, 0, 0.08%, 0, 0, 1, 35.16, 16709, 51, 0, 0
476, 120, 0, 5, 0, 0, 0.08%, 0, 0, 1, 35.36, 16891, 51, 0, 0
481, 121, 0, 5, 0, 0, 0.08%, 0, 0, 1, 34.11, 17064, 51, 0, 0
487, 122, 0, 5, 0, 0, 0.08%, 0, 0, 1, 33.91, 17234, 51, 0, 0
492, 124, 0, 5, 0, 0, 0.08%, 0, 0, 1, 34.70, 17409, 51, 0, 0
497, 125, 0, 5, 0, 0, 0.08%, 0, 0, 1, 34.79, 17586, 51, 0, 0
502, 126, 0, 5, 0, 0, 0.08%, 0, 0, 1, 35.19, 17767, 51, 0, 0
507, 127, 0, 5, 0, 0, 0.08%, 0, 0, 1, 35.63, 17951, 51, 0, 0
512, 129, 1, 5, 0, 0, 0.08%, 0, 0, 1, 35.64, 18133, 51, 0, 0
517, 130, 0, 5, 0, 0, 0.08%, 0, 0, 1, 35.19, 18314, 51, 0, 0
522, 131, 1, 5, 0, 0, 0.08%, 0, 0, 1, 34.94, 18492, 51, 0, 0
527, 133, 1, 5, 0, 0, 0.08%, 0, 0, 1, 34.88, 18670, 51, 0, 0
533, 134, 0, 5, 0, 0, 0.08%, 0, 0, 1, 34.93, 18851, 51, 0, 0
538, 135, 0, 5, 0, 0, 0.08%, 0, 0, 1, 34.82, 19028, 51, 0, 0
543, 136, 0, 5, 0, 0, 0.08%, 0, 0, 1, 35.14, 19208, 51, 0, 0
548, 138, 0, 5, 0, 0, 0.08%, 0, 0, 1, 35.25, 19388, 51, 0, 0
553, 139, 0, 5, 0, 0, 0.08%, 0, 0, 1, 35.30, 19569, 51, 0, 0
558, 140, 1, 5, 0, 0, 0.08%, 0, 0, 1, 35.33, 19749, 51, 0, 0
563, 142, 1, 5, 0, 0, 0.08%, 0, 0, 1, 35.37, 19932, 51, 0, 0
568, 143, 0, 5, 0, 0, 0.08%, 0, 0, 1, 35.74, 20115, 51, 0, 0
573, 144, 0, 5, 0, 0, 0.08%, 0, 0, 1, 35.80, 20299, 51, 0, 0
579, 146, 0, 5, 0, 0, 0.08%, 0, 0, 1, 35.45, 20479, 51, 0, 0
584, 147, 0, 5, 0, 0, 0.08%, 0, 0, 1, 35.43, 20662, 51, 0, 0
589, 148, 0, 5, 0, 0, 0.08%, 0, 0, 1, 35.19, 20844, 51, 0, 0
594, 149, 1, 5, 0, 0, 0.08%, 0, 0, 1, 35.14, 21027, 51, 0, 0
599, 151, 1, 5, 0, 0, 0.08%, 0, 0, 1, 35.23, 21211, 51, 0, 0
605, 152, 1, 5, 0, 0, 0.08%, 0, 0, 1, 35.39, 21394, 51, 0, 0
610, 153, 1, 5, 0, 0, 0.08%, 0, 0, 1, 35.47, 21578, 51, 0, 0
615, 155, 0, 5, 0, 0, 0.08%, 0, 0, 1, 35.44, 21762, 51, 0, 0
620, 156, 0, 5, 0, 0, 0.08%, 0, 0, 1, 35.49, 21946, 51, 0, 0
625, 157, 0, 5, 0, 0, 0.08%, 0, 0, 1, 35.43, 22128, 51, 0, 0
630, 159, 1, 5, 0, 0, 0.08%, 0, 0, 1, 35.44, 22312, 51, 0, 0
636, 160, 0, 5, 0, 0, 0.08%, 0, 0, 1, 35.59, 22496, 51, 0, 0
641, 161, 0, 5, 0, 0, 0.08%, 0, 0, 1, 35.75, 22680, 51, 0, 0
646, 163, 0, 5, 0, 0, 0.08%, 0, 0, 1, 35.56, 22863, 51, 0, 0
651, 164, 0, 5, 0, 0, 0.08%, 0, 0, 1, 35.50, 23047, 51, 0, 0
656, 165, 0, 5, 0, 0, 0.08%, 0, 0, 1, 35.46, 23228, 51, 0, 0
661, 166, 1, 5, 0, 0, 0.08%, 0, 0, 1, 35.59, 23412, 51, 0, 0
666, 168, 0, 5, 0, 0, 0.08%, 0, 0, 1, 35.60, 23596, 51, 0, 0
672, 169, 0, 5, 0, 0, 0.08%, 0, 0, 1, 35.68, 23780, 51, 0, 0
677, 170, 0, 5, 0, 0, 0.08%, 0, 0, 1, 35.58, 23963, 51, 0, 0
682, 172, 0, 5, 0, 0, 0.08%, 0, 0, 1, 35.25, 24140, 51, 0, 0
687, 173, 0, 5, 0, 0, 0.08%, 0, 0, 1, 35.30, 24317, 51, 0, 0
692, 174, 0, 5, 0, 0, 0.08%, 0, 0, 1, 35.70, 24499, 51, 0, 0
697, 176, 0, 5, 0, 0, 0.08%, 0, 0, 1, 35.65, 24682, 51, 0, 0
702, 177, 0, 5, 0, 0, 0.08%, 0, 0, 1, 35.55, 24864, 51, 0, 0
707, 178, 0, 5, 0, 0, 0.08%, 0, 0, 1, 35.40, 25046, 51, 0, 0
712, 179, 1, 5, 0, 0, 0.08%, 0, 0, 1, 35.03, 25222, 51, 0, 0
718, 181, 0, 5, 0, 0, 0.08%, 0, 0, 1, 35.30, 25404, 51, 0, 0
723, 182, 0, 5, 0, 0, 0.08%, 0, 0, 1, 35.31, 25582, 51, 0, 0
728, 183, 0, 5, 0, 0, 0.08%, 0, 0, 1, 35.33, 25764, 51, 0, 0
733, 185, 0, 5, 0, 0, 0.08%, 0, 0, 1, 35.28, 25944, 51, 0, 0
738, 186, 0, 5, 0, 0, 0.08%, 0, 0, 1, 35.39, 26127, 51, 0, 0
743, 187, 1, 5, 0, 0, 0.08%, 0, 0, 1, 35.69, 26311, 51, 0, 0
748, 188, 1, 5, 0, 0, 0.08%, 0, 0, 1, 35.54, 26493, 51, 0, 0
753, 190, 0, 5, 0, 0, 0.08%, 0, 0, 1, 35.70, 26677, 51, 0, 0
759, 191, 0, 5, 0, 0, 0.08%, 0, 0, 1, 35.71, 26861, 51, 0, 0
764, 192, 0, 5, 0, 0, 0.08%, 0, 0, 1, 35.53, 27045, 51, 0, 0
769, 194, 0, 5, 0, 0, 0.08%, 0, 0, 1, 35.46, 27228, 51, 0, 0
774, 195, 0, 5, 0, 0, 0.08%, 0, 0, 1, 35.55, 27412, 51, 0, 0
779, 196, 0, 5, 0, 0, 0.08%, 0, 0, 1, 35.34, 27594, 51, 0, 0
784, 198, 1, 5, 0, 0, 0.08%, 0, 0, 1, 35.45, 27778, 51, 0, 0
790, 199, 0, 5, 0, 0, 0.08%, 0, 0, 1, 35.56, 27962, 51, 0, 0
795, 200, 0, 5, 0, 0, 0.08%, 0, 0, 1, 35.56, 28146, 51, 0, 0
800, 202, 0, 5, 0, 0, 0.08%, 0, 0, 1, 35.57, 28330, 51, 0, 0
805, 203, 0, 5, 0, 0, 0.08%, 0, 0, 1, 35.76, 28514, 51, 0, 0
810, 204, 0, 5, 0, 0, 0.08%, 0, 0, 1, 35.76, 28698, 51, 0, 0
815, 206, 0, 5, 0, 0, 0.08%, 0, 0, 1, 35.66, 28882, 51, 0, 0
821, 207, 1, 5, 0, 0, 0.08%, 0, 0, 1, 35.68, 29066, 51, 0, 0
826, 208, 0, 5, 0, 0, 0.08%, 0, 0, 1, 35.70, 29250, 51, 0, 0
831, 209, 0, 5, 0, 0, 0.08%, 0, 0, 1, 35.29, 29427, 51, 0, 0
836, 211, 0, 5, 0, 0, 0.08%, 0, 0, 1, 35.04, 29603, 51, 0, 0
841, 212, 0, 5, 0, 0, 0.08%, 0, 0, 1, 35.21, 29786, 51, 0, 0
846, 213, 0, 5, 0, 0, 0.08%, 0, 0, 1, 35.23, 29966, 51, 0, 0
851, 215, 0, 5, 0, 0, 0.08%, 0, 0, 1, 35.37, 30150, 51, 0, 0
856, 216, 0, 5, 0, 0, 0.08%, 0, 0, 1, 35.28, 30330, 51, 0, 0
862, 217, 0, 5, 0, 0, 0.08%, 0, 0, 1, 35.32, 30513, 51, 0, 0
867, 218, 0, 5, 0, 0, 0.08%, 0, 0, 1, 35.45, 30694, 51, 0, 0
872, 220, 1, 5, 0, 0, 0.08%, 0, 0, 1, 35.49, 30877, 51, 0, 0
877, 221, 0, 5, 0, 0, 0.08%, 0, 0, 1, 35.56, 31061, 51, 0, 0
882, 222, 0, 5, 0, 0, 0.08%, 0, 0, 1, 35.78, 31245, 51, 0, 0
887, 224, 0, 5, 0, 0, 0.08%, 0, 0, 1, 35.16, 31423, 51, 0, 0
892, 225, 0, 5, 0, 0, 0.08%, 0, 0, 1, 34.11, 31595, 51, 0, 0
897, 226, 0, 5, 0, 0, 0.08%, 0, 0, 1, 0.00, 31766, 51, 0, 0
