# relative_time, cycles_done, cur_item, corpus_count, pending_total, pending_favs, map_size, saved_crashes, saved_hangs, max_depth, execs_per_sec, total_execs, edges_found, total_crashes, servers_count
60, 13, 0, 5, 0, 0, 0.08%, 0, 0, 1, 30.87, 1894, 52, 0, 0
65, 14, 0, 5, 0, 0, 0.08%, 0, 0, 1, 30.90, 2055, 52, 0, 0
71, 15, 1, 5, 0, 0, 0.08%, 0, 0, 1, 30.88, 2216, 52, 0, 0
76, 16, 0, 5, 0, 0, 0.08%, 0, 0, 1, 30.90, 2377, 52, 0, 0
81, 17, 1, 5, 0, 0, 0.08%, 0, 0, 1, 31.10, 2538, 52, 0, 0
86, 19, 0, 5, 0, 0, 0.08%, 0, 0, 1, 31.27, 2699, 52, 0, 0
91, 20, 0, 5, 0, 0, 0.08%, 0, 0, 1, 31.34, 2860, 52, 0, 0
96, 21, 0, 5, 0, 0, 0.08%, 0, 0, 1, 31.34, 3021, 52, 0, 0
101, 22, 0, 5, 0, 0, 0.08%, 0, 0, 1, 31.42, 3182, 52, 0, 0
107, 23, 1, 5, 0, 0, 0.08%, 0, 0, 1, 31.12, 3343, 52, 0, 0
112, 24, 0, 5, 0, 0, 0.08%, 0, 0, 1, 30.57, 3497, 52, 0, 0
117, 25, 0, 5, 0, 0, 0.08%, 0, 0, 1, 30.43, 3651, 52, 0, 0
122, 26, 0, 5, 0, 0, 0.08%, 0, 0, 1, 30.65, 3805, 52, 0, 0
127, 28, 0, 5, 0, 0, 0.08%, 0, 0, 1, 31.38, 3966, 52, 0, 0
132, 29, 0, 5, 0, 0, 0.08%, 0, 0, 1, 31.64, 4127, 52, 0, 0
137, 30, 0, 5, 0, 0, 0.08%, 0, 0, 1, 31.57, 4287, 52, 0, 0
142, 31, 0, 5, 0, 0, 0.08%, 0, 0, 1, 31.44, 4448, 52, 0, 0
147, 32, 0, 5, 0, 0, 0.08%, 0, 0, 1, 31.16, 4609, 52, 0, 0
152, 33, 0, 5, 0, 0, 0.08%, 0, 0, 1, 31.51, 4770, 52, 0, 0
158, 34, 0, 5, 0, 0, 0.08%, 0, 0, 1, 31.54, 4931, 52, 0, 0
163, 36, 0, 5, 0, 0, 0.08%, 0, 0, 1, 31.66, 5092, 52, 0, 0
168, 37, 0, 5, 0, 0, 0.08%, 0, 0, 1, 31.64, 5252, 52, 0, 0
173, 38, 0, 5, 0, 0, 0.08%, 0, 0, 1, 31.68, 5413, 52, 0, 0
178, 39, 0, 5, 0, 0, 0.08%, 0, 0, 1, 31.76, 5574, 52, 0, 0
183, 40, 0, 5, 0, 0, 0.08%, 0, 0, 1, 31.80, 5735, 52, 0, 0
188, 41, 0, 5, 0, 0, 0.08%, 0, 0, 1, 31.78, 5896, 52, 0, 0
193, 42, 0, 5, 0, 0, 0.08%, 0, 0, 1, 31.75, 6057, 52, 0, 0
198, 44, 0, 5, 0, 0, 0.08%, 0, 0, 1, 31.70, 6218, 52, 0, 0
203, 45, 1, 5, 0, 0, 0.08%, 0, 0, 1, 31.76, 6379, 52, 0, 0
208, 46, 1, 5, 0, 0, 0.08%, 0, 0, 1, 31.76, 6540, 52, 0, 0
213, 47, 0, 5, 0, 0, 0.08%, 0, 0, 1, 31.75, 6701, 52, 0, 0
218, 48, 1, 5, 0, 0, 0.08%, 0, 0, 1, 31.75, 6862, 52, 0, 0
224, 49, 0, 5, 0, 0, 0.08%, 0, 0, 1, 31.80, 7023, 52, 0, 0
229, 51, 0, 5, 0, 0, 0.08%, 0, 0, 1, 30.73, 7181, 52, 0, 0
234, 52, 0, 5, 0, 0, 0.08%, 0, 0, 1, 30.35, 7337, 52, 0, 0
239, 53, 0, 5, 0, 0, 0.08%, 0, 0, 1, 30.26, 7495, 52, 0, 0
244, 54, 0, 5, 0, 0, 0.08%, 0, 0, 1, 30.32, 7648, 52, 0, 0
249, 55, 0, 5, 0, 0, 0.08%, 0, 0, 1, 30.53, 7802, 52, 0, 0
254, 56, 1, 5, 0, 0, 0.08%, 0, 0, 1, 30.63, 7956, 52, 0, 0
259, 57, 0, 5, 0, 0, 0.08%, 0, 0, 1, 30.99, 8117, 52, 0, 0
265, 58, 1, 5, 0, 0, 0.08%, 0, 0, 1, 31.24, 8278, 52, 0, 0
270, 60, 0, 5, 0, 0, 0.08%, 0, 0, 1, 31.33, 8439, 52, 0, 0
275, 61, 0, 5, 0, 0, 0.08%, 0, 0, 1, 31.76, 8600, 52, 0, 0
280, 62, 0, 5, 0, 0, 0.08%, 0, 0, 1, 31.95, 8761, 52, 0, 0
285, 63, 0, 5, 0, 0, 0.08%, 0, 0, 1, 32.01, 8922, 52, 0, 0
290, 64, 0, 5, 0, 0, 0.08%, 0, 0, 1, 32.03, 9083, 52, 0, 0
295, 65, 0, 5, 0, 0, 0.08%, 0, 0, 1, 31.25, 9244, 52, 0, 0
300, 66, 0, 5, 0, 0, 0.08%, 0, 0, 1, 30.97, 9405, 52, 0, 0
305, 68, 0, 5, 0, 0, 0.08%, 0, 0, 1, 30.87, 9566, 52, 0, 0
311, 69, 0, 5, 0, 0, 0.08%, 0, 0, 1, 31.20, 9727, 52, 0, 0
316, 70, 0, 5, 0, 0, 0.08%, 0, 0, 1, 31.36, 9888, 52, 0, 0
321, 71, 1, 5, 0, 0, 0.08%, 0, 0, 1, 31.39, 10048, 52, 0, 0
326, 72, 0, 5, 0, 0, 0.08%, 0, 0, 1, 31.80, 10209, 52, 0, 0
331, 73, 0, 5, 0, 0, 0.08%, 0, 0, 1, 31.85, 10370, 52, 0, 0
336, 74, 0, 5, 0, 0, 0.08%, 0, 0, 1, 31.80, 10531, 52, 0, 0
341, 76, 1, 5, 0, 0, 0.08%, 0, 0, 1, 31.80, 10692, 52, 0, 0
346, 77, 0, 5, 0, 0, 0.08%, 0, 0, 1, 31.79, 10853, 52, 0, 0
351, 78, 0, 5, 0, 0, 0.08%, 0, 0, 1, 31.85, 11014, 52, 0, 0
356, 79, 0, 5, 0, 0, 0.08%, 0, 0, 1, 31.81, 11175, 52, 0, 0
361, 80, 0, 5, 0, 0, 0.08%, 0, 0, 1, 31.51, 11336, 52, 0, 0
366, 81, 0, 5, 0, 0, 0.08%, 0, 0, 1, 31.45, 11497, 52, 0, 0
372, 83, 0, 5, 0, 0, 0.08%, 0, 0, 1, 31.49, 11658, 52, 0, 0
377, 84, 0, 5, 0, 0, 0.08%, 0, 0, 1, 31.43, 11819, 52, 0, 0
382, 85, 0, 5, 0, 0, 0.08%, 0, 0, 1, 31.22, 11980, 52, 0, 0
387, 86, 0, 5, 0, 0, 0.08%, 0, 0, 1, 31.18, 12141, 52, 0, 0
392, 87, 0, 5, 0, 0, 0.08%, 0, 0, 1, 31.17, 12302, 52, 0, 0
397, 88, 0, 5, 0, 0, 0.08%, 0, 0, 1, 31.35, 12463, 52, 0, 0
403, 89, 0, 5, 0, 0, 0.08%, 0, 0, 1, 30.91, 12624, 52, 0, 0
408, 91, 0, 5, 0, 0, 0.08%, 0, 0, 1, 30.82, 12778, 52, 0, 0
413, 92, 0, 5, 0, 0, 0.08%, 0, 0, 1, 30.82, 12939, 52, 0, 0
418, 93, 0, 5, 0, 0, 0.08%, 0, 0, 1, 30.94, 13100, 52, 0, 0
423, 94, 0, 5, 0, 0, 0.08%, 0, 0, 1, 30.96, 13261, 52, 0, 0
428, 95, 0, 5, 0, 0, 0.08%, 0, 0, 1, 30.95, 13422, 52, 0, 0
433, 96, 0, 5, 0, 0, 0.08%, 0, 0, 1, 30.74, 13576, 52, 0, 0
439, 97, 0, 5, 0, 0, 0.08%, 0, 0, 1, 30.68, 13736, 52, 0, 0
444, 98, 0, 5, 0, 0, 0.08%, 0, 0, 1, 30.65, 13890, 52, 0, 0
449, 100, 0, 5, 0, 0, 0.08%, 0, 0, 1, 30.67, 14044, 52, 0, 0
454, 101, 0, 5, 0, 0, 0.08%, 0, 0, 1, 30.66, 14198, 52, 0, 0
459, 102, 0, 5, 0, 0, 0.08%, 0, 0, 1, 30.67, 14352, 52, 0, 0
464, 103, 0, 5, 0, 0, 0.08%, 0, 0, 1, 30.68, 14506, 52, 0, 0
469, 104, 1, 5, 0, 0, 0.08%, 0, 0, 1, 30.62, 14666, 52, 0, 0
474, 105, 0, 5, 0, 0, 0.08%, 0, 0, 1, 30.67, 14820, 52, 0, 0
479, 106, 0, 5, 0, 0, 0.08%, 0, 0, 1, 30.65, 14980, 52, 0, 0
484, 107, 0, 5, 0, 0, 0.08%, 0, 0, 1, 30.72, 15134, 52, 0, 0
489, 108, 0, 5, 0, 0, 0.08%, 0, 0, 1, 30.70, 15288, 52, 0, 0
494, 110, 0, 5, 0, 0, 0.08%, 0, 0, 1, 30.71, 15442, 52, 0, 0
499, 111, 0, 5, 0, 0, 0.08%, 0, 0, 1, 30.58, 15595, 52, 0, 0
504, 112, 0, 5, 0, 0, 0.08%, 0, 0, 1, 30.60, 15749, 52, 0, 0
509, 113, 1, 5, 0, 0, 0.08%, 0, 0, 1, 30.61, 15903, 52, 0, 0
514, 114, 0, 5, 0, 0, 0.08%, 0, 0, 1, 30.76, 16057, 52, 0, 0
520, 115, 0, 5, 0, 0, 0.08%, 0, 0, 1, 30.83, 16218, 52, 0, 0
525, 116, 1, 5, 0, 0, 0.08%, 0, 0, 1, 30.85, 16379, 52, 0, 0
530, 117, 0, 5, 0, 0, 0.08%, 0, 0, 1, 30.67, 16533, 52, 0, 0
535, 118, 0, 5, 0, 0, 0.08%, 0, 0, 1, 30.64, 16687, 52, 0, 0
540, 120, 0, 5, 0, 0, 0.08%, 0, 0, 1, 30.67, 16841, 52, 0, 0
545, 121, 0, 5, 0, 0, 0.08%, 0, 0, 1, 30.67, 16995, 52, 0, 0
550, 122, 0, 5, 0, 0, 0.08%, 0, 0, 1, 30.63, 17149, 52, 0, 0
555, 123, 0, 5, 0, 0, 0.08%, 0, 0, 1, 30.59, 17303, 52, 0, 0
560, 124, 0, 5, 0, 0, 0.08%, 0, 0, 1, 30.60, 17457, 52, 0, 0
565, 125, 0, 5, 0, 0, 0.08%, 0, 0, 1, 30.63, 17611, 52, 0, 0
570, 126, 0, 5, 0, 0, 0.08%, 0, 0, 1, 30.61, 17765, 52, 0, 0
575, 127, 0, 5, 0, 0, 0.08%, 0, 0, 1, 31.38, 17926, 52, 0, 0
580, 128, 1, 5, 0, 0, 0.08%, 0, 0, 1, 31.48, 18087, 52, 0, 0
585, 130, 0, 5, 0, 0, 0.08%, 0, 0, 1, 31.60, 18248, 52, 0, 0
590, 131, 0, 5, 0, 0, 0.08%, 0, 0, 1, 31.57, 18409, 52, 0, 0
596, 132, 0, 5, 0, 0, 0.08%, 0, 0, 1, 31.47, 18570, 52, 0, 0
601, 133, 0, 5, 0, 0, 0.08%, 0, 0, 1, 31.45, 18731, 52, 0, 0
606, 134, 0, 5, 0, 0, 0.08%, 0, 0, 1, 31.48, 18892, 52, 0, 0
611, 135, 0, 5, 0, 0, 0.08%, 0, 0, 1, 31.47, 19053, 52, 0, 0
616, 136, 0, 5, 0, 0, 0.08%, 0, 0, 1, 31.54, 19214, 52, 0, 0
621, 138, 0, 5, 0, 0, 0.08%, 0, 0, 1, 31.91, 19375, 52, 0, 0
626, 139, 0, 5, 0, 0, 0.08%, 0, 0, 1, 31.50, 19536, 52, 0, 0
631, 140, 1, 5, 0, 0, 0.08%, 0, 0, 1, 31.37, 19697, 52, 0, 0
636, 141, 0, 5, 0, 0, 0.08%, 0, 0, 1, 31.41, 19858, 52, 0, 0
641, 142, 0, 5, 0, 0, 0.08%, 0, 0, 1, 31.69, 20019, 52, 0, 0
647, 143, 0, 5, 0, 0, 0.08%, 0, 0, 1, 31.64, 20180, 52, 0, 0
652, 145, 0, 5, 0, 0, 0.08%, 0, 0, 1, 31.50, 20341, 52, 0, 0
657, 146, 0, 5, 0, 0, 0.08%, 0, 0, 1, 31.55, 20502, 52, 0, 0
662, 147, 1, 5, 0, 0, 0.08%, 0, 0, 1, 31.55, 20663, 52, 0, 0
667, 148, 1, 5, 0, 0, 0.08%, 0, 0, 1, 31.58, 20824, 52, 0, 0
672, 149, 0, 5, 0, 0, 0.08%, 0, 0, 1, 31.60, 20985, 52, 0, 0
677, 150, 0, 5, 0, 0, 0.08%, 0, 0, 1, 31.56, 21146, 52, 0, 0
682, 151, 0, 5, 0, 0, 0.08%, 0, 0, 1, 31.83, 21307, 52, 0, 0
687, 153, 0, 5, 0, 0, 0.08%, 0, 0, 1, 31.86, 21468, 52, 0, 0
692, 154, 0, 5, 0, 0, 0.08%, 0, 0, 1, 31.89, 21629, 52, 0, 0
697, 155, 0, 5, 0, 0, 0.08%, 0, 0, 1, 31.92, 21790, 52, 0, 0
703, 156, 0, 5, 0, 0, 0.08%, 0, 0, 1, 31.10, 21950, 52, 0, 0
708, 157, 0, 5, 0, 0, 0.08%, 0, 0, 1, 31.71, 22111, 52, 0, 0
713, 158, 0, 5, 0, 0, 0.08%, 0, 0, 1, 31.85, 22272, 52, 0, 0
718, 159, 0, 5, 0, 0, 0.08%, 0, 0, 1, 31.83, 22433, 52, 0, 0
723, 161, 0, 5, 0, 0, 0.08%, 0, 0, 1, 31.85, 22594, 52, 0, 0
728, 162, 0, 5, 0, 0, 0.08%, 0, 0, 1, 31.90, 22755, 52, 0, 0
733, 163, 0, 5, 0, 0, 0.08%, 0, 0, 1, 31.85, 22916, 52, 0, 0
738, 164, 1, 5, 0, 0, 0.08%, 0, 0, 1, 31.87, 23077, 52, 0, 0
743, 165, 0, 5, 0, 0, 0.08%, 0, 0, 1, 31.92, 23238, 52, 0, 0
748, 166, 0, 5, 0, 0, 0.08%, 0, 0, 1, 31.87, 23399, 52, 0, 0
753, 168, 0, 5, 0, 0, 0.08%, 0, 0, 1, 31.62, 23560, 52, 0, 0
758, 169, 0, 5, 0, 0, 0.08%, 0, 0, 1, 31.54, 23721, 52, 0, 0
763, 170, 0, 5, 0, 0, 0.08%, 0, 0, 1, 31.50, 23882, 52, 0, 0
768, 171, 1, 5, 0, 0, 0.08%, 0, 0, 1, 31.45, 24043, 52, 0, 0
774, 172, 0, 5, 0, 0, 0.08%, 0, 0, 1, 31.42, 24204, 52, 0, 0
779, 173, 0, 5, 0, 0, 0.08%, 0, 0, 1, 31.49, 24365, 52, 0, 0
784, 174, 1, 5, 0, 0, 0.08%, 0, 0, 1, 31.58, 24526, 52, 0, 0
789, 176, 0, 5, 0, 0, 0.08%, 0, 0, 1, 31.64, 24687, 52, 0, 0
794, 177, 0, 5, 0, 0, 0.08%, 0, 0, 1, 31.79, 24848, 52, 0, 0
799, 178, 0, 5, 0, 0, 0.08%, 0, 0, 1, 31.80, 25009, 52, 0, 0
804, 179, 0, 5, 0, 0, 0.08%, 0, 0, 1, 31.75, 25170, 52, 0, 0
809, 180, 0, 5, 0, 0, 0.08%, 0, 0, 1, 31.64, 25331, 52, 0, 0
814, 181, 0, 5, 0, 0, 0.08%, 0, 0, 1, 31.67, 25492, 52, 0, 0
819, 182, 0, 5, 0, 0, 0.08%, 0, 0, 1, 31.66, 25653, 52, 0, 0
824, 184, 0, 5, 0, 0, 0.08%, 0, 0, 1, 31.60, 25814, 52, 0, 0
830, 185, 0, 5, 0, 0, 0.08%, 0, 0, 1, 31.58, 25975, 52, 0, 0
835, 186, 0, 5, 0, 0, 0.08%, 0, 0, 1, 31.61, 26136, 52, 0, 0
840, 187, 0, 5, 0, 0, 0.08%, 0, 0, 1, 31.56, 26297, 52, 0, 0
845, 188, 0, 5, 0, 0, 0.08%, 0, 0, 1, 31.53, 26458, 52, 0, 0
850, 189, 0, 5, 0, 0, 0.08%, 0, 0, 1, 31.46, 26618, 52, 0, 0
855, 191, 1, 5, 0, 0, 0.08%, 0, 0, 1, 31.49, 26779, 52, 0, 0
860, 192, 0, 5, 0, 0, 0.08%, 0, 0, 1, 31.47, 26940, 52, 0, 0
865, 193, 0, 5, 0, 0, 0.08%, 0, 0, 1, 31.72, 27101, 52, 0, 0
870, 194, 0, 5, 0, 0, 0.08%, 0, 0, 1, 31.73, 27262, 52, 0, 0
875, 195, 0, 5, 0, 0, 0.08%, 0, 0, 1, 31.71, 27423, 52, 0, 0
880, 196, 0, 5, 0, 0, 0.08%, 0, 0, 1, 31.83, 27584, 52, 0, 0
885, 197, 0, 5, 0, 0, 0.08%, 0, 0, 1, 31.98, 27745, 52, 0, 0
891, 199, 0, 5, 0, 0, 0.08%, 0, 0, 1, 31.88, 27906, 52, 0, 0
896, 200, 0, 5, 0, 0, 0.08%, 0, 0, 1, 31.77, 28067, 52, 0, 0
897, 200, 1, 5, 0, 0, 0.08%, 0, 0, 1, 31.03, 28110, 52, 0, 0
