# relative_time, cycles_done, cur_item, corpus_count, pending_total, pending_favs, map_size, saved_crashes, saved_hangs, max_depth, execs_per_sec, total_execs, edges_found, total_crashes, servers_count
61, 12, 1, 5, 0, 0, 0.08%, 0, 0, 1, 29.18, 1828, 52, 0, 0
66, 13, 1, 5, 0, 0, 0.08%, 0, 0, 1, 29.27, 1978, 52, 0, 0
71, 14, 1, 5, 0, 0, 0.08%, 0, 0, 1, 29.31, 2128, 52, 0, 0
76, 16, 1, 5, 0, 0, 0.08%, 0, 0, 1, 29.25, 2278, 52, 0, 0
82, 17, 1, 5, 0, 0, 0.08%, 0, 0, 1, 29.17, 2428, 52, 0, 0
87, 18, 1, 5, 0, 0, 0.08%, 0, 0, 1, 29.28, 2578, 52, 0, 0
92, 19, 1, 5, 0, 0, 0.08%, 0, 0, 1, 29.49, 2728, 52, 0, 0
97, 20, 1, 5, 0, 0, 0.08%, 0, 0, 1, 27.58, 2873, 52, 0, 0
102, 21, 1, 5, 0, 0, 0.08%, 0, 0, 1, 28.78, 3015, 52, 0, 0
107, 22, 1, 5, 0, 0, 0.08%, 0, 0, 1, 29.21, 3165, 52, 0, 0
112, 23, 1, 5, 0, 0, 0.08%, 0, 0, 1, 29.48, 3316, 52, 0, 0
117, 24, 0, 5, 0, 0, 0.08%, 0, 0, 1, 29.16, 3466, 52, 0, 0
122, 25, 1, 5, 0, 0, 0.08%, 0, 0, 1, 28.88, 3616, 52, 0, 0
128, 26, 1, 5, 0, 0, 0.08%, 0, 0, 1, 29.13, 3766, 52, 0, 0
133, 27, 1, 5, 0, 0, 0.08%, 0, 0, 1, 29.29, 3916, 52, 0, 0
138, 28, 1, 5, 0, 0, 0.08%, 0, 0, 1, 29.30, 4066, 52, 0, 0
143, 29, 0, 5, 0, 0, 0.08%, 0, 0, 1, 29.53, 4216, 52, 0, 0
148, 30, 1, 5, 0, 0, 0.08%, 0, 0, 1, 29.64, 4366, 52, 0, 0
153, 31, 1, 5, 0, 0, 0.08%, 0, 0, 1, 29.70, 4516, 52, 0, 0
158, 33, 1, 5, 0, 0, 0.08%, 0, 0, 1, 29.70, 4666, 52, 0, 0
163, 34, 1, 5, 0, 0, 0.08%, 0, 0, 1, 29.69, 4816, 52, 0, 0
168, 35, 1, 5, 0, 0, 0.08%, 0, 0, 1, 29.49, 4966, 52, 0, 0
173, 36, 1, 5, 0, 0, 0.08%, 0, 0, 1, 29.34, 5116, 52, 0, 0
178, 37, 1, 5, 0, 0, 0.08%, 0, 0, 1, 29.64, 5266, 52, 0, 0
183, 38, 1, 5, 0, 0, 0.08%, 0, 0, 1, 29.63, 5416, 52, 0, 0
189, 39, 0, 5, 0, 0, 0.08%, 0, 0, 1, 29.64, 5566, 52, 0, 0
194, 40, 1, 5, 0, 0, 0.08%, 0, 0, 1, 29.65, 5716, 52, 0, 0
199, 41, 1, 5, 0, 0, 0.08%, 0, 0, 1, 29.65, 5866, 52, 0, 0
204, 42, 1, 5, 0, 0, 0.08%, 0, 0, 1, 29.67, 6016, 52, 0, 0
209, 43, 1, 5, 0, 0, 0.08%, 0, 0, 1, 29.51, 6166, 52, 0, 0
214, 44, 1, 5, 0, 0, 0.08%, 0, 0, 1, 29.43, 6316, 52, 0, 0
219, 45, 1, 5, 0, 0, 0.08%, 0, 0, 1, 29.17, 6466, 52, 0, 0
224, 46, 1, 5, 0, 0, 0.08%, 0, 0, 1, 29.18, 6616, 52, 0, 0
229, 48, 1, 5, 0, 0, 0.08%, 0, 0, 1, 29.30, 6766, 52, 0, 0
234, 49, 1, 5, 0, 0, 0.08%, 0, 0, 1, 29.26, 6917, 52, 0, 0
240, 50, 0, 5, 0, 0, 0.08%, 0, 0, 1, 29.29, 7067, 52, 0, 0
245, 51, 1, 5, 0, 0, 0.08%, 0, 0, 1, 29.36, 7217, 52, 0, 0
250, 52, 0, 5, 0, 0, 0.08%, 0, 0, 1, 29.25, 7367, 52, 0, 0
255, 53, 1, 5, 0, 0, 0.08%, 0, 0, 1, 29.20, 7517, 52, 0, 0
260, 54, 1, 5, 0, 0, 0.08%, 0, 0, 1, 29.20, 7667, 52, 0, 0
265, 55, 1, 5, 0, 0, 0.08%, 0, 0, 1, 29.20, 7817, 52, 0, 0
270, 56, 1, 5, 0, 0, 0.08%, 0, 0, 1, 29.17, 7967, 52, 0, 0
276, 57, 1, 5, 0, 0, 0.08%, 0, 0, 1, 29.15, 8117, 52, 0, 0
281, 58, 1, 5, 0, 0, 0.08%, 0, 0, 1, 29.17, 8267, 52, 0, 0
286, 59, 1, 5, 0, 0, 0.08%, 0, 0, 1, 29.19, 8417, 52, 0, 0
291, 60, 1, 5, 0, 0, 0.08%, 0, 0, 1, 29.23, 8567, 52, 0, 0
296, 61, 1, 5, 0, 0, 0.08%, 0, 0, 1, 29.39, 8717, 52, 0, 0
301, 63, 1, 5, 0, 0, 0.08%, 0, 0, 1, 29.48, 8867, 52, 0, 0
306, 64, 1, 5, 0, 0, 0.08%, 0, 0, 1, 29.56, 9017, 52, 0, 0
311, 65, 1, 5, 0, 0, 0.08%, 0, 0, 1, 29.58, 9167, 52, 0, 0
316, 66, 0, 5, 0, 0, 0.08%, 0, 0, 1, 29.54, 9317, 52, 0, 0
321, 67, 1, 5, 0, 0, 0.08%, 0, 0, 1, 29.26, 9467, 52, 0, 0
327, 68, 0, 5, 0, 0, 0.08%, 0, 0, 1, 29.55, 9617, 52, 0, 0
332, 69, 1, 5, 0, 0, 0.08%, 0, 0, 1, 29.63, 9767, 52, 0, 0
337, 70, 1, 5, 0, 0, 0.08%, 0, 0, 1, 29.74, 9917, 52, 0, 0
342, 71, 1, 5, 0, 0, 0.08%, 0, 0, 1, 29.72, 10067, 52, 0, 0
347, 72, 1, 5, 0, 0, 0.08%, 0, 0, 1, 29.80, 10218, 52, 0, 0
352, 73, 1, 5, 0, 0, 0.08%, 0, 0, 1, 29.76, 10368, 52, 0, 0
357, 74, 1, 5, 0, 0, 0.08%, 0, 0, 1, 29.73, 10518, 52, 0, 0
362, 75, 1, 5, 0, 0, 0.08%, 0, 0, 1, 29.50, 10668, 52, 0, 0
367, 77, 1, 5, 0, 0, 0.08%, 0, 0, 1, 29.37, 10818, 52, 0, 0
372, 78, 1, 5, 0, 0, 0.08%, 0, 0, 1, 29.37, 10968, 52, 0, 0
377, 79, 1, 5, 0, 0, 0.08%, 0, 0, 1, 29.09, 11118, 52, 0, 0
382, 80, 1, 5, 0, 0, 0.08%, 0, 0, 1, 28.98, 11268, 52, 0, 0
388, 81, 1, 5, 0, 0, 0.08%, 0, 0, 1, 29.03, 11418, 52, 0, 0
393, 82, 1, 5, 0, 0, 0.08%, 0, 0, 1, 29.38, 11568, 52, 0, 0
398, 83, 1, 5, 0, 0, 0.08%, 0, 0, 1, 29.45, 11718, 52, 0, 0
403, 84, 1, 5, 0, 0, 0.08%, 0, 0, 1, 29.52, 11868, 52, 0, 0
408, 85, 0, 5, 0, 0, 0.08%, 0, 0, 1, 29.50, 12018, 52, 0, 0
413, 86, 1, 5, 0, 0, 0.08%, 0, 0, 1, 29.41, 12168, 52, 0, 0
418, 87, 1, 5, 0, 0, 0.08%, 0, 0, 1, 29.32, 12318, 52, 0, 0
423, 88, 1, 5, 0, 0, 0.08%, 0, 0, 1, 29.24, 12468, 52, 0, 0
428, 89, 1, 5, 0, 0, 0.08%, 0, 0, 1, 29.23, 12618, 52, 0, 0
434, 90, 1, 5, 0, 0, 0.08%, 0, 0, 1, 29.21, 12768, 52, 0, 0
439, 91, 1, 5, 0, 0, 0.08%, 0, 0, 1, 27.51, 12906, 52, 0, 0
444, 92, 1, 5, 0, 0, 0.08%, 0, 0, 1, 26.95, 13044, 52, 0, 0
449, 93, 0, 5, 0, 0, 0.08%, 0, 0, 1, 26.89, 13182, 52, 0, 0
454, 94, 0, 5, 0, 0, 0.08%, 0, 0, 1, 26.72, 13320, 52, 0, 0
459, 95, 1, 5, 0, 0, 0.08%, 0, 0, 1, 26.60, 13458, 52, 0, 0
465, 96, 1, 5, 0, 0, 0.08%, 0, 0, 1, 26.58, 13596, 52, 0, 0
470, 97, 0, 5, 0, 0, 0.08%, 0, 0, 1, 26.67, 13734, 52, 0, 0
475, 98, 1, 5, 0, 0, 0.08%, 0, 0, 1, 27.89, 13878, 52, 0, 0
480, 99, 1, 5, 0, 0, 0.08%, 0, 0, 1, 28.88, 14028, 52, 0, 0
485, 101, 1, 5, 0, 0, 0.08%, 0, 0, 1, 29.36, 14178, 52, 0, 0
490, 102, 1, 5, 0, 0, 0.08%, 0, 0, 1, 29.40, 14328, 52, 0, 0
495, 103, 1, 5, 0, 0, 0.08%, 0, 0, 1, 29.46, 14478, 52, 0, 0
500, 104, 1, 5, 0, 0, 0.08%, 0, 0, 1, 29.47, 14628, 52, 0, 0
506, 105, 1, 5, 0, 0, 0.08%, 0, 0, 1, 29.51, 14778, 52, 0, 0
511, 106, 1, 5, 0, 0, 0.08%, 0, 0, 1, 27.60, 14916, 52, 0, 0
516, 107, 1, 5, 0, 0, 0.08%, 0, 0, 1, 26.82, 15054, 52, 0, 0
521, 108, 1, 5, 0, 0, 0.08%, 0, 0, 1, 26.60, 15192, 52, 0, 0
526, 109, 1, 5, 0, 0, 0.08%, 0, 0, 1, 26.54, 15330, 52, 0, 0
531, 110, 1, 5, 0, 0, 0.08%, 0, 0, 1, 26.38, 15462, 52, 0, 0
536, 111, 0, 5, 0, 0, 0.08%, 0, 0, 1, 26.48, 15600, 52, 0, 0
542, 112, 1, 5, 0, 0, 0.08%, 0, 0, 1, 26.51, 15738, 52, 0, 0
547, 113, 1, 5, 0, 0, 0.08%, 0, 0, 1, 26.57, 15876, 52, 0, 0
552, 114, 0, 5, 0, 0, 0.08%, 0, 0, 1, 28.18, 16020, 52, 0, 0
557, 115, 1, 5, 0, 0, 0.08%, 0, 0, 1, 29.04, 16170, 52, 0, 0
562, 116, 1, 5, 0, 0, 0.08%, 0, 0, 1, 29.20, 16320, 52, 0, 0
567, 117, 1, 5, 0, 0, 0.08%, 0, 0, 1, 29.24, 16470, 52, 0, 0
572, 118, 0, 5, 0, 0, 0.08%, 0, 0, 1, 29.34, 16620, 52, 0, 0
577, 119, 1, 5, 0, 0, 0.08%, 0, 0, 1, 29.39, 16770, 52, 0, 0
583, 120, 1, 5, 0, 0, 0.08%, 0, 0, 1, 28.15, 16914, 52, 0, 0
588, 121, 1, 5, 0, 0, 0.08%, 0, 0, 1, 28.62, 17058, 52, 0, 0
593, 122, 1, 5, 0, 0, 0.08%, 0, 0, 1, 28.92, 17208, 52, 0, 0
598, 123, 1, 5, 0, 0, 0.08%, 0, 0, 1, 29.09, 17358, 52, 0, 0
603, 124, 1, 5, 0, 0, 0.08%, 0, 0, 1, 29.15, 17508, 52, 0, 0
608, 125, 1, 5, 0, 0, 0.08%, 0, 0, 1, 29.10, 17658, 52, 0, 0
613, 126, 1, 5, 0, 0, 0.08%, 0, 0, 1, 29.06, 17808, 52, 0, 0
619, 128, 1, 5, 0, 0, 0.08%, 0, 0, 1, 29.03, 17958, 52, 0, 0
624, 129, 1, 5, 0, 0, 0.08%, 0, 0, 1, 29.18, 18108, 52, 0, 0
629, 130, 1, 5, 0, 0, 0.08%, 0, 0, 1, 29.36, 18258, 52, 0, 0
634, 131, 0, 5, 0, 0, 0.08%, 0, 0, 1, 29.12, 18408, 52, 0, 0
639, 132, 1, 5, 0, 0, 0.08%, 0, 0, 1, 29.08, 18558, 52, 0, 0
644, 133, 1, 5, 0, 0, 0.08%, 0, 0, 1, 29.17, 18708, 52, 0, 0
649, 134, 1, 5, 0, 0, 0.08%, 0, 0, 1, 29.61, 18858, 52, 0, 0
654, 135, 1, 5, 0, 0, 0.08%, 0, 0, 1, 29.40, 19008, 52, 0, 0
660, 136, 1, 5, 0, 0, 0.08%, 0, 0, 1, 29.18, 19158, 52, 0, 0
665, 137, 1, 5, 0, 0, 0.08%, 0, 0, 1, 29.08, 19308, 52, 0, 0
670, 138, 1, 5, 0, 0, 0.08%, 0, 0, 1, 29.07, 19458, 52, 0, 0
675, 139, 0, 5, 0, 0, 0.08%, 0, 0, 1, 29.11, 19608, 52, 0, 0
680, 140, 1, 5, 0, 0, 0.08%, 0, 0, 1, 28.91, 19758, 52, 0, 0
685, 141, 1, 5, 0, 0, 0.08%, 0, 0, 1, 28.97, 19908, 52, 0, 0
691, 143, 1, 5, 0, 0, 0.08%, 0, 0, 1, 28.98, 20058, 52, 0, 0
696, 144, 1, 5, 0, 0, 0.08%, 0, 0, 1, 29.20, 20208, 52, 0, 0
701, 145, 0, 5, 0, 0, 0.08%, 0, 0, 1, 29.21, 20358, 52, 0, 0
706, 146, 1, 5, 0, 0, 0.08%, 0, 0, 1, 29.14, 20508, 52, 0, 0
711, 147, 1, 5, 0, 0, 0.08%, 0, 0, 1, 29.40, 20658, 52, 0, 0
716, 148, 1, 5, 0, 0, 0.08%, 0, 0, 1, 29.52, 20808, 52, 0, 0
721, 149, 0, 5, 0, 0, 0.08%, 0, 0, 1, 29.57, 20958, 52, 0, 0
726, 150, 0, 5, 0, 0, 0.08%, 0, 0, 1, 29.73, 21108, 52, 0, 0
731, 151, 1, 5, 0, 0, 0.08%, 0, 0, 1, 29.76, 21258, 52, 0, 0
736, 152, 1, 5, 0, 0, 0.08%, 0, 0, 1, 29.78, 21408, 52, 0, 0
741, 153, 1, 5, 0, 0, 0.08%, 0, 0, 1, 29.43, 21558, 52, 0, 0
747, 154, 1, 5, 0, 0, 0.08%, 0, 0, 1, 29.14, 21708, 52, 0, 0
752, 155, 1, 5, 0, 0, 0.08%, 0, 0, 1, 29.03, 21858, 52, 0, 0
757, 156, 1, 5, 0, 0, 0.08%, 0, 0, 1, 29.06, 22008, 52, 0, 0
762, 158, 1, 5, 0, 0, 0.08%, 0, 0, 1, 29.27, 22158, 52, 0, 0
767, 159, 1, 5, 0, 0, 0.08%, 0, 0, 1, 29.46, 22308, 52, 0, 0
772, 160, 1, 5, 0, 0, 0.08%, 0, 0, 1, 28.99, 22458, 52, 0, 0
778, 161, 0, 5, 0, 0, 0.08%, 0, 0, 1, 29.29, 22608, 52, 0, 0
783, 162, 1, 5, 0, 0, 0.08%, 0, 0, 1, 29.31, 22758, 52, 0, 0
788, 163, 1, 5, 0, 0, 0.08%, 0, 0, 1, 29.54, 22911, 52, 0, 0
793, 164, 1, 5, 0, 0, 0.08%, 0, 0, 1, 29.45, 23061, 52, 0, 0
798, 165, 1, 5, 0, 0, 0.08%, 0, 0, 1, 29.59, 23211, 52, 0, 0
803, 166, 1, 5, 0, 0, 0.08%, 0, 0, 1, 29.33, 23361, 52, 0, 0
808, 167, 0, 5, 0, 0, 0.08%, 0, 0, 1, 29.29, 23511, 52, 0, 0
813, 168, 0, 5, 0, 0, 0.08%, 0, 0, 1, 29.18, 23661, 52, 0, 0
818, 169, 1, 5, 0, 0, 0.08%, 0, 0, 1, 29.15, 23811, 52, 0, 0
824, 170, 1, 5, 0, 0, 0.08%, 0, 0, 1, 29.15, 23961, 52, 0, 0
829, 171, 1, 5, 0, 0, 0.08%, 0, 0, 1, 29.04, 24111, 52, 0, 0
834, 173, 1, 5, 0, 0, 0.08%, 0, 0, 1, 29.15, 24261, 52, 0, 0
839, 174, 0, 5, 0, 0, 0.08%, 0, 0, 1, 29.16, 24411, 52, 0, 0
844, 175, 1, 5, 0, 0, 0.08%, 0, 0, 1, 29.23, 24561, 52, 0, 0
849, 176, 1, 5, 0, 0, 0.08%, 0, 0, 1, 29.34, 24711, 52, 0, 0
854, 177, 1, 5, 0, 0, 0.08%, 0, 0, 1, 29.22, 24861, 52, 0, 0
860, 178, 1, 5, 0, 0, 0.08%, 0, 0, 1, 29.27, 25011, 52, 0, 0
865, 179, 1, 5, 0, 0, 0.08%, 0, 0, 1, 29.28, 25161, 52, 0, 0
870, 180, 1, 5, 0, 0, 0.08%, 0, 0, 1, 29.25, 25311, 52, 0, 0
875, 181, 1, 5, 0, 0, 0.08%, 0, 0, 1, 29.32, 25461, 52, 0, 0
880, 182, 1, 5, 0, 0, 0.08%, 0, 0, 1, 29.39, 25611, 52, 0, 0
885, 183, 1, 5, 0, 0, 0.08%, 0, 0, 1, 29.26, 25761, 52, 0, 0
890, 184, 1, 5, 0, 0, 0.08%, 0, 0, 1, 29.20, 25911, 52, 0, 0
895, 185, 1, 5, 0, 0, 0.08%, 0, 0, 1, 29.09, 26061, 52, 0, 0
897, 186, 1, 5, 0, 0, 0.08%, 0, 0, 1, 27.47, 26104, 52, 0, 0
