# relative_time, cycles_done, cur_item, corpus_count, pending_total, pending_favs, map_size, saved_crashes, saved_hangs, max_depth, execs_per_sec, total_execs, edges_found, total_crashes, servers_count
61, 14, 1, 5, 0, 0, 0.29%, 0, 0, 1, 34.23, 2136, 190, 0, 0
66, 16, 1, 5, 0, 0, 0.29%, 0, 0, 1, 33.99, 2311, 190, 0, 0
71, 17, 1, 5, 0, 0, 0.29%, 0, 0, 1, 34.02, 2486, 190, 0, 0
76, 18, 1, 5, 0, 0, 0.29%, 0, 0, 1, 34.31, 2661, 190, 0, 0
82, 19, 1, 5, 0, 0, 0.29%, 0, 0, 1, 34.25, 2836, 190, 0, 0
87, 21, 1, 5, 0, 0, 0.29%, 0, 0, 1, 34.06, 3011, 190, 0, 0
92, 22, 1, 5, 0, 0, 0.29%, 0, 0, 1, 33.82, 3186, 190, 0, 0
97, 23, 1, 5, 0, 0, 0.29%, 0, 0, 1, 33.82, 3361, 190, 0, 0
102, 24, 1, 5, 0, 0, 0.29%, 0, 0, 1, 33.96, 3536, 190, 0, 0
107, 26, 1, 5, 0, 0, 0.29%, 0, 0, 1, 32.04, 3697, 190, 0, 0
112, 27, 1, 5, 0, 0, 0.29%, 0, 0, 1, 32.18, 3858, 190, 0, 0
117, 28, 1, 5, 0, 0, 0.29%, 0, 0, 1, 33.92, 4033, 190, 0, 0
123, 29, 1, 5, 0, 0, 0.29%, 0, 0, 1, 34.27, 4208, 190, 0, 0
128, 31, 1, 5, 0, 0, 0.29%, 0, 0, 1, 34.00, 4383, 190, 0, 0
133, 32, 1, 5, 0, 0, 0.29%, 0, 0, 1, 33.99, 4558, 190, 0, 0
138, 33, 1, 5, 0, 0, 0.29%, 0, 0, 1, 33.93, 4733, 190, 0, 0
143, 34, 1, 5, 0, 0, 0.29%, 0, 0, 1, 33.91, 4908, 190, 0, 0
148, 36, 1, 5, 0, 0, 0.29%, 0, 0, 1, 34.04, 5083, 190, 0, 0
153, 37, 1, 5, 0, 0, 0.29%, 0, 0, 1, 34.29, 5258, 190, 0, 0
159, 38, 1, 5, 0, 0, 0.29%, 0, 0, 1, 34.08, 5433, 190, 0, 0
164, 39, 1, 5, 0, 0, 0.29%, 0, 0, 1, 34.13, 5608, 190, 0, 0
169, 41, 1, 5, 0, 0, 0.29%, 0, 0, 1, 34.10, 5783, 190, 0, 0
174, 42, 1, 5, 0, 0, 0.29%, 0, 0, 1, 34.14, 5958, 190, 0, 0
179, 43, 1, 5, 0, 0, 0.29%, 0, 0, 1, 34.32, 6133, 190, 0, 0
184, 44, 1, 5, 0, 0, 0.29%, 0, 0, 1, 34.13, 6308, 190, 0, 0
189, 46, 1, 5, 0, 0, 0.29%, 0, 0, 1, 34.16, 6483, 190, 0, 0
194, 47, 1, 5, 0, 0, 0.29%, 0, 0, 1, 34.13, 6658, 190, 0, 0
200, 48, 1, 5, 0, 0, 0.29%, 0, 0, 1, 34.20, 6833, 190, 0, 0
205, 49, 1, 5, 0, 0, 0.29%, 0, 0, 1, 34.04, 7008, 190, 0, 0
210, 51, 1, 5, 0, 0, 0.29%, 0, 0, 1, 34.02, 7183, 190, 0, 0
215, 52, 1, 5, 0, 0, 0.29%, 0, 0, 1, 34.21, 7359, 190, 0, 0
220, 53, 1, 5, 0, 0, 0.29%, 0, 0, 1, 34.15, 7534, 190, 0, 0
225, 54, 1, 5, 0, 0, 0.29%, 0, 0, 1, 34.21, 7709, 190, 0, 0
230, 56, 1, 5, 0, 0, 0.29%, 0, 0, 1, 33.97, 7884, 190, 0, 0
236, 57, 1, 5, 0, 0, 0.29%, 0, 0, 1, 34.10, 8059, 190, 0, 0
241, 58, 1, 5, 0, 0, 0.29%, 0, 0, 1, 33.97, 8234, 190, 0, 0
246, 59, 1, 5, 0, 0, 0.29%, 0, 0, 1, 33.99, 8409, 190, 0, 0
251, 61, 1, 5, 0, 0, 0.29%, 0, 0, 1, 33.87, 8584, 190, 0, 0
256, 62, 1, 5, 0, 0, 0.29%, 0, 0, 1, 33.90, 8759, 190, 0, 0
261, 63, 1, 5, 0, 0, 0.29%, 0, 0, 1, 33.85, 8934, 190, 0, 0
267, 64, 1, 5, 0, 0, 0.29%, 0, 0, 1, 34.13, 9109, 190, 0, 0
272, 66, 1, 5, 0, 0, 0.29%, 0, 0, 1, 34.09, 9284, 190, 0, 0
277, 67, 1, 5, 0, 0, 0.29%, 0, 0, 1, 34.03, 9459, 190, 0, 0
282, 68, 1, 5, 0, 0, 0.29%, 0, 0, 1, 33.60, 9627, 190, 0, 0
287, 69, 1, 5, 0, 0, 0.29%, 0, 0, 1, 34.11, 9802, 190, 0, 0
292, 70, 1, 5, 0, 0, 0.29%, 0, 0, 1, 34.09, 9977, 190, 0, 0
297, 72, 1, 5, 0, 0, 0.29%, 0, 0, 1, 33.87, 10152, 190, 0, 0
302, 73, 1, 5, 0, 0, 0.29%, 0, 0, 1, 34.14, 10327, 190, 0, 0
307, 74, 1, 5, 0, 0, 0.29%, 0, 0, 1, 34.12, 10502, 190, 0, 0
313, 75, 1, 5, 0, 0, 0.29%, 0, 0, 1, 34.45, 10677, 190, 0, 0
318, 77, 1, 5, 0, 0, 0.29%, 0, 0, 1, 34.22, 10852, 190, 0, 0
323, 78, 1, 5, 0, 0, 0.29%, 0, 0, 1, 34.21, 11027, 190, 0, 0
328, 79, 1, 5, 0, 0, 0.29%, 0, 0, 1, 34.06, 11202, 190, 0, 0
333, 80, 1, 5, 0, 0, 0.29%, 0, 0, 1, 32.55, 11370, 190, 0, 0
338, 82, 1, 5, 0, 0, 0.29%, 0, 0, 1, 33.68, 11545, 190, 0, 0
343, 83, 1, 5, 0, 0, 0.29%, 0, 0, 1, 34.09, 11720, 190, 0, 0
349, 84, 1, 5, 0, 0, 0.29%, 0, 0, 1, 34.22, 11895, 190, 0, 0
354, 85, 1, 5, 0, 0, 0.29%, 0, 0, 1, 34.43, 12070, 190, 0, 0
359, 87, 1, 5, 0, 0, 0.29%, 0, 0, 1, 34.20, 12245, 190, 0, 0
364, 88, 1, 5, 0, 0, 0.29%, 0, 0, 1, 34.25, 12420, 190, 0, 0
369, 89, 1, 5, 0, 0, 0.29%, 0, 0, 1, 34.23, 12596, 190, 0, 0
374, 90, 1, 5, 0, 0, 0.29%, 0, 0, 1, 34.01, 12771, 190, 0, 0
379, 92, 1, 5, 0, 0, 0.29%, 0, 0, 1, 34.18, 12946, 190, 0, 0
384, 93, 1, 5, 0, 0, 0.29%, 0, 0, 1, 34.36, 13121, 190, 0, 0
389, 94, 1, 5, 0, 0, 0.29%, 0, 0, 1, 34.33, 13296, 190, 0, 0
395, 95, 1, 5, 0, 0, 0.29%, 0, 0, 1, 34.33, 13471, 190, 0, 0
400, 97, 1, 5, 0, 0, 0.29%, 0, 0, 1, 34.14, 13646, 190, 0, 0
405, 98, 1, 5, 0, 0, 0.29%, 0, 0, 1, 34.02, 13821, 190, 0, 0
410, 99, 1, 5, 0, 0, 0.29%, 0, 0, 1, 34.18, 13996, 190, 0, 0
415, 100, 1, 5, 0, 0, 0.29%, 0, 0, 1, 32.97, 14164, 190, 0, 0
420, 102, 1, 5, 0, 0, 0.29%, 0, 0, 1, 34.23, 14340, 190, 0, 0
425, 103, 1, 5, 0, 0, 0.29%, 0, 0, 1, 34.20, 14515, 190, 0, 0
430, 104, 1, 5, 0, 0, 0.29%, 0, 0, 1, 34.08, 14690, 190, 0, 0
436, 105, 1, 5, 0, 0, 0.29%, 0, 0, 1, 34.07, 14865, 190, 0, 0
441, 107, 1, 5, 0, 0, 0.29%, 0, 0, 1, 34.03, 15040, 190, 0, 0
446, 108, 1, 5, 0, 0, 0.29%, 0, 0, 1, 34.13, 15215, 190, 0, 0
451, 109, 1, 5, 0, 0, 0.29%, 0, 0, 1, 34.06, 15390, 190, 0, 0
456, 110, 1, 5, 0, 0, 0.29%, 0, 0, 1, 33.72, 15558, 190, 0, 0
461, 112, 1, 5, 0, 0, 0.29%, 0, 0, 1, 34.01, 15733, 190, 0, 0
466, 113, 1, 5, 0, 0, 0.29%, 0, 0, 1, 33.77, 15908, 190, 0, 0
471, 114, 1, 5, 0, 0, 0.29%, 0, 0, 1, 33.97, 16083, 190, 0, 0
477, 115, 1, 5, 0, 0, 0.29%, 0, 0, 1, 33.85, 16258, 190, 0, 0
482, 117, 1, 5, 0, 0, 0.29%, 0, 0, 1, 34.24, 16434, 190, 0, 0
487, 118, 1, 5, 0, 0, 0.29%, 0, 0, 1, 33.92, 16609, 190, 0, 0
492, 119, 1, 5, 0, 0, 0.29%, 0, 0, 1, 33.39, 16777, 190, 0, 0
497, 120, 1, 5, 0, 0, 0.29%, 0, 0, 1, 34.21, 16952, 190, 0, 0
502, 122, 1, 5, 0, 0, 0.29%, 0, 0, 1, 34.32, 17128, 190, 0, 0
507, 123, 1, 5, 0, 0, 0.29%, 0, 0, 1, 33.90, 17303, 190, 0, 0
512, 124, 1, 5, 0, 0, 0.29%, 0, 0, 1, 34.13, 17478, 190, 0, 0
518, 125, 1, 5, 0, 0, 0.29%, 0, 0, 1, 34.02, 17653, 190, 0, 0
523, 127, 1, 5, 0, 0, 0.29%, 0, 0, 1, 33.56, 17828, 190, 0, 0
528, 128, 1, 5, 0, 0, 0.29%, 0, 0, 1, 33.65, 17996, 190, 0, 0
533, 129, 1, 5, 0, 0, 0.29%, 0, 0, 1, 33.93, 18171, 190, 0, 0
538, 130, 1, 5, 0, 0, 0.29%, 0, 0, 1, 33.93, 18346, 190, 0, 0
543, 132, 1, 5, 0, 0, 0.29%, 0, 0, 1, 34.12, 18521, 190, 0, 0
548, 133, 1, 5, 0, 0, 0.29%, 0, 0, 1, 33.87, 18696, 190, 0, 0
554, 134, 1, 5, 0, 0, 0.29%, 0, 0, 1, 33.89, 18871, 190, 0, 0
559, 135, 1, 5, 0, 0, 0.29%, 0, 0, 1, 34.10, 19046, 190, 0, 0
564, 137, 1, 5, 0, 0, 0.29%, 0, 0, 1, 33.97, 19221, 190, 0, 0
569, 138, 1, 5, 0, 0, 0.29%, 0, 0, 1, 34.06, 19397, 190, 0, 0
574, 139, 1, 5, 0, 0, 0.29%, 0, 0, 1, 34.34, 19572, 190, 0, 0
579, 140, 1, 5, 0, 0, 0.29%, 0, 0, 1, 34.34, 19747, 190, 0, 0
584, 142, 1, 5, 0, 0, 0.29%, 0, 0, 1, 34.22, 19922, 190, 0, 0
589, 143, 1, 5, 0, 0, 0.29%, 0, 0, 1, 34.14, 20097, 190, 0, 0
595, 144, 1, 5, 0, 0, 0.29%, 0, 0, 1, 34.20, 20272, 190, 0, 0
600, 145, 1, 5, 0, 0, 0.29%, 0, 0, 1, 34.19, 20448, 190, 0, 0
605, 147, 1, 5, 0, 0, 0.29%, 0, 0, 1, 34.31, 20623, 190, 0, 0
610, 148, 1, 5, 0, 0, 0.29%, 0, 0, 1, 34.60, 20798, 190, 0, 0
615, 149, 1, 5, 0, 0, 0.29%, 0, 0, 1, 34.43, 20973, 190, 0, 0
620, 150, 1, 5, 0, 0, 0.29%, 0, 0, 1, 34.35, 21148, 190, 0, 0
625, 152, 1, 5, 0, 0, 0.29%, 0, 0, 1, 34.11, 21323, 190, 0, 0
630, 153, 1, 5, 0, 0, 0.29%, 0, 0, 1, 34.26, 21498, 190, 0, 0
635, 154, 1, 5, 0, 0, 0.29%, 0, 0, 1, 34.05, 21673, 190, 0, 0
641, 155, 1, 5, 0, 0, 0.29%, 0, 0, 1, 33.73, 21848, 190, 0, 0
646, 157, 1, 5, 0, 0, 0.29%, 0, 0, 1, 33.98, 22023, 190, 0, 0
651, 158, 1, 5, 0, 0, 0.29%, 0, 0, 1, 34.24, 22198, 190, 0, 0
656, 159, 1, 5, 0, 0, 0.29%, 0, 0, 1, 34.13, 22373, 190, 0, 0
661, 160, 1, 5, 0, 0, 0.29%, 0, 0, 1, 33.86, 22547, 190, 0, 0
666, 162, 1, 5, 0, 0, 0.29%, 0, 0, 1, 33.97, 22721, 190, 0, 0
671, 163, 1, 5, 0, 0, 0.29%, 0, 0, 1, 32.62, 22889, 190, 0, 0
677, 164, 1, 5, 0, 0, 0.29%, 0, 0, 1, 33.80, 23064, 190, 0, 0
682, 165, 1, 5, 0, 0, 0.29%, 0, 0, 1, 34.17, 23239, 190, 0, 0
687, 166, 1, 5, 0, 0, 0.29%, 0, 0, 1, 34.13, 23414, 190, 0, 0
692, 168, 1, 5, 0, 0, 0.29%, 0, 0, 1, 34.16, 23589, 190, 0, 0
697, 169, 1, 5, 0, 0, 0.29%, 0, 0, 1, 34.24, 23764, 190, 0, 0
702, 170, 1, 5, 0, 0, 0.29%, 0, 0, 1, 34.05, 23939, 190, 0, 0
707, 171, 1, 5, 0, 0, 0.29%, 0, 0, 1, 34.14, 24114, 190, 0, 0
713, 173, 1, 5, 0, 0, 0.29%, 0, 0, 1, 34.63, 24293, 190, 0, 0
718, 174, 1, 5, 0, 0, 0.29%, 0, 0, 1, 33.93, 24468, 190, 0, 0
723, 175, 1, 5, 0, 0, 0.29%, 0, 0, 1, 33.98, 24643, 190, 0, 0
728, 177, 1, 5, 0, 0, 0.29%, 0, 0, 1, 33.91, 24818, 190, 0, 0
733, 178, 1, 5, 0, 0, 0.29%, 0, 0, 1, 34.14, 24993, 190, 0, 0
738, 179, 1, 5, 0, 0, 0.29%, 0, 0, 1, 34.01, 25169, 190, 0, 0
743, 180, 1, 5, 0, 0, 0.29%, 0, 0, 1, 34.25, 25344, 190, 0, 0
749, 182, 1, 5, 0, 0, 0.29%, 0, 0, 1, 34.27, 25519, 190, 0, 0
754, 183, 1, 5, 0, 0, 0.29%, 0, 0, 1, 34.28, 25694, 190, 0, 0
759, 184, 1, 5, 0, 0, 0.29%, 0, 0, 1, 34.13, 25869, 190, 0, 0
764, 185, 1, 5, 0, 0, 0.29%, 0, 0, 1, 34.20, 26044, 190, 0, 0
769, 186, 1, 5, 0, 0, 0.29%, 0, 0, 1, 33.15, 26212, 190, 0, 0
774, 188, 1, 5, 0, 0, 0.29%, 0, 0, 1, 34.37, 26388, 190, 0, 0
779, 189, 1, 5, 0, 0, 0.29%, 0, 0, 1, 34.26, 26563, 190, 0, 0
784, 190, 1, 5, 0, 0, 0.29%, 0, 0, 1, 34.18, 26738, 190, 0, 0
789, 191, 1, 5, 0, 0, 0.29%, 0, 0, 1, 34.01, 26913, 190, 0, 0
795, 193, 1, 5, 0, 0, 0.29%, 0, 0, 1, 34.14, 27088, 190, 0, 0
800, 194, 1, 5, 0, 0, 0.29%, 0, 0, 1, 34.01, 27263, 190, 0, 0
805, 195, 1, 5, 0, 0, 0.29%, 0, 0, 1, 34.06, 27438, 190, 0, 0
810, 196, 1, 5, 0, 0, 0.29%, 0, 0, 1, 34.44, 27614, 190, 0, 0
815, 198, 1, 5, 0, 0, 0.29%, 0, 0, 1, 34.17, 27791, 190, 0, 0
820, 199, 1, 5, 0, 0, 0.29%, 0, 0, 1, 33.84, 27966, 190, 0, 0
825, 200, 1, 5, 0, 0, 0.29%, 0, 0, 1, 34.19, 28141, 190, 0, 0
831, 201, 1, 5, 0, 0, 0.29%, 0, 0, 1, 33.72, 28316, 190, 0, 0
836, 203, 1, 5, 0, 0, 0.29%, 0, 0, 1, 34.25, 28491, 190, 0, 0
841, 204, 1, 5, 0, 0, 0.29%, 0, 0, 1, 34.16, 28666, 190, 0, 0
846, 205, 1, 5, 0, 0, 0.29%, 0, 0, 1, 33.95, 28841, 190, 0, 0
851, 206, 1, 5, 0, 0, 0.29%, 0, 0, 1, 34.16, 29016, 190, 0, 0
856, 208, 1, 5, 0, 0, 0.29%, 0, 0, 1, 34.06, 29191, 190, 0, 0
861, 209, 1, 5, 0, 0, 0.29%, 0, 0, 1, 34.00, 29366, 190, 0, 0
867, 210, 1, 5, 0, 0, 0.29%, 0, 0, 1, 34.27, 29542, 190, 0, 0
872, 211, 1, 5, 0, 0, 0.29%, 0, 0, 1, 34.20, 29717, 190, 0, 0
877, 213, 1, 5, 0, 0, 0.29%, 0, 0, 1, 34.15, 29892, 190, 0, 0
882, 214, 1, 5, 0, 0, 0.29%, 0, 0, 1, 34.08, 30067, 190, 0, 0
887, 215, 1, 5, 0, 0, 0.29%, 0, 0, 1, 33.83, 30242, 190, 0, 0
892, 216, 1, 5, 0, 0, 0.29%, 0, 0, 1, 33.50, 30411, 190, 0, 0
897, 218, 1, 5, 0, 0, 0.29%, 0, 0, 1, 32.30, 30567, 190, 0, 0
