# relative_time, cycles_done, cur_item, corpus_count, pending_total, pending_favs, map_size, saved_crashes, saved_hangs, max_depth, execs_per_sec, total_execs, edges_found, total_crashes, servers_count
61, 2, 1, 5, 0, 0, 0.24%, 1, 0, 1, 5.24, 403, 157, 250, 0
66, 2, 1, 5, 0, 0, 0.24%, 1, 0, 1, 6.02, 436, 157, 270, 0
71, 3, 1, 5, 0, 0, 0.24%, 1, 0, 1, 6.05, 472, 157, 289, 0
76, 3, 1, 5, 0, 0, 0.24%, 1, 0, 1, 5.67, 501, 157, 310, 0
81, 3, 1, 5, 0, 0, 0.24%, 1, 0, 1, 5.30, 528, 157, 331, 0
86, 3, 1, 5, 0, 0, 0.24%, 1, 0, 1, 5.71, 562, 157, 351, 0
92, 3, 1, 5, 0, 0, 0.24%, 1, 0, 1, 4.92, 587, 157, 373, 0
97, 4, 1, 5, 0, 0, 0.24%, 1, 0, 1, 4.78, 611, 157, 394, 0
102, 4, 1, 5, 0, 0, 0.24%, 1, 0, 1, 6.50, 649, 157, 413, 0
107, 4, 1, 5, 0, 0, 0.24%, 1, 0, 1, 5.01, 672, 157, 435, 0
112, 4, 1, 5, 0, 0, 0.24%, 1, 0, 1, 6.16, 711, 157, 454, 0
117, 5, 1, 5, 0, 0, 0.24%, 1, 0, 1, 6.38, 747, 157, 474, 0
123, 5, 1, 5, 0, 0, 0.24%, 1, 0, 1, 5.12, 772, 157, 496, 0
128, 5, 1, 5, 0, 0, 0.24%, 1, 0, 1, 24.77, 808, 157, 516, 0
133, 5, 1, 5, 0, 0, 0.24%, 1, 0, 1, 4.44, 831, 157, 538, 0
138, 5, 1, 5, 0, 0, 0.24%, 1, 0, 1, 5.03, 866, 157, 559, 0
143, 6, 1, 5, 0, 0, 0.24%, 1, 0, 1, 6.18, 904, 157, 579, 0
148, 6, 1, 5, 0, 0, 0.24%, 1, 0, 1, 5.43, 931, 157, 601, 0
153, 6, 1, 5, 0, 0, 0.24%, 1, 0, 1, 7.48, 970, 157, 621, 0
159, 6, 1, 5, 0, 0, 0.24%, 1, 0, 1, 5.49, 996, 157, 644, 0
164, 7, 1, 5, 0, 0, 0.24%, 1, 0, 1, 6.07, 1029, 157, 665, 0
169, 7, 1, 5, 0, 0, 0.24%, 1, 0, 1, 5.19, 1054, 157, 687, 0
174, 7, 1, 5, 0, 0, 0.24%, 1, 0, 1, 6.38, 1089, 157, 707, 0
179, 7, 1, 5, 0, 0, 0.24%, 1, 0, 1, 5.57, 1119, 157, 728, 0
184, 8, 1, 5, 0, 0, 0.24%, 1, 0, 1, 6.47, 1154, 157, 748, 0
189, 8, 1, 5, 0, 0, 0.24%, 1, 0, 1, 6.66, 1193, 157, 767, 0
194, 8, 1, 5, 0, 0, 0.24%, 1, 0, 1, 5.14, 1216, 157, 788, 0
200, 8, 1, 5, 0, 0, 0.24%, 1, 0, 1, 5.63, 1246, 157, 809, 0
205, 8, 1, 5, 0, 0, 0.24%, 1, 0, 1, 5.90, 1278, 157, 830, 0
210, 9, 1, 5, 0, 0, 0.24%, 1, 0, 1, 5.26, 1308, 157, 851, 0
215, 9, 1, 5, 0, 0, 0.24%, 1, 0, 1, 5.38, 1335, 157, 872, 0
220, 9, 1, 5, 0, 0, 0.24%, 1, 0, 1, 5.24, 1361, 157, 894, 0
225, 9, 1, 5, 0, 0, 0.24%, 1, 0, 1, 5.24, 1392, 157, 915, 0
230, 9, 1, 5, 0, 0, 0.24%, 1, 0, 1, 4.96, 1417, 157, 937, 0
235, 10, 1, 5, 0, 0, 0.24%, 1, 0, 1, 5.01, 1442, 157, 959, 0
240, 10, 1, 5, 0, 0, 0.24%, 1, 0, 1, 6.21, 1475, 157, 979, 0
245, 10, 1, 5, 0, 0, 0.24%, 1, 0, 1, 5.45, 1502, 157, 1000, 0
251, 10, 1, 5, 0, 0, 0.24%, 1, 0, 1, 4.88, 1527, 157, 1022, 0
256, 10, 1, 5, 0, 0, 0.24%, 1, 0, 1, 4.74, 1552, 157, 1044, 0
261, 11, 1, 5, 0, 0, 0.24%, 1, 0, 1, 5.83, 1584, 157, 1065, 0
266, 11, 1, 5, 0, 0, 0.24%, 1, 0, 1, 5.12, 1609, 157, 1086, 0
271, 11, 1, 5, 0, 0, 0.24%, 1, 0, 1, 4.83, 1643, 157, 1106, 0
276, 11, 1, 5, 0, 0, 0.24%, 1, 0, 1, 5.14, 1669, 157, 1127, 0
281, 11, 1, 5, 0, 0, 0.24%, 1, 0, 1, 5.33, 1696, 157, 1148, 0
286, 12, 1, 5, 0, 0, 0.24%, 1, 0, 1, 5.43, 1727, 157, 1168, 0
292, 12, 1, 5, 0, 0, 0.24%, 1, 0, 1, 5.12, 1753, 157, 1190, 0
297, 12, 1, 5, 0, 0, 0.24%, 1, 0, 1, 5.77, 1788, 157, 1210, 0
302, 12, 1, 5, 0, 0, 0.24%, 1, 0, 1, 5.30, 1815, 157, 1232, 0
307, 12, 1, 5, 0, 0, 0.24%, 1, 0, 1, 5.37, 1843, 157, 1254, 0
312, 13, 1, 5, 0, 0, 0.24%, 1, 0, 1, 5.71, 1883, 157, 1273, 0
317, 13, 1, 5, 0, 0, 0.24%, 1, 0, 1, 5.68, 1914, 157, 1294, 0
322, 13, 1, 5, 0, 0, 0.24%, 1, 0, 1, 4.79, 1937, 157, 1316, 0
327, 13, 1, 5, 0, 0, 0.24%, 1, 0, 1, 7.80, 1980, 157, 1334, 0
332, 14, 1, 5, 0, 0, 0.24%, 1, 0, 1, 5.56, 2007, 157, 1356, 0
337, 14, 1, 5, 0, 0, 0.24%, 1, 0, 1, 5.45, 2035, 157, 1377, 0
342, 14, 1, 5, 0, 0, 0.24%, 1, 0, 1, 5.41, 2064, 157, 1398, 0
348, 14, 1, 5, 0, 0, 0.24%, 1, 0, 1, 5.05, 2092, 157, 1419, 0
353, 14, 1, 5, 0, 0, 0.24%, 1, 0, 1, 5.29, 2120, 157, 1441, 0
358, 15, 1, 5, 0, 0, 0.24%, 1, 0, 1, 5.48, 2150, 157, 1462, 0
363, 15, 1, 5, 0, 0, 0.24%, 1, 0, 1, 5.62, 2184, 157, 1482, 0
368, 15, 1, 5, 0, 0, 0.24%, 1, 0, 1, 5.34, 2211, 157, 1503, 0
373, 15, 1, 5, 0, 0, 0.24%, 1, 0, 1, 5.93, 2243, 157, 1524, 0
379, 15, 1, 5, 0, 0, 0.24%, 1, 0, 1, 5.24, 2271, 157, 1546, 0
384, 16, 1, 5, 0, 0, 0.24%, 1, 0, 1, 5.10, 2299, 157, 1567, 0
389, 16, 1, 5, 0, 0, 0.24%, 1, 0, 1, 5.29, 2327, 157, 1588, 0
394, 16, 1, 5, 0, 0, 0.24%, 1, 0, 1, 5.82, 2359, 157, 1608, 0
399, 16, 1, 5, 0, 0, 0.24%, 1, 0, 1, 5.05, 2385, 157, 1630, 0
404, 16, 1, 5, 0, 0, 0.24%, 1, 0, 1, 4.68, 2409, 157, 1653, 0
409, 17, 1, 5, 0, 0, 0.24%, 1, 0, 1, 5.67, 2446, 157, 1673, 0
414, 17, 1, 5, 0, 0, 0.24%, 1, 0, 1, 5.59, 2476, 157, 1694, 0
420, 17, 1, 5, 0, 0, 0.24%, 1, 0, 1, 5.63, 2504, 157, 1716, 0
425, 17, 1, 5, 0, 0, 0.24%, 1, 0, 1, 5.01, 2530, 157, 1738, 0
430, 18, 1, 5, 0, 0, 0.24%, 1, 0, 1, 5.72, 2563, 157, 1759, 0
435, 18, 1, 5, 0, 0, 0.24%, 1, 0, 1, 5.94, 2594, 157, 1779, 0
440, 18, 1, 5, 0, 0, 0.24%, 1, 0, 1, 5.15, 2619, 157, 1801, 0
446, 18, 1, 5, 0, 0, 0.24%, 1, 0, 1, 5.12, 2645, 157, 1823, 0
451, 18, 1, 5, 0, 0, 0.24%, 1, 0, 1, 5.45, 2673, 157, 1844, 0
456, 19, 1, 5, 0, 0, 0.24%, 1, 0, 1, 4.95, 2698, 157, 1866, 0
461, 19, 1, 5, 0, 0, 0.24%, 1, 0, 1, 4.81, 2722, 157, 1888, 0
466, 19, 1, 5, 0, 0, 0.24%, 1, 0, 1, 5.63, 2753, 157, 1909, 0
471, 19, 1, 5, 0, 0, 0.24%, 1, 0, 1, 6.15, 2785, 157, 1929, 0
476, 19, 1, 5, 0, 0, 0.24%, 1, 0, 1, 5.58, 2815, 157, 1950, 0
482, 20, 1, 5, 0, 0, 0.24%, 1, 0, 1, 6.13, 2850, 157, 1970, 0
487, 20, 1, 5, 0, 0, 0.24%, 1, 0, 1, 6.63, 2886, 157, 1991, 0
492, 20, 1, 5, 0, 0, 0.24%, 1, 0, 1, 5.91, 2919, 157, 2011, 0
497, 20, 1, 5, 0, 0, 0.24%, 1, 0, 1, 6.52, 2952, 157, 2031, 0
502, 21, 1, 5, 0, 0, 0.24%, 1, 0, 1, 6.82, 2989, 157, 2051, 0
507, 21, 1, 5, 0, 0, 0.24%, 1, 0, 1, 6.28, 3020, 157, 2071, 0
513, 21, 1, 5, 0, 0, 0.24%, 1, 0, 1, 5.32, 3047, 157, 2093, 0
518, 21, 1, 5, 0, 0, 0.24%, 1, 0, 1, 5.20, 3074, 157, 2115, 0
523, 21, 1, 5, 0, 0, 0.24%, 1, 0, 1, 5.20, 3103, 157, 2136, 0
528, 22, 1, 5, 0, 0, 0.24%, 1, 0, 1, 4.94, 3128, 157, 2157, 0
533, 22, 1, 5, 0, 0, 0.24%, 1, 0, 1, 4.83, 3153, 157, 2179, 0
538, 22, 1, 5, 0, 0, 0.24%, 1, 0, 1, 5.22, 3180, 157, 2201, 0
543, 22, 1, 5, 0, 0, 0.24%, 1, 0, 1, 5.55, 3209, 157, 2223, 0
548, 22, 1, 5, 0, 0, 0.24%, 1, 0, 1, 5.58, 3238, 157, 2244, 0
554, 23, 1, 5, 0, 0, 0.24%, 1, 0, 1, 5.74, 3270, 157, 2264, 0
559, 23, 1, 5, 0, 0, 0.24%, 1, 0, 1, 4.94, 3295, 157, 2285, 0
564, 23, 1, 5, 0, 0, 0.24%, 1, 0, 1, 5.32, 3322, 157, 2306, 0
569, 23, 1, 5, 0, 0, 0.24%, 1, 0, 1, 5.76, 3352, 157, 2327, 0
574, 23, 1, 5, 0, 0, 0.24%, 1, 0, 1, 5.50, 3382, 157, 2348, 0
579, 24, 1, 5, 0, 0, 0.24%, 1, 0, 1, 4.86, 3408, 157, 2370, 0
584, 24, 1, 5, 0, 0, 0.24%, 1, 0, 1, 4.94, 3434, 157, 2391, 0
589, 24, 1, 5, 0, 0, 0.24%, 1, 0, 1, 5.15, 3460, 157, 2412, 0
595, 24, 1, 5, 0, 0, 0.24%, 1, 0, 1, 5.06, 3486, 157, 2434, 0
600, 24, 1, 5, 0, 0, 0.24%, 1, 0, 1, 5.55, 3517, 157, 2455, 0
605, 25, 1, 5, 0, 0, 0.24%, 1, 0, 1, 5.50, 3545, 157, 2476, 0
610, 25, 1, 5, 0, 0, 0.24%, 1, 0, 1, 4.93, 3569, 157, 2497, 0
615, 25, 1, 5, 0, 0, 0.24%, 1, 0, 1, 4.38, 3591, 157, 2519, 0
620, 25, 1, 5, 0, 0, 0.24%, 1, 0, 1, 5.32, 3624, 157, 2538, 0
625, 25, 1, 5, 0, 0, 0.24%, 1, 0, 1, 5.12, 3651, 157, 2559, 0
630, 26, 1, 5, 0, 0, 0.24%, 1, 0, 1, 5.39, 3681, 157, 2579, 0
635, 26, 1, 5, 0, 0, 0.24%, 1, 0, 1, 4.94, 3706, 157, 2601, 0
640, 26, 1, 5, 0, 0, 0.24%, 1, 0, 1, 6.09, 3741, 157, 2620, 0
645, 26, 1, 5, 0, 0, 0.24%, 1, 0, 1, 5.44, 3769, 157, 2641, 0
651, 26, 1, 5, 0, 0, 0.24%, 1, 0, 1, 5.76, 3799, 157, 2662, 0
656, 27, 1, 5, 0, 0, 0.24%, 1, 0, 1, 5.90, 3832, 157, 2682, 0
661, 27, 1, 5, 0, 0, 0.24%, 1, 0, 1, 7.70, 3876, 157, 2700, 0
666, 27, 1, 5, 0, 0, 0.24%, 1, 0, 1, 6.23, 3910, 157, 2720, 0
671, 27, 1, 5, 0, 0, 0.24%, 1, 0, 1, 5.94, 3944, 157, 2740, 0
676, 28, 1, 5, 0, 0, 0.24%, 1, 0, 1, 5.43, 3971, 157, 2761, 0
681, 28, 1, 5, 0, 0, 0.24%, 1, 0, 1, 5.05, 3997, 157, 2783, 0
687, 28, 1, 5, 0, 0, 0.24%, 1, 0, 1, 6.01, 4032, 157, 2804, 0
692, 28, 1, 5, 0, 0, 0.24%, 1, 0, 1, 5.60, 4062, 157, 2825, 0
697, 28, 1, 5, 0, 0, 0.24%, 1, 0, 1, 5.25, 4090, 157, 2846, 0
702, 29, 1, 5, 0, 0, 0.24%, 1, 0, 1, 4.95, 4125, 157, 2866, 0
707, 29, 1, 5, 0, 0, 0.24%, 1, 0, 1, 4.98, 4150, 157, 2888, 0
713, 29, 1, 5, 0, 0, 0.24%, 1, 0, 1, 4.81, 4174, 157, 2910, 0
718, 29, 1, 5, 0, 0, 0.24%, 1, 0, 1, 5.96, 4208, 157, 2930, 0
723, 30, 1, 5, 0, 0, 0.24%, 1, 0, 1, 5.82, 4238, 157, 2951, 0
728, 30, 1, 5, 0, 0, 0.24%, 1, 0, 1, 6.14, 4272, 157, 2971, 0
733, 30, 1, 5, 0, 0, 0.24%, 1, 0, 1, 5.08, 4296, 157, 2992, 0
738, 30, 1, 5, 0, 0, 0.24%, 1, 0, 1, 5.09, 4322, 157, 3013, 0
743, 30, 1, 5, 0, 0, 0.24%, 1, 0, 1, 5.19, 4349, 157, 3034, 0
748, 31, 1, 5, 0, 0, 0.24%, 1, 0, 1, 5.23, 4377, 157, 3056, 0
753, 31, 1, 5, 0, 0, 0.24%, 1, 0, 1, 5.09, 4403, 157, 3077, 0
759, 31, 1, 5, 0, 0, 0.24%, 1, 0, 1, 5.35, 4433, 157, 3098, 0
764, 31, 1, 5, 0, 0, 0.24%, 1, 0, 1, 6.51, 4471, 157, 3117, 0
769, 31, 1, 5, 0, 0, 0.24%, 1, 0, 1, 6.93, 4510, 157, 3137, 0
774, 32, 1, 5, 0, 0, 0.24%, 1, 0, 1, 6.18, 4541, 157, 3158, 0
779, 32, 1, 5, 0, 0, 0.24%, 1, 0, 1, 5.44, 4571, 157, 3179, 0
784, 32, 1, 5, 0, 0, 0.24%, 1, 0, 1, 5.17, 4598, 157, 3201, 0
790, 32, 1, 5, 0, 0, 0.24%, 1, 0, 1, 4.82, 4623, 157, 3223, 0
795, 32, 1, 5, 0, 0, 0.24%, 1, 0, 1, 4.70, 4648, 157, 3245, 0
800, 33, 1, 5, 0, 0, 0.24%, 1, 0, 1, 4.61, 4672, 157, 3266, 0
805, 33, 1, 5, 0, 0, 0.24%, 1, 0, 1, 5.21, 4699, 157, 3287, 0
810, 33, 1, 5, 0, 0, 0.24%, 1, 0, 1, 5.19, 4727, 157, 3308, 0
815, 33, 1, 5, 0, 0, 0.24%, 1, 0, 1, 4.64, 4749, 157, 3329, 0
820, 33, 1, 5, 0, 0, 0.24%, 1, 0, 1, 5.20, 4779, 157, 3350, 0
825, 34, 1, 5, 0, 0, 0.24%, 1, 0, 1, 5.15, 4807, 157, 3371, 0
830, 34, 1, 5, 0, 0, 0.24%, 1, 0, 1, 4.78, 4831, 157, 3393, 0
836, 34, 1, 5, 0, 0, 0.24%, 1, 0, 1, 5.26, 4858, 157, 3415, 0
841, 34, 1, 5, 0, 0, 0.24%, 1, 0, 1, 7.32, 4903, 157, 3434, 0
846, 35, 1, 5, 0, 0, 0.24%, 1, 0, 1, 7.15, 4938, 157, 3454, 0
851, 35, 1, 5, 0, 0, 0.24%, 1, 0, 1, 5.59, 4964, 157, 3476, 0
856, 35, 1, 5, 0, 0, 0.24%, 1, 0, 1, 5.39, 4993, 157, 3497, 0
862, 35, 1, 5, 0, 0, 0.24%, 1, 0, 1, 4.75, 5016, 157, 3519, 0
867, 35, 1, 5, 0, 0, 0.24%, 1, 0, 1, 5.30, 5044, 157, 3540, 0
872, 35, 1, 5, 0, 0, 0.24%, 1, 0, 1, 4.91, 5069, 157, 3561, 0
877, 36, 1, 5, 0, 0, 0.24%, 1, 0, 1, 6.08, 5104, 157, 3581, 0
882, 36, 1, 5, 0, 0, 0.24%, 1, 0, 1, 4.90, 5127, 157, 3603, 0
887, 36, 1, 5, 0, 0, 0.24%, 1, 0, 1, 5.46, 5156, 157, 3624, 0
892, 36, 1, 5, 0, 0, 0.24%, 1, 0, 1, 5.24, 5182, 157, 3645, 0
897, 36, 1, 5, 0, 0, 0.24%, 1, 0, 1, 0.00, 5209, 157, 3665, 0
