# relative_time, cycles_done, cur_item, corpus_count, pending_total, pending_favs, map_size, saved_crashes, saved_hangs, max_depth, execs_per_sec, total_execs, edges_found, total_crashes, servers_count
61, 10, 1, 5, 0, 0, 0.10%, 0, 0, 1, 23.41, 1454, 63, 0, 0
66, 10, 1, 5, 0, 0, 0.10%, 0, 0, 1, 23.23, 1574, 63, 0, 0
71, 11, 1, 5, 0, 0, 0.10%, 0, 0, 1, 23.11, 1694, 63, 0, 0
76, 12, 1, 5, 0, 0, 0.10%, 0, 0, 1, 23.19, 1814, 63, 0, 0
81, 13, 1, 5, 0, 0, 0.10%, 0, 0, 1, 23.18, 1934, 63, 0, 0
87, 14, 1, 5, 0, 0, 0.10%, 0, 0, 1, 23.11, 2054, 63, 0, 0
92, 15, 1, 5, 0, 0, 0.10%, 0, 0, 1, 23.09, 2174, 63, 0, 0
97, 16, 1, 5, 0, 0, 0.10%, 0, 0, 1, 23.08, 2294, 63, 0, 0
102, 16, 1, 5, 0, 0, 0.10%, 0, 0, 1, 23.09, 2414, 63, 0, 0
107, 17, 1, 5, 0, 0, 0.10%, 0, 0, 1, 23.09, 2534, 63, 0, 0
113, 18, 1, 5, 0, 0, 0.10%, 0, 0, 1, 23.10, 2654, 63, 0, 0
118, 19, 1, 5, 0, 0, 0.10%, 0, 0, 1, 23.10, 2774, 63, 0, 0
123, 20, 1, 5, 0, 0, 0.10%, 0, 0, 1, 23.20, 2894, 63, 0, 0
128, 21, 1, 5, 0, 0, 0.10%, 0, 0, 1, 23.36, 3014, 63, 0, 0
133, 22, 1, 5, 0, 0, 0.10%, 0, 0, 1, 23.34, 3134, 63, 0, 0
138, 22, 1, 5, 0, 0, 0.10%, 0, 0, 1, 23.34, 3254, 63, 0, 0
144, 23, 1, 5, 0, 0, 0.10%, 0, 0, 1, 23.33, 3374, 63, 0, 0
149, 24, 1, 5, 0, 0, 0.10%, 0, 0, 1, 23.28, 3494, 63, 0, 0
154, 25, 1, 5, 0, 0, 0.10%, 0, 0, 1, 23.29, 3614, 63, 0, 0
159, 26, 1, 5, 0, 0, 0.10%, 0, 0, 1, 23.28, 3734, 63, 0, 0
164, 27, 1, 5, 0, 0, 0.10%, 0, 0, 1, 23.29, 3854, 63, 0, 0
169, 28, 1, 5, 0, 0, 0.10%, 0, 0, 1, 23.26, 3974, 63, 0, 0
175, 28, 1, 5, 0, 0, 0.10%, 0, 0, 1, 23.26, 4094, 63, 0, 0
180, 29, 1, 5, 0, 0, 0.10%, 0, 0, 1, 23.26, 4214, 63, 0, 0
185, 30, 1, 5, 0, 0, 0.10%, 0, 0, 1, 22.98, 4329, 63, 0, 0
190, 31, 1, 5, 0, 0, 0.10%, 0, 0, 1, 22.86, 4444, 63, 0, 0
195, 32, 1, 5, 0, 0, 0.10%, 0, 0, 1, 22.80, 4559, 63, 0, 0
200, 33, 1, 5, 0, 0, 0.10%, 0, 0, 1, 22.85, 4674, 63, 0, 0
205, 33, 1, 5, 0, 0, 0.10%, 0, 0, 1, 22.80, 4789, 63, 0, 0
210, 34, 1, 5, 0, 0, 0.10%, 0, 0, 1, 22.78, 4904, 63, 0, 0
215, 35, 1, 5, 0, 0, 0.10%, 0, 0, 1, 22.83, 5019, 63, 0, 0
220, 36, 1, 5, 0, 0, 0.10%, 0, 0, 1, 23.00, 5139, 63, 0, 0
225, 37, 1, 5, 0, 0, 0.10%, 0, 0, 1, 23.04, 5259, 63, 0, 0
231, 38, 1, 5, 0, 0, 0.10%, 0, 0, 1, 23.02, 5379, 63, 0, 0
236, 38, 1, 5, 0, 0, 0.10%, 0, 0, 1, 22.94, 5494, 63, 0, 0
241, 39, 1, 5, 0, 0, 0.10%, 0, 0, 1, 22.91, 5609, 63, 0, 0
246, 40, 1, 5, 0, 0, 0.10%, 0, 0, 1, 22.85, 5724, 63, 0, 0
251, 41, 1, 5, 0, 0, 0.10%, 0, 0, 1, 22.86, 5839, 63, 0, 0
256, 42, 1, 5, 0, 0, 0.10%, 0, 0, 1, 22.92, 5954, 63, 0, 0
261, 43, 1, 5, 0, 0, 0.10%, 0, 0, 1, 22.86, 6069, 63, 0, 0
266, 43, 1, 5, 0, 0, 0.10%, 0, 0, 1, 22.93, 6184, 63, 0, 0
271, 44, 1, 5, 0, 0, 0.10%, 0, 0, 1, 22.84, 6299, 63, 0, 0
276, 45, 1, 5, 0, 0, 0.10%, 0, 0, 1, 22.91, 6414, 63, 0, 0
281, 46, 1, 5, 0, 0, 0.10%, 0, 0, 1, 22.89, 6529, 63, 0, 0
286, 47, 1, 5, 0, 0, 0.10%, 0, 0, 1, 22.89, 6644, 63, 0, 0
291, 48, 1, 5, 0, 0, 0.10%, 0, 0, 1, 22.89, 6759, 63, 0, 0
296, 48, 1, 5, 0, 0, 0.10%, 0, 0, 1, 22.93, 6874, 63, 0, 0
301, 49, 1, 5, 0, 0, 0.10%, 0, 0, 1, 23.01, 6994, 63, 0, 0
306, 50, 1, 5, 0, 0, 0.10%, 0, 0, 1, 22.94, 7109, 63, 0, 0
311, 51, 1, 5, 0, 0, 0.10%, 0, 0, 1, 22.90, 7224, 63, 0, 0
316, 52, 1, 5, 0, 0, 0.10%, 0, 0, 1, 22.89, 7339, 63, 0, 0
321, 52, 1, 5, 0, 0, 0.10%, 0, 0, 1, 22.89, 7454, 63, 0, 0
326, 53, 1, 5, 0, 0, 0.10%, 0, 0, 1, 22.88, 7569, 63, 0, 0
331, 54, 1, 5, 0, 0, 0.10%, 0, 0, 1, 22.83, 7684, 63, 0, 0
336, 55, 1, 5, 0, 0, 0.10%, 0, 0, 1, 22.96, 7799, 63, 0, 0
341, 56, 1, 5, 0, 0, 0.10%, 0, 0, 1, 23.12, 7919, 63, 0, 0
347, 57, 1, 5, 0, 0, 0.10%, 0, 0, 1, 23.15, 8039, 63, 0, 0
352, 58, 1, 5, 0, 0, 0.10%, 0, 0, 1, 23.07, 8159, 63, 0, 0
357, 58, 1, 5, 0, 0, 0.10%, 0, 0, 1, 23.08, 8279, 63, 0, 0
362, 59, 1, 5, 0, 0, 0.10%, 0, 0, 1, 22.94, 8394, 63, 0, 0
367, 60, 1, 5, 0, 0, 0.10%, 0, 0, 1, 22.81, 8509, 63, 0, 0
372, 61, 1, 5, 0, 0, 0.10%, 0, 0, 1, 23.02, 8629, 63, 0, 0
378, 62, 1, 5, 0, 0, 0.10%, 0, 0, 1, 23.07, 8749, 63, 0, 0
383, 63, 1, 5, 0, 0, 0.10%, 0, 0, 1, 23.05, 8869, 63, 0, 0
388, 63, 1, 5, 0, 0, 0.10%, 0, 0, 1, 23.06, 8989, 63, 0, 0
393, 64, 1, 5, 0, 0, 0.10%, 0, 0, 1, 23.08, 9109, 63, 0, 0
398, 65, 1, 5, 0, 0, 0.10%, 0, 0, 1, 23.21, 9229, 63, 0, 0
403, 66, 1, 5, 0, 0, 0.10%, 0, 0, 1, 23.25, 9349, 63, 0, 0
409, 67, 1, 5, 0, 0, 0.10%, 0, 0, 1, 23.26, 9469, 63, 0, 0
414, 68, 1, 5, 0, 0, 0.10%, 0, 0, 1, 23.29, 9589, 63, 0, 0
419, 69, 1, 5, 0, 0, 0.10%, 0, 0, 1, 23.29, 9709, 63, 0, 0
424, 69, 1, 5, 0, 0, 0.10%, 0, 0, 1, 23.37, 9829, 63, 0, 0
429, 70, 1, 5, 0, 0, 0.10%, 0, 0, 1, 23.49, 9949, 63, 0, 0
434, 71, 1, 5, 0, 0, 0.10%, 0, 0, 1, 23.06, 10069, 63, 0, 0
439, 72, 1, 5, 0, 0, 0.10%, 0, 0, 1, 22.95, 10184, 63, 0, 0
444, 73, 1, 5, 0, 0, 0.10%, 0, 0, 1, 22.90, 10299, 63, 0, 0
449, 74, 1, 5, 0, 0, 0.10%, 0, 0, 1, 22.91, 10414, 63, 0, 0
455, 74, 1, 5, 0, 0, 0.10%, 0, 0, 1, 23.11, 10534, 63, 0, 0
460, 75, 1, 5, 0, 0, 0.10%, 0, 0, 1, 23.20, 10654, 63, 0, 0
465, 76, 1, 5, 0, 0, 0.10%, 0, 0, 1, 23.19, 10774, 63, 0, 0
470, 77, 1, 5, 0, 0, 0.10%, 0, 0, 1, 23.25, 10894, 63, 0, 0
475, 78, 1, 5, 0, 0, 0.10%, 0, 0, 1, 23.25, 11014, 63, 0, 0
480, 79, 1, 5, 0, 0, 0.10%, 0, 0, 1, 23.17, 11134, 63, 0, 0
486, 80, 1, 5, 0, 0, 0.10%, 0, 0, 1, 23.20, 11254, 63, 0, 0
491, 80, 1, 5, 0, 0, 0.10%, 0, 0, 1, 23.22, 11374, 63, 0, 0
496, 81, 1, 5, 0, 0, 0.10%, 0, 0, 1, 23.23, 11494, 63, 0, 0
501, 82, 1, 5, 0, 0, 0.10%, 0, 0, 1, 23.25, 11614, 63, 0, 0
506, 83, 1, 5, 0, 0, 0.10%, 0, 0, 1, 23.22, 11734, 63, 0, 0
511, 84, 1, 5, 0, 0, 0.10%, 0, 0, 1, 23.09, 11854, 63, 0, 0
517, 85, 1, 5, 0, 0, 0.10%, 0, 0, 1, 23.04, 11969, 63, 0, 0
522, 86, 1, 5, 0, 0, 0.10%, 0, 0, 1, 23.11, 12089, 63, 0, 0
527, 86, 1, 5, 0, 0, 0.10%, 0, 0, 1, 23.11, 12209, 63, 0, 0
532, 87, 1, 5, 0, 0, 0.10%, 0, 0, 1, 23.14, 12329, 63, 0, 0
537, 88, 1, 5, 0, 0, 0.10%, 0, 0, 1, 23.06, 12449, 63, 0, 0
542, 89, 1, 5, 0, 0, 0.10%, 0, 0, 1, 23.23, 12569, 63, 0, 0
547, 90, 1, 5, 0, 0, 0.10%, 0, 0, 1, 23.04, 12684, 63, 0, 0
553, 91, 1, 5, 0, 0, 0.10%, 0, 0, 1, 23.02, 12804, 63, 0, 0
558, 92, 1, 5, 0, 0, 0.10%, 0, 0, 1, 22.97, 12919, 63, 0, 0
563, 92, 1, 5, 0, 0, 0.10%, 0, 0, 1, 22.97, 13034, 63, 0, 0
568, 93, 1, 5, 0, 0, 0.10%, 0, 0, 1, 22.99, 13149, 63, 0, 0
573, 94, 1, 5, 0, 0, 0.10%, 0, 0, 1, 22.97, 13264, 63, 0, 0
578, 95, 1, 5, 0, 0, 0.10%, 0, 0, 1, 23.01, 13384, 63, 0, 0
583, 96, 1, 5, 0, 0, 0.10%, 0, 0, 1, 23.01, 13504, 63, 0, 0
588, 97, 1, 5, 0, 0, 0.10%, 0, 0, 1, 22.99, 13619, 63, 0, 0
593, 97, 1, 5, 0, 0, 0.10%, 0, 0, 1, 22.88, 13734, 63, 0, 0
598, 98, 1, 5, 0, 0, 0.10%, 0, 0, 1, 23.07, 13854, 63, 0, 0
604, 99, 1, 5, 0, 0, 0.10%, 0, 0, 1, 23.17, 13974, 63, 0, 0
609, 100, 1, 5, 0, 0, 0.10%, 0, 0, 1, 23.13, 14094, 63, 0, 0
614, 101, 1, 5, 0, 0, 0.10%, 0, 0, 1, 23.17, 14214, 63, 0, 0
619, 102, 1, 5, 0, 0, 0.10%, 0, 0, 1, 23.22, 14334, 63, 0, 0
624, 102, 1, 5, 0, 0, 0.10%, 0, 0, 1, 23.23, 14454, 63, 0, 0
629, 103, 1, 5, 0, 0, 0.10%, 0, 0, 1, 23.21, 14574, 63, 0, 0
635, 104, 1, 5, 0, 0, 0.10%, 0, 0, 1, 23.22, 14694, 63, 0, 0
640, 105, 1, 5, 0, 0, 0.10%, 0, 0, 1, 22.93, 14809, 63, 0, 0
645, 106, 1, 5, 0, 0, 0.10%, 0, 0, 1, 22.85, 14924, 63, 0, 0
650, 107, 1, 5, 0, 0, 0.10%, 0, 0, 1, 22.79, 15039, 63, 0, 0
655, 107, 1, 5, 0, 0, 0.10%, 0, 0, 1, 22.74, 15154, 63, 0, 0
660, 108, 1, 5, 0, 0, 0.10%, 0, 0, 1, 22.75, 15269, 63, 0, 0
665, 109, 1, 5, 0, 0, 0.10%, 0, 0, 1, 22.79, 15384, 63, 0, 0
670, 110, 1, 5, 0, 0, 0.10%, 0, 0, 1, 23.13, 15504, 63, 0, 0
675, 111, 1, 5, 0, 0, 0.10%, 0, 0, 1, 23.19, 15624, 63, 0, 0
680, 112, 1, 5, 0, 0, 0.10%, 0, 0, 1, 23.20, 15744, 63, 0, 0
685, 113, 1, 5, 0, 0, 0.10%, 0, 0, 1, 22.97, 15859, 63, 0, 0
690, 113, 1, 5, 0, 0, 0.10%, 0, 0, 1, 22.91, 15974, 63, 0, 0
695, 114, 1, 5, 0, 0, 0.10%, 0, 0, 1, 22.93, 16089, 63, 0, 0
701, 115, 1, 5, 0, 0, 0.10%, 0, 0, 1, 23.00, 16209, 63, 0, 0
706, 116, 1, 5, 0, 0, 0.10%, 0, 0, 1, 23.02, 16329, 63, 0, 0
711, 117, 1, 5, 0, 0, 0.10%, 0, 0, 1, 23.25, 16449, 63, 0, 0
716, 118, 1, 5, 0, 0, 0.10%, 0, 0, 1, 23.19, 16569, 63, 0, 0
721, 118, 1, 5, 0, 0, 0.10%, 0, 0, 1, 23.22, 16689, 63, 0, 0
726, 119, 1, 5, 0, 0, 0.10%, 0, 0, 1, 22.99, 16804, 63, 0, 0
731, 120, 1, 5, 0, 0, 0.10%, 0, 0, 1, 22.87, 16919, 63, 0, 0
736, 121, 1, 5, 0, 0, 0.10%, 0, 0, 1, 22.86, 17034, 63, 0, 0
741, 122, 1, 5, 0, 0, 0.10%, 0, 0, 1, 22.78, 17149, 63, 0, 0
747, 123, 1, 5, 0, 0, 0.10%, 0, 0, 1, 22.82, 17264, 63, 0, 0
752, 123, 1, 5, 0, 0, 0.10%, 0, 0, 1, 22.79, 17379, 63, 0, 0
757, 124, 1, 5, 0, 0, 0.10%, 0, 0, 1, 23.04, 17499, 63, 0, 0
762, 125, 1, 5, 0, 0, 0.10%, 0, 0, 1, 23.12, 17619, 63, 0, 0
767, 126, 1, 5, 0, 0, 0.10%, 0, 0, 1, 23.13, 17739, 63, 0, 0
772, 127, 1, 5, 0, 0, 0.10%, 0, 0, 1, 23.16, 17859, 63, 0, 0
778, 128, 1, 5, 0, 0, 0.10%, 0, 0, 1, 23.15, 17979, 63, 0, 0
783, 129, 1, 5, 0, 0, 0.10%, 0, 0, 1, 23.14, 18099, 63, 0, 0
788, 129, 1, 5, 0, 0, 0.10%, 0, 0, 1, 23.18, 18219, 63, 0, 0
793, 130, 1, 5, 0, 0, 0.10%, 0, 0, 1, 23.16, 18339, 63, 0, 0
798, 131, 1, 5, 0, 0, 0.10%, 0, 0, 1, 23.15, 18459, 63, 0, 0
803, 132, 1, 5, 0, 0, 0.10%, 0, 0, 1, 23.25, 18579, 63, 0, 0
809, 133, 1, 5, 0, 0, 0.10%, 0, 0, 1, 23.39, 18699, 63, 0, 0
814, 134, 1, 5, 0, 0, 0.10%, 0, 0, 1, 23.15, 18819, 63, 0, 0
819, 134, 1, 5, 0, 0, 0.10%, 0, 0, 1, 23.03, 18934, 63, 0, 0
824, 135, 1, 5, 0, 0, 0.10%, 0, 0, 1, 23.00, 19049, 63, 0, 0
829, 136, 1, 5, 0, 0, 0.10%, 0, 0, 1, 22.99, 19164, 63, 0, 0
834, 137, 1, 5, 0, 0, 0.10%, 0, 0, 1, 23.03, 19284, 63, 0, 0
839, 138, 1, 5, 0, 0, 0.10%, 0, 0, 1, 23.01, 19404, 63, 0, 0
844, 139, 1, 5, 0, 0, 0.10%, 0, 0, 1, 22.99, 19524, 63, 0, 0
850, 140, 1, 5, 0, 0, 0.10%, 0, 0, 1, 23.01, 19644, 63, 0, 0
855, 140, 1, 5, 0, 0, 0.10%, 0, 0, 1, 23.02, 19764, 63, 0, 0
860, 141, 1, 5, 0, 0, 0.10%, 0, 0, 1, 23.10, 19884, 63, 0, 0
865, 142, 1, 5, 0, 0, 0.10%, 0, 0, 1, 23.04, 20004, 63, 0, 0
870, 143, 1, 5, 0, 0, 0.10%, 0, 0, 1, 23.01, 20124, 63, 0, 0
875, 144, 1, 5, 0, 0, 0.10%, 0, 0, 1, 22.96, 20239, 63, 0, 0
880, 145, 1, 5, 0, 0, 0.10%, 0, 0, 1, 22.98, 20354, 63, 0, 0
885, 145, 1, 5, 0, 0, 0.10%, 0, 0, 1, 22.97, 20469, 63, 0, 0
891, 146, 1, 5, 0, 0, 0.10%, 0, 0, 1, 23.02, 20588, 63, 0, 0
896, 147, 1, 5, 0, 0, 0.10%, 0, 0, 1, 22.76, 20703, 63, 0, 0
897, 147, 1, 5, 0, 0, 0.10%, 0, 0, 1, 0.00, 20723, 63, 0, 0
