# relative_time, cycles_done, cur_item, corpus_count, pending_total, pending_favs, map_size, saved_crashes, saved_hangs, max_depth, execs_per_sec, total_execs, edges_found, total_crashes, servers_count
61, 11, 1, 5, 0, 0, 0.25%, 0, 0, 1, 25.25, 1581, 161, 0, 0
66, 11, 1, 5, 0, 0, 0.25%, 0, 0, 1, 25.11, 1712, 161, 0, 0
71, 12, 1, 5, 0, 0, 0.25%, 0, 0, 1, 24.84, 1840, 161, 0, 0
77, 13, 1, 5, 0, 0, 0.25%, 0, 0, 1, 25.32, 1969, 161, 0, 0
82, 14, 1, 5, 0, 0, 0.25%, 0, 0, 1, 24.95, 2093, 161, 0, 0
87, 15, 1, 5, 0, 0, 0.25%, 0, 0, 1, 24.93, 2223, 161, 0, 0
92, 16, 1, 5, 0, 0, 0.25%, 0, 0, 1, 25.28, 2351, 161, 0, 0
97, 17, 1, 5, 0, 0, 0.25%, 0, 0, 1, 24.85, 2477, 161, 0, 0
102, 18, 1, 5, 0, 0, 0.25%, 0, 0, 1, 25.16, 2604, 161, 0, 0
107, 19, 1, 5, 0, 0, 0.25%, 0, 0, 1, 25.19, 2732, 161, 0, 0
112, 20, 1, 5, 0, 0, 0.25%, 0, 0, 1, 25.18, 2861, 161, 0, 0
117, 21, 1, 5, 0, 0, 0.25%, 0, 0, 1, 25.72, 2991, 161, 0, 0
122, 22, 1, 5, 0, 0, 0.25%, 0, 0, 1, 25.41, 3120, 161, 0, 0
127, 22, 1, 5, 0, 0, 0.25%, 0, 0, 1, 25.06, 3249, 161, 0, 0
132, 23, 1, 5, 0, 0, 0.25%, 0, 0, 1, 25.02, 3375, 161, 0, 0
138, 24, 1, 5, 0, 0, 0.25%, 0, 0, 1, 25.04, 3504, 161, 0, 0
143, 25, 1, 5, 0, 0, 0.25%, 0, 0, 1, 24.98, 3631, 161, 0, 0
148, 26, 1, 5, 0, 0, 0.25%, 0, 0, 1, 25.20, 3762, 161, 0, 0
153, 27, 1, 5, 0, 0, 0.25%, 0, 0, 1, 25.07, 3890, 161, 0, 0
158, 28, 1, 5, 0, 0, 0.25%, 0, 0, 1, 24.65, 4018, 161, 0, 0
163, 29, 1, 5, 0, 0, 0.25%, 0, 0, 1, 24.91, 4147, 161, 0, 0
168, 30, 1, 5, 0, 0, 0.25%, 0, 0, 1, 25.22, 4275, 161, 0, 0
173, 31, 1, 5, 0, 0, 0.25%, 0, 0, 1, 24.98, 4403, 161, 0, 0
179, 32, 1, 5, 0, 0, 0.25%, 0, 0, 1, 24.97, 4530, 161, 0, 0
184, 33, 1, 5, 0, 0, 0.25%, 0, 0, 1, 25.10, 4661, 161, 0, 0
189, 33, 1, 5, 0, 0, 0.25%, 0, 0, 1, 25.09, 4788, 161, 0, 0
194, 34, 1, 5, 0, 0, 0.25%, 0, 0, 1, 25.15, 4918, 161, 0, 0
199, 35, 1, 5, 0, 0, 0.25%, 0, 0, 1, 25.31, 5048, 161, 0, 0
204, 36, 1, 5, 0, 0, 0.25%, 0, 0, 1, 25.23, 5175, 161, 0, 0
209, 37, 1, 5, 0, 0, 0.25%, 0, 0, 1, 25.20, 5301, 161, 0, 0
214, 38, 1, 5, 0, 0, 0.25%, 0, 0, 1, 25.00, 5427, 161, 0, 0
219, 39, 1, 5, 0, 0, 0.25%, 0, 0, 1, 25.26, 5557, 161, 0, 0
225, 40, 1, 5, 0, 0, 0.25%, 0, 0, 1, 25.22, 5689, 161, 0, 0
230, 41, 1, 5, 0, 0, 0.25%, 0, 0, 1, 25.30, 5817, 161, 0, 0
235, 42, 1, 5, 0, 0, 0.25%, 0, 0, 1, 25.15, 5944, 161, 0, 0
240, 43, 1, 5, 0, 0, 0.25%, 0, 0, 1, 25.20, 6074, 161, 0, 0
245, 44, 1, 5, 0, 0, 0.25%, 0, 0, 1, 25.16, 6204, 161, 0, 0
250, 44, 1, 5, 0, 0, 0.25%, 0, 0, 1, 25.03, 6334, 161, 0, 0
255, 45, 1, 5, 0, 0, 0.25%, 0, 0, 1, 25.29, 6464, 161, 0, 0
260, 46, 1, 5, 0, 0, 0.25%, 0, 0, 1, 24.81, 6591, 161, 0, 0
266, 47, 1, 5, 0, 0, 0.25%, 0, 0, 1, 25.05, 6720, 161, 0, 0
271, 48, 1, 5, 0, 0, 0.25%, 0, 0, 1, 24.08, 6842, 161, 0, 0
276, 49, 1, 5, 0, 0, 0.25%, 0, 0, 1, 24.92, 6971, 161, 0, 0
281, 50, 1, 5, 0, 0, 0.25%, 0, 0, 1, 25.01, 7100, 161, 0, 0
286, 51, 1, 5, 0, 0, 0.25%, 0, 0, 1, 24.77, 7225, 161, 0, 0
291, 52, 1, 5, 0, 0, 0.25%, 0, 0, 1, 25.15, 7353, 161, 0, 0
296, 53, 1, 5, 0, 0, 0.25%, 0, 0, 1, 25.17, 7482, 161, 0, 0
301, 54, 1, 5, 0, 0, 0.25%, 0, 0, 1, 25.23, 7611, 161, 0, 0
306, 55, 1, 5, 0, 0, 0.25%, 0, 0, 1, 25.34, 7740, 161, 0, 0
312, 55, 1, 5, 0, 0, 0.25%, 0, 0, 1, 25.01, 7868, 161, 0, 0
317, 56, 1, 5, 0, 0, 0.25%, 0, 0, 1, 25.24, 7995, 161, 0, 0
322, 57, 1, 5, 0, 0, 0.25%, 0, 0, 1, 24.89, 8123, 161, 0, 0
327, 58, 1, 5, 0, 0, 0.25%, 0, 0, 1, 25.13, 8250, 161, 0, 0
332, 59, 1, 5, 0, 0, 0.25%, 0, 0, 1, 25.13, 8381, 161, 0, 0
337, 60, 1, 5, 0, 0, 0.25%, 0, 0, 1, 25.29, 8508, 161, 0, 0
342, 61, 1, 5, 0, 0, 0.25%, 0, 0, 1, 25.11, 8636, 161, 0, 0
347, 62, 1, 5, 0, 0, 0.25%, 0, 0, 1, 25.57, 8768, 161, 0, 0
352, 63, 1, 5, 0, 0, 0.25%, 0, 0, 1, 25.05, 8898, 161, 0, 0
358, 64, 1, 5, 0, 0, 0.25%, 0, 0, 1, 25.08, 9028, 161, 0, 0
363, 65, 1, 5, 0, 0, 0.25%, 0, 0, 1, 25.14, 9155, 161, 0, 0
368, 66, 1, 5, 0, 0, 0.25%, 0, 0, 1, 25.32, 9284, 161, 0, 0
373, 66, 1, 5, 0, 0, 0.25%, 0, 0, 1, 25.37, 9413, 161, 0, 0
378, 67, 1, 5, 0, 0, 0.25%, 0, 0, 1, 25.37, 9545, 161, 0, 0
383, 68, 1, 5, 0, 0, 0.25%, 0, 0, 1, 25.00, 9672, 161, 0, 0
388, 69, 1, 5, 0, 0, 0.25%, 0, 0, 1, 25.09, 9801, 161, 0, 0
393, 70, 1, 5, 0, 0, 0.25%, 0, 0, 1, 25.37, 9929, 161, 0, 0
398, 71, 1, 5, 0, 0, 0.25%, 0, 0, 1, 25.33, 10061, 161, 0, 0
404, 72, 1, 5, 0, 0, 0.25%, 0, 0, 1, 25.15, 10190, 161, 0, 0
409, 73, 1, 5, 0, 0, 0.25%, 0, 0, 1, 25.17, 10321, 161, 0, 0
414, 74, 1, 5, 0, 0, 0.25%, 0, 0, 1, 25.27, 10452, 161, 0, 0
419, 75, 1, 5, 0, 0, 0.25%, 0, 0, 1, 24.88, 10578, 161, 0, 0
424, 76, 1, 5, 0, 0, 0.25%, 0, 0, 1, 24.94, 10705, 161, 0, 0
429, 77, 1, 5, 0, 0, 0.25%, 0, 0, 1, 24.98, 10833, 161, 0, 0
434, 78, 1, 5, 0, 0, 0.25%, 0, 0, 1, 25.33, 10965, 161, 0, 0
440, 78, 1, 5, 0, 0, 0.25%, 0, 0, 1, 24.85, 11091, 161, 0, 0
445, 79, 1, 5, 0, 0, 0.25%, 0, 0, 1, 24.90, 11217, 161, 0, 0
450, 80, 1, 5, 0, 0, 0.25%, 0, 0, 1, 24.76, 11342, 161, 0, 0
455, 81, 1, 5, 0, 0, 0.25%, 0, 0, 1, 25.03, 11469, 161, 0, 0
460, 82, 1, 5, 0, 0, 0.25%, 0, 0, 1, 25.13, 11599, 161, 0, 0
465, 83, 1, 5, 0, 0, 0.25%, 0, 0, 1, 25.06, 11724, 161, 0, 0
470, 84, 1, 5, 0, 0, 0.25%, 0, 0, 1, 25.18, 11856, 161, 0, 0
475, 85, 1, 5, 0, 0, 0.25%, 0, 0, 1, 25.12, 11986, 161, 0, 0
480, 86, 1, 5, 0, 0, 0.25%, 0, 0, 1, 25.03, 12116, 161, 0, 0
486, 87, 1, 5, 0, 0, 0.25%, 0, 0, 1, 25.09, 12246, 161, 0, 0
491, 88, 1, 5, 0, 0, 0.25%, 0, 0, 1, 25.14, 12375, 161, 0, 0
496, 89, 1, 5, 0, 0, 0.25%, 0, 0, 1, 25.22, 12505, 161, 0, 0
501, 89, 1, 5, 0, 0, 0.25%, 0, 0, 1, 25.25, 12634, 161, 0, 0
506, 90, 1, 5, 0, 0, 0.25%, 0, 0, 1, 25.04, 12763, 161, 0, 0
511, 91, 1, 5, 0, 0, 0.25%, 0, 0, 1, 25.22, 12893, 161, 0, 0
516, 92, 1, 5, 0, 0, 0.25%, 0, 0, 1, 25.14, 13022, 161, 0, 0
521, 93, 1, 5, 0, 0, 0.25%, 0, 0, 1, 25.25, 13149, 161, 0, 0
527, 94, 1, 5, 0, 0, 0.25%, 0, 0, 1, 25.30, 13281, 161, 0, 0
532, 95, 1, 5, 0, 0, 0.25%, 0, 0, 1, 24.92, 13409, 161, 0, 0
537, 96, 1, 5, 0, 0, 0.25%, 0, 0, 1, 24.97, 13536, 161, 0, 0
542, 97, 1, 5, 0, 0, 0.25%, 0, 0, 1, 24.88, 13659, 161, 0, 0
547, 98, 1, 5, 0, 0, 0.25%, 0, 0, 1, 24.90, 13787, 161, 0, 0
552, 99, 1, 5, 0, 0, 0.25%, 0, 0, 1, 24.87, 13913, 161, 0, 0
557, 100, 1, 5, 0, 0, 0.25%, 0, 0, 1, 24.93, 14040, 161, 0, 0
562, 100, 1, 5, 0, 0, 0.25%, 0, 0, 1, 25.07, 14169, 161, 0, 0
568, 101, 1, 5, 0, 0, 0.25%, 0, 0, 1, 25.21, 14300, 161, 0, 0
573, 102, 1, 5, 0, 0, 0.25%, 0, 0, 1, 25.23, 14431, 161, 0, 0
578, 103, 1, 5, 0, 0, 0.25%, 0, 0, 1, 25.18, 14561, 161, 0, 0
583, 104, 1, 5, 0, 0, 0.25%, 0, 0, 1, 25.27, 14691, 161, 0, 0
588, 105, 1, 5, 0, 0, 0.25%, 0, 0, 1, 25.19, 14818, 161, 0, 0
593, 106, 1, 5, 0, 0, 0.25%, 0, 0, 1, 25.17, 14948, 161, 0, 0
598, 107, 1, 5, 0, 0, 0.25%, 0, 0, 1, 25.11, 15078, 161, 0, 0
604, 108, 1, 5, 0, 0, 0.25%, 0, 0, 1, 25.18, 15210, 161, 0, 0
609, 109, 1, 5, 0, 0, 0.25%, 0, 0, 1, 25.00, 15336, 161, 0, 0
614, 110, 1, 5, 0, 0, 0.25%, 0, 0, 1, 25.03, 15466, 161, 0, 0
619, 111, 1, 5, 0, 0, 0.25%, 0, 0, 1, 24.96, 15595, 161, 0, 0
624, 112, 1, 5, 0, 0, 0.25%, 0, 0, 1, 25.02, 15724, 161, 0, 0
629, 112, 1, 5, 0, 0, 0.25%, 0, 0, 1, 25.11, 15854, 161, 0, 0
634, 113, 1, 5, 0, 0, 0.25%, 0, 0, 1, 25.12, 15981, 161, 0, 0
639, 114, 1, 5, 0, 0, 0.25%, 0, 0, 1, 24.99, 16109, 161, 0, 0
645, 115, 1, 5, 0, 0, 0.25%, 0, 0, 1, 25.07, 16237, 161, 0, 0
650, 116, 1, 5, 0, 0, 0.25%, 0, 0, 1, 25.08, 16364, 161, 0, 0
655, 117, 1, 5, 0, 0, 0.25%, 0, 0, 1, 25.15, 16495, 161, 0, 0
660, 118, 1, 5, 0, 0, 0.25%, 0, 0, 1, 25.06, 16626, 161, 0, 0
665, 119, 1, 5, 0, 0, 0.25%, 0, 0, 1, 24.95, 16753, 161, 0, 0
670, 120, 1, 5, 0, 0, 0.25%, 0, 0, 1, 25.21, 16883, 161, 0, 0
675, 121, 1, 5, 0, 0, 0.25%, 0, 0, 1, 25.24, 17010, 161, 0, 0
680, 122, 1, 5, 0, 0, 0.25%, 0, 0, 1, 25.00, 17140, 161, 0, 0
686, 123, 1, 5, 0, 0, 0.25%, 0, 0, 1, 25.43, 17269, 161, 0, 0
691, 123, 1, 5, 0, 0, 0.25%, 0, 0, 1, 24.59, 17393, 161, 0, 0
696, 124, 1, 5, 0, 0, 0.25%, 0, 0, 1, 24.84, 17518, 161, 0, 0
701, 125, 1, 5, 0, 0, 0.25%, 0, 0, 1, 24.93, 17646, 161, 0, 0
706, 126, 1, 5, 0, 0, 0.25%, 0, 0, 1, 25.33, 17778, 161, 0, 0
711, 127, 1, 5, 0, 0, 0.25%, 0, 0, 1, 25.21, 17905, 161, 0, 0
716, 128, 1, 5, 0, 0, 0.25%, 0, 0, 1, 25.18, 18036, 161, 0, 0
721, 129, 1, 5, 0, 0, 0.25%, 0, 0, 1, 25.11, 18165, 161, 0, 0
726, 130, 1, 5, 0, 0, 0.25%, 0, 0, 1, 25.08, 18291, 161, 0, 0
731, 131, 1, 5, 0, 0, 0.25%, 0, 0, 1, 25.12, 18420, 161, 0, 0
736, 132, 1, 5, 0, 0, 0.25%, 0, 0, 1, 24.92, 18545, 161, 0, 0
742, 133, 1, 5, 0, 0, 0.25%, 0, 0, 1, 25.07, 18676, 161, 0, 0
747, 134, 1, 5, 0, 0, 0.25%, 0, 0, 1, 25.11, 18803, 161, 0, 0
752, 134, 1, 5, 0, 0, 0.25%, 0, 0, 1, 25.27, 18933, 161, 0, 0
757, 135, 1, 5, 0, 0, 0.25%, 0, 0, 1, 24.94, 19062, 161, 0, 0
762, 136, 1, 5, 0, 0, 0.25%, 0, 0, 1, 25.11, 19191, 161, 0, 0
767, 137, 1, 5, 0, 0, 0.25%, 0, 0, 1, 25.11, 19317, 161, 0, 0
772, 138, 1, 5, 0, 0, 0.25%, 0, 0, 1, 25.05, 19444, 161, 0, 0
777, 139, 1, 5, 0, 0, 0.25%, 0, 0, 1, 25.32, 19572, 161, 0, 0
782, 140, 1, 5, 0, 0, 0.25%, 0, 0, 1, 24.97, 19698, 161, 0, 0
787, 141, 1, 5, 0, 0, 0.25%, 0, 0, 1, 24.76, 19823, 161, 0, 0
793, 142, 1, 5, 0, 0, 0.25%, 0, 0, 1, 25.35, 19955, 161, 0, 0
798, 143, 1, 5, 0, 0, 0.25%, 0, 0, 1, 24.73, 20080, 161, 0, 0
803, 144, 1, 5, 0, 0, 0.25%, 0, 0, 1, 25.21, 20210, 161, 0, 0
808, 144, 1, 5, 0, 0, 0.25%, 0, 0, 1, 25.20, 20336, 161, 0, 0
813, 145, 1, 5, 0, 0, 0.25%, 0, 0, 1, 25.50, 20466, 161, 0, 0
818, 146, 1, 5, 0, 0, 0.25%, 0, 0, 1, 25.15, 20597, 161, 0, 0
823, 147, 1, 5, 0, 0, 0.25%, 0, 0, 1, 25.12, 20726, 161, 0, 0
828, 148, 1, 5, 0, 0, 0.25%, 0, 0, 1, 25.21, 20855, 161, 0, 0
833, 149, 1, 5, 0, 0, 0.25%, 0, 0, 1, 25.17, 20984, 161, 0, 0
838, 150, 1, 5, 0, 0, 0.25%, 0, 0, 1, 24.96, 21109, 161, 0, 0
844, 151, 1, 5, 0, 0, 0.25%, 0, 0, 1, 24.94, 21236, 161, 0, 0
849, 152, 1, 5, 0, 0, 0.25%, 0, 0, 1, 25.15, 21367, 161, 0, 0
854, 153, 1, 5, 0, 0, 0.25%, 0, 0, 1, 24.86, 21493, 161, 0, 0
859, 154, 1, 5, 0, 0, 0.25%, 0, 0, 1, 24.95, 21621, 161, 0, 0
864, 155, 1, 5, 0, 0, 0.25%, 0, 0, 1, 24.34, 21744, 161, 0, 0
869, 155, 1, 5, 0, 0, 0.25%, 0, 0, 1, 24.52, 21870, 161, 0, 0
874, 156, 1, 5, 0, 0, 0.25%, 0, 0, 1, 25.14, 21997, 161, 0, 0
879, 157, 1, 5, 0, 0, 0.25%, 0, 0, 1, 24.96, 22125, 161, 0, 0
884, 158, 1, 5, 0, 0, 0.25%, 0, 0, 1, 25.14, 22254, 161, 0, 0
890, 159, 1, 5, 0, 0, 0.25%, 0, 0, 1, 25.09, 22384, 161, 0, 0
895, 160, 1, 5, 0, 0, 0.25%, 0, 0, 1, 24.71, 22510, 161, 0, 0
897, 160, 1, 5, 0, 0, 0.25%, 0, 0, 1, 24.71, 22562, 161, 0, 0
