# relative_time, cycles_done, cur_item, corpus_count, pending_total, pending_favs, map_size, saved_crashes, saved_hangs, max_depth, execs_per_sec, total_execs, edges_found, total_crashes, servers_count
61, 20, 0, 5, 0, 0, 0.08%, 0, 0, 1, 46.00, 2840, 50, 0, 0
66, 21, 1, 5, 0, 0, 0.08%, 0, 0, 1, 45.22, 3068, 50, 0, 0
71, 23, 1, 5, 0, 0, 0.08%, 0, 0, 1, 45.21, 3298, 50, 0, 0
76, 24, 1, 5, 0, 0, 0.08%, 0, 0, 1, 45.23, 3528, 50, 0, 0
81, 26, 1, 5, 0, 0, 0.08%, 0, 0, 1, 45.20, 3756, 50, 0, 0
86, 28, 1, 5, 0, 0, 0.08%, 0, 0, 1, 45.13, 3985, 50, 0, 0
91, 29, 1, 5, 0, 0, 0.08%, 0, 0, 1, 45.11, 4212, 50, 0, 0
96, 31, 1, 5, 0, 0, 0.08%, 0, 0, 1, 45.20, 4444, 50, 0, 0
102, 33, 1, 5, 0, 0, 0.08%, 0, 0, 1, 45.30, 4677, 50, 0, 0
107, 34, 0, 5, 0, 0, 0.08%, 0, 0, 1, 45.22, 4908, 50, 0, 0
112, 36, 1, 5, 0, 0, 0.08%, 0, 0, 1, 45.08, 5138, 50, 0, 0
117, 38, 1, 5, 0, 0, 0.08%, 0, 0, 1, 45.04, 5364, 50, 0, 0
122, 39, 1, 5, 0, 0, 0.08%, 0, 0, 1, 44.82, 5590, 50, 0, 0
127, 41, 1, 5, 0, 0, 0.08%, 0, 0, 1, 44.78, 5815, 50, 0, 0
132, 42, 1, 5, 0, 0, 0.08%, 0, 0, 1, 44.86, 6045, 50, 0, 0
137, 44, 0, 5, 0, 0, 0.08%, 0, 0, 1, 44.79, 6276, 50, 0, 0
142, 46, 0, 5, 0, 0, 0.08%, 0, 0, 1, 45.81, 6509, 50, 0, 0
147, 47, 0, 5, 0, 0, 0.08%, 0, 0, 1, 46.80, 6749, 50, 0, 0
152, 49, 1, 5, 0, 0, 0.08%, 0, 0, 1, 47.12, 6989, 50, 0, 0
157, 51, 0, 5, 0, 0, 0.08%, 0, 0, 1, 47.13, 7229, 50, 0, 0
163, 53, 1, 5, 0, 0, 0.08%, 0, 0, 1, 47.17, 7469, 50, 0, 0
168, 54, 1, 5, 0, 0, 0.08%, 0, 0, 1, 47.13, 7709, 50, 0, 0
173, 56, 1, 5, 0, 0, 0.08%, 0, 0, 1, 47.14, 7949, 50, 0, 0
178, 58, 0, 5, 0, 0, 0.08%, 0, 0, 1, 47.06, 8189, 50, 0, 0
183, 59, 1, 5, 0, 0, 0.08%, 0, 0, 1, 47.19, 8429, 50, 0, 0
188, 61, 1, 5, 0, 0, 0.08%, 0, 0, 1, 47.16, 8669, 50, 0, 0
193, 63, 1, 5, 0, 0, 0.08%, 0, 0, 1, 47.18, 8909, 50, 0, 0
198, 65, 1, 5, 0, 0, 0.08%, 0, 0, 1, 46.76, 9149, 50, 0, 0
203, 66, 1, 5, 0, 0, 0.08%, 0, 0, 1, 45.79, 9382, 50, 0, 0
208, 68, 1, 5, 0, 0, 0.08%, 0, 0, 1, 44.77, 9607, 50, 0, 0
213, 69, 0, 5, 0, 0, 0.08%, 0, 0, 1, 44.61, 9832, 50, 0, 0
218, 71, 1, 5, 0, 0, 0.08%, 0, 0, 1, 44.61, 10057, 50, 0, 0
224, 73, 1, 5, 0, 0, 0.08%, 0, 0, 1, 44.58, 10282, 50, 0, 0
229, 74, 1, 5, 0, 0, 0.08%, 0, 0, 1, 44.22, 10507, 50, 0, 0
234, 76, 1, 5, 0, 0, 0.08%, 0, 0, 1, 44.16, 10732, 50, 0, 0
239, 78, 1, 5, 0, 0, 0.08%, 0, 0, 1, 44.89, 10963, 50, 0, 0
244, 79, 1, 5, 0, 0, 0.08%, 0, 0, 1, 46.05, 11203, 50, 0, 0
249, 81, 1, 5, 0, 0, 0.08%, 0, 0, 1, 46.30, 11443, 50, 0, 0
254, 83, 1, 5, 0, 0, 0.08%, 0, 0, 1, 46.30, 11683, 50, 0, 0
260, 84, 0, 5, 0, 0, 0.08%, 0, 0, 1, 46.40, 11923, 50, 0, 0
265, 86, 1, 5, 0, 0, 0.08%, 0, 0, 1, 46.52, 12162, 50, 0, 0
270, 88, 1, 5, 0, 0, 0.08%, 0, 0, 1, 46.74, 12402, 50, 0, 0
275, 90, 1, 5, 0, 0, 0.08%, 0, 0, 1, 46.81, 12642, 50, 0, 0
280, 91, 1, 5, 0, 0, 0.08%, 0, 0, 1, 46.85, 12882, 50, 0, 0
285, 93, 1, 5, 0, 0, 0.08%, 0, 0, 1, 46.82, 13122, 50, 0, 0
290, 95, 1, 5, 0, 0, 0.08%, 0, 0, 1, 46.38, 13359, 50, 0, 0
295, 96, 1, 5, 0, 0, 0.08%, 0, 0, 1, 44.99, 13586, 50, 0, 0
300, 98, 1, 5, 0, 0, 0.08%, 0, 0, 1, 44.76, 13812, 50, 0, 0
306, 100, 1, 5, 0, 0, 0.08%, 0, 0, 1, 44.83, 14041, 50, 0, 0
311, 101, 1, 5, 0, 0, 0.08%, 0, 0, 1, 44.65, 14268, 50, 0, 0
316, 103, 1, 5, 0, 0, 0.08%, 0, 0, 1, 44.72, 14493, 50, 0, 0
321, 104, 1, 5, 0, 0, 0.08%, 0, 0, 1, 44.68, 14720, 50, 0, 0
326, 106, 1, 5, 0, 0, 0.08%, 0, 0, 1, 44.67, 14947, 50, 0, 0
331, 108, 1, 5, 0, 0, 0.08%, 0, 0, 1, 44.62, 15173, 50, 0, 0
336, 109, 0, 5, 0, 0, 0.08%, 0, 0, 1, 44.55, 15398, 50, 0, 0
341, 111, 0, 5, 0, 0, 0.08%, 0, 0, 1, 44.56, 15624, 50, 0, 0
346, 112, 1, 5, 0, 0, 0.08%, 0, 0, 1, 44.59, 15850, 50, 0, 0
351, 114, 0, 5, 0, 0, 0.08%, 0, 0, 1, 45.06, 16080, 50, 0, 0
356, 116, 1, 5, 0, 0, 0.08%, 0, 0, 1, 46.49, 16320, 50, 0, 0
361, 117, 0, 5, 0, 0, 0.08%, 0, 0, 1, 44.86, 16547, 50, 0, 0
366, 119, 1, 5, 0, 0, 0.08%, 0, 0, 1, 45.98, 16777, 50, 0, 0
372, 121, 1, 5, 0, 0, 0.08%, 0, 0, 1, 46.67, 17017, 50, 0, 0
377, 122, 1, 5, 0, 0, 0.08%, 0, 0, 1, 46.84, 17257, 50, 0, 0
382, 124, 1, 5, 0, 0, 0.08%, 0, 0, 1, 46.90, 17497, 50, 0, 0
387, 126, 0, 5, 0, 0, 0.08%, 0, 0, 1, 46.82, 17737, 50, 0, 0
392, 128, 1, 5, 0, 0, 0.08%, 0, 0, 1, 46.75, 17977, 50, 0, 0
397, 129, 1, 5, 0, 0, 0.08%, 0, 0, 1, 46.84, 18217, 50, 0, 0
402, 131, 1, 5, 0, 0, 0.08%, 0, 0, 1, 46.89, 18457, 50, 0, 0
407, 133, 0, 5, 0, 0, 0.08%, 0, 0, 1, 45.04, 18684, 50, 0, 0
412, 134, 1, 5, 0, 0, 0.08%, 0, 0, 1, 44.74, 18910, 50, 0, 0
417, 136, 1, 5, 0, 0, 0.08%, 0, 0, 1, 44.59, 19135, 50, 0, 0
423, 138, 1, 5, 0, 0, 0.08%, 0, 0, 1, 44.62, 19360, 50, 0, 0
428, 139, 1, 5, 0, 0, 0.08%, 0, 0, 1, 44.49, 19586, 50, 0, 0
433, 141, 1, 5, 0, 0, 0.08%, 0, 0, 1, 44.36, 19811, 50, 0, 0
438, 142, 1, 5, 0, 0, 0.08%, 0, 0, 1, 44.26, 20036, 50, 0, 0
443, 144, 1, 5, 0, 0, 0.08%, 0, 0, 1, 44.23, 20261, 50, 0, 0
448, 146, 0, 5, 0, 0, 0.08%, 0, 0, 1, 44.22, 20486, 50, 0, 0
453, 147, 1, 5, 0, 0, 0.08%, 0, 0, 1, 44.36, 20711, 50, 0, 0
458, 149, 1, 5, 0, 0, 0.08%, 0, 0, 1, 44.48, 20937, 50, 0, 0
463, 150, 1, 5, 0, 0, 0.08%, 0, 0, 1, 44.46, 21163, 50, 0, 0
468, 152, 1, 5, 0, 0, 0.08%, 0, 0, 1, 44.68, 21392, 50, 0, 0
473, 154, 1, 5, 0, 0, 0.08%, 0, 0, 1, 44.77, 21623, 50, 0, 0
479, 155, 1, 5, 0, 0, 0.08%, 0, 0, 1, 45.53, 21860, 50, 0, 0
484, 157, 1, 5, 0, 0, 0.08%, 0, 0, 1, 46.61, 22096, 50, 0, 0
489, 159, 0, 5, 0, 0, 0.08%, 0, 0, 1, 46.49, 22336, 50, 0, 0
494, 160, 1, 5, 0, 0, 0.08%, 0, 0, 1, 46.43, 22576, 50, 0, 0
499, 162, 1, 5, 0, 0, 0.08%, 0, 0, 1, 46.42, 22816, 50, 0, 0
504, 164, 1, 5, 0, 0, 0.08%, 0, 0, 1, 46.54, 23053, 50, 0, 0
509, 166, 1, 5, 0, 0, 0.08%, 0, 0, 1, 46.65, 23293, 50, 0, 0
515, 167, 1, 5, 0, 0, 0.08%, 0, 0, 1, 46.64, 23533, 50, 0, 0
520, 169, 1, 5, 0, 0, 0.08%, 0, 0, 1, 46.64, 23773, 50, 0, 0
525, 171, 1, 5, 0, 0, 0.08%, 0, 0, 1, 46.72, 24013, 50, 0, 0
530, 172, 1, 5, 0, 0, 0.08%, 0, 0, 1, 46.72, 24253, 50, 0, 0
535, 174, 1, 5, 0, 0, 0.08%, 0, 0, 1, 46.74, 24493, 50, 0, 0
540, 176, 1, 5, 0, 0, 0.08%, 0, 0, 1, 46.70, 24733, 50, 0, 0
545, 178, 1, 5, 0, 0, 0.08%, 0, 0, 1, 46.69, 24973, 50, 0, 0
551, 179, 1, 5, 0, 0, 0.08%, 0, 0, 1, 46.73, 25213, 50, 0, 0
556, 181, 1, 5, 0, 0, 0.08%, 0, 0, 1, 46.73, 25453, 50, 0, 0
561, 183, 1, 5, 0, 0, 0.08%, 0, 0, 1, 46.73, 25693, 50, 0, 0
566, 184, 1, 5, 0, 0, 0.08%, 0, 0, 1, 46.61, 25931, 50, 0, 0
571, 186, 1, 5, 0, 0, 0.08%, 0, 0, 1, 46.09, 26166, 50, 0, 0
576, 188, 1, 5, 0, 0, 0.08%, 0, 0, 1, 44.75, 26391, 50, 0, 0
581, 189, 1, 5, 0, 0, 0.08%, 0, 0, 1, 44.53, 26616, 50, 0, 0
586, 191, 1, 5, 0, 0, 0.08%, 0, 0, 1, 44.69, 26842, 50, 0, 0
591, 193, 1, 5, 0, 0, 0.08%, 0, 0, 1, 44.75, 27071, 50, 0, 0
596, 194, 1, 5, 0, 0, 0.08%, 0, 0, 1, 44.67, 27298, 50, 0, 0
602, 196, 1, 5, 0, 0, 0.08%, 0, 0, 1, 45.09, 27529, 50, 0, 0
607, 198, 1, 5, 0, 0, 0.08%, 0, 0, 1, 46.60, 27769, 50, 0, 0
612, 199, 1, 5, 0, 0, 0.08%, 0, 0, 1, 46.90, 28009, 50, 0, 0
617, 201, 0, 5, 0, 0, 0.08%, 0, 0, 1, 46.95, 28249, 50, 0, 0
622, 203, 1, 5, 0, 0, 0.08%, 0, 0, 1, 47.00, 28489, 50, 0, 0
627, 204, 1, 5, 0, 0, 0.08%, 0, 0, 1, 47.00, 28729, 50, 0, 0
632, 206, 1, 5, 0, 0, 0.08%, 0, 0, 1, 47.01, 28969, 50, 0, 0
637, 208, 1, 5, 0, 0, 0.08%, 0, 0, 1, 46.42, 29205, 50, 0, 0
642, 210, 1, 5, 0, 0, 0.08%, 0, 0, 1, 46.67, 29445, 50, 0, 0
648, 211, 1, 5, 0, 0, 0.08%, 0, 0, 1, 46.71, 29685, 50, 0, 0
653, 213, 1, 5, 0, 0, 0.08%, 0, 0, 1, 46.49, 29924, 50, 0, 0
658, 215, 1, 5, 0, 0, 0.08%, 0, 0, 1, 46.70, 30164, 50, 0, 0
663, 216, 0, 5, 0, 0, 0.08%, 0, 0, 1, 46.80, 30404, 50, 0, 0
668, 218, 1, 5, 0, 0, 0.08%, 0, 0, 1, 46.86, 30644, 50, 0, 0
673, 220, 0, 5, 0, 0, 0.08%, 0, 0, 1, 46.83, 30884, 50, 0, 0
678, 222, 1, 5, 0, 0, 0.08%, 0, 0, 1, 46.66, 31121, 50, 0, 0
683, 223, 0, 5, 0, 0, 0.08%, 0, 0, 1, 45.84, 31352, 50, 0, 0
688, 225, 1, 5, 0, 0, 0.08%, 0, 0, 1, 45.14, 31581, 50, 0, 0
694, 226, 1, 5, 0, 0, 0.08%, 0, 0, 1, 45.04, 31814, 50, 0, 0
699, 228, 0, 5, 0, 0, 0.08%, 0, 0, 1, 44.95, 32046, 50, 0, 0
704, 230, 1, 5, 0, 0, 0.08%, 0, 0, 1, 44.82, 32272, 50, 0, 0
709, 231, 1, 5, 0, 0, 0.08%, 0, 0, 1, 44.82, 32500, 50, 0, 0
714, 233, 1, 5, 0, 0, 0.08%, 0, 0, 1, 45.74, 32730, 50, 0, 0
719, 235, 1, 5, 0, 0, 0.08%, 0, 0, 1, 46.17, 32970, 50, 0, 0
724, 236, 1, 5, 0, 0, 0.08%, 0, 0, 1, 44.88, 33195, 50, 0, 0
729, 238, 1, 5, 0, 0, 0.08%, 0, 0, 1, 45.74, 33432, 50, 0, 0
734, 240, 1, 5, 0, 0, 0.08%, 0, 0, 1, 44.64, 33657, 50, 0, 0
739, 241, 0, 5, 0, 0, 0.08%, 0, 0, 1, 44.34, 33882, 50, 0, 0
745, 243, 1, 5, 0, 0, 0.08%, 0, 0, 1, 44.12, 34106, 50, 0, 0
750, 244, 0, 5, 0, 0, 0.08%, 0, 0, 1, 44.09, 34331, 50, 0, 0
755, 246, 1, 5, 0, 0, 0.08%, 0, 0, 1, 45.56, 34561, 50, 0, 0
760, 248, 0, 5, 0, 0, 0.08%, 0, 0, 1, 46.25, 34801, 50, 0, 0
765, 250, 0, 5, 0, 0, 0.08%, 0, 0, 1, 46.34, 35041, 50, 0, 0
770, 251, 1, 5, 0, 0, 0.08%, 0, 0, 1, 46.37, 35281, 50, 0, 0
775, 253, 1, 5, 0, 0, 0.08%, 0, 0, 1, 45.56, 35513, 50, 0, 0
780, 255, 1, 5, 0, 0, 0.08%, 0, 0, 1, 44.85, 35740, 50, 0, 0
785, 256, 1, 5, 0, 0, 0.08%, 0, 0, 1, 44.55, 35965, 50, 0, 0
790, 258, 1, 5, 0, 0, 0.08%, 0, 0, 1, 44.64, 36190, 50, 0, 0
796, 259, 1, 5, 0, 0, 0.08%, 0, 0, 1, 44.63, 36416, 50, 0, 0
801, 261, 1, 5, 0, 0, 0.08%, 0, 0, 1, 44.61, 36642, 50, 0, 0
806, 263, 1, 5, 0, 0, 0.08%, 0, 0, 1, 45.78, 36874, 50, 0, 0
811, 264, 1, 5, 0, 0, 0.08%, 0, 0, 1, 46.31, 37114, 50, 0, 0
816, 266, 1, 5, 0, 0, 0.08%, 0, 0, 1, 46.33, 37354, 50, 0, 0
821, 268, 1, 5, 0, 0, 0.08%, 0, 0, 1, 46.35, 37594, 50, 0, 0
826, 269, 1, 5, 0, 0, 0.08%, 0, 0, 1, 46.30, 37834, 50, 0, 0
832, 271, 1, 5, 0, 0, 0.08%, 0, 0, 1, 45.71, 38069, 50, 0, 0
837, 273, 1, 5, 0, 0, 0.08%, 0, 0, 1, 44.34, 38294, 50, 0, 0
842, 274, 1, 5, 0, 0, 0.08%, 0, 0, 1, 44.44, 38519, 50, 0, 0
847, 276, 0, 5, 0, 0, 0.08%, 0, 0, 1, 44.60, 38744, 50, 0, 0
852, 278, 1, 5, 0, 0, 0.08%, 0, 0, 1, 44.76, 38972, 50, 0, 0
857, 279, 1, 5, 0, 0, 0.08%, 0, 0, 1, 45.64, 39202, 50, 0, 0
862, 281, 1, 5, 0, 0, 0.08%, 0, 0, 1, 45.79, 39432, 50, 0, 0
867, 283, 1, 5, 0, 0, 0.08%, 0, 0, 1, 45.85, 39662, 50, 0, 0
872, 284, 1, 5, 0, 0, 0.08%, 0, 0, 1, 46.00, 39902, 50, 0, 0
877, 286, 1, 5, 0, 0, 0.08%, 0, 0, 1, 46.02, 40142, 50, 0, 0
882, 288, 1, 5, 0, 0, 0.08%, 0, 0, 1, 45.98, 40372, 50, 0, 0
887, 289, 1, 5, 0, 0, 0.08%, 0, 0, 1, 45.44, 40606, 50, 0, 0
893, 291, 1, 5, 0, 0, 0.08%, 0, 0, 1, 44.87, 40833, 50, 0, 0
897, 292, 1, 5, 0, 0, 0.08%, 0, 0, 1, 42.99, 41049, 50, 0, 0
