# relative_time, cycles_done, cur_item, corpus_count, pending_total, pending_favs, map_size, saved_crashes, saved_hangs, max_depth, execs_per_sec, total_execs, edges_found, total_crashes, servers_count
61, 19, 1, 5, 0, 0, 0.09%, 0, 0, 1, 43.85, 2716, 61, 0, 0
66, 20, 1, 5, 0, 0, 0.09%, 0, 0, 1, 43.96, 2941, 61, 0, 0
71, 22, 1, 5, 0, 0, 0.09%, 0, 0, 1, 43.87, 3166, 61, 0, 0
77, 23, 1, 5, 0, 0, 0.09%, 0, 0, 1, 43.89, 3391, 61, 0, 0
82, 25, 1, 5, 0, 0, 0.09%, 0, 0, 1, 43.90, 3616, 61, 0, 0
87, 27, 1, 5, 0, 0, 0.09%, 0, 0, 1, 43.97, 3841, 61, 0, 0
92, 28, 1, 5, 0, 0, 0.09%, 0, 0, 1, 44.05, 4066, 61, 0, 0
97, 30, 1, 5, 0, 0, 0.09%, 0, 0, 1, 44.04, 4291, 61, 0, 0
102, 31, 1, 5, 0, 0, 0.09%, 0, 0, 1, 43.98, 4516, 61, 0, 0
107, 33, 1, 5, 0, 0, 0.09%, 0, 0, 1, 44.07, 4741, 61, 0, 0
112, 35, 1, 5, 0, 0, 0.09%, 0, 0, 1, 44.06, 4966, 61, 0, 0
117, 36, 1, 5, 0, 0, 0.09%, 0, 0, 1, 43.97, 5191, 61, 0, 0
122, 38, 1, 5, 0, 0, 0.09%, 0, 0, 1, 45.19, 5419, 61, 0, 0
128, 40, 1, 5, 0, 0, 0.09%, 0, 0, 1, 46.02, 5659, 61, 0, 0
133, 41, 1, 5, 0, 0, 0.09%, 0, 0, 1, 46.26, 5899, 61, 0, 0
138, 43, 1, 5, 0, 0, 0.09%, 0, 0, 1, 46.33, 6139, 61, 0, 0
143, 45, 1, 5, 0, 0, 0.09%, 0, 0, 1, 45.30, 6369, 61, 0, 0
148, 46, 1, 5, 0, 0, 0.09%, 0, 0, 1, 44.31, 6594, 61, 0, 0
153, 48, 1, 5, 0, 0, 0.09%, 0, 0, 1, 43.80, 6819, 61, 0, 0
159, 50, 1, 5, 0, 0, 0.09%, 0, 0, 1, 43.67, 7044, 61, 0, 0
164, 51, 1, 5, 0, 0, 0.09%, 0, 0, 1, 43.61, 7269, 61, 0, 0
169, 53, 1, 5, 0, 0, 0.09%, 0, 0, 1, 43.71, 7494, 61, 0, 0
174, 54, 1, 5, 0, 0, 0.09%, 0, 0, 1, 43.71, 7719, 61, 0, 0
179, 56, 1, 5, 0, 0, 0.09%, 0, 0, 1, 43.67, 7944, 61, 0, 0
184, 58, 1, 5, 0, 0, 0.09%, 0, 0, 1, 43.56, 8169, 61, 0, 0
189, 59, 1, 5, 0, 0, 0.09%, 0, 0, 1, 43.63, 8394, 61, 0, 0
195, 61, 1, 5, 0, 0, 0.09%, 0, 0, 1, 43.60, 8619, 61, 0, 0
200, 62, 1, 5, 0, 0, 0.09%, 0, 0, 1, 43.62, 8844, 61, 0, 0
205, 64, 1, 5, 0, 0, 0.09%, 0, 0, 1, 43.69, 9069, 61, 0, 0
210, 66, 1, 5, 0, 0, 0.09%, 0, 0, 1, 43.64, 9294, 61, 0, 0
215, 67, 1, 5, 0, 0, 0.09%, 0, 0, 1, 45.54, 9527, 61, 0, 0
220, 69, 1, 5, 0, 0, 0.09%, 0, 0, 1, 46.24, 9767, 61, 0, 0
226, 71, 1, 5, 0, 0, 0.09%, 0, 0, 1, 46.31, 10007, 61, 0, 0
231, 72, 1, 5, 0, 0, 0.09%, 0, 0, 1, 46.42, 10247, 61, 0, 0
236, 74, 1, 5, 0, 0, 0.09%, 0, 0, 1, 46.40, 10487, 61, 0, 0
241, 76, 1, 5, 0, 0, 0.09%, 0, 0, 1, 46.22, 10726, 61, 0, 0
246, 78, 1, 5, 0, 0, 0.09%, 0, 0, 1, 46.27, 10966, 61, 0, 0
251, 79, 1, 5, 0, 0, 0.09%, 0, 0, 1, 45.55, 11201, 61, 0, 0
256, 81, 1, 5, 0, 0, 0.09%, 0, 0, 1, 44.27, 11426, 61, 0, 0
262, 82, 1, 5, 0, 0, 0.09%, 0, 0, 1, 43.84, 11651, 61, 0, 0
267, 84, 1, 5, 0, 0, 0.09%, 0, 0, 1, 44.21, 11876, 61, 0, 0
272, 86, 1, 5, 0, 0, 0.09%, 0, 0, 1, 43.66, 12101, 61, 0, 0
277, 87, 1, 5, 0, 0, 0.09%, 0, 0, 1, 44.28, 12326, 61, 0, 0
282, 89, 1, 5, 0, 0, 0.09%, 0, 0, 1, 44.33, 12551, 61, 0, 0
287, 90, 1, 5, 0, 0, 0.09%, 0, 0, 1, 44.40, 12776, 61, 0, 0
292, 92, 1, 5, 0, 0, 0.09%, 0, 0, 1, 44.30, 13001, 61, 0, 0
297, 94, 1, 5, 0, 0, 0.09%, 0, 0, 1, 44.26, 13226, 61, 0, 0
302, 95, 1, 5, 0, 0, 0.09%, 0, 0, 1, 44.27, 13451, 61, 0, 0
307, 97, 1, 5, 0, 0, 0.09%, 0, 0, 1, 44.29, 13676, 61, 0, 0
313, 99, 1, 5, 0, 0, 0.09%, 0, 0, 1, 44.75, 13907, 61, 0, 0
318, 100, 1, 5, 0, 0, 0.09%, 0, 0, 1, 45.41, 14137, 61, 0, 0
323, 102, 1, 5, 0, 0, 0.09%, 0, 0, 1, 45.49, 14367, 61, 0, 0
328, 103, 1, 5, 0, 0, 0.09%, 0, 0, 1, 45.51, 14597, 61, 0, 0
333, 105, 1, 5, 0, 0, 0.09%, 0, 0, 1, 44.51, 14824, 61, 0, 0
338, 107, 1, 5, 0, 0, 0.09%, 0, 0, 1, 43.98, 15049, 61, 0, 0
343, 108, 1, 5, 0, 0, 0.09%, 0, 0, 1, 43.85, 15274, 61, 0, 0
348, 110, 1, 5, 0, 0, 0.09%, 0, 0, 1, 43.76, 15499, 61, 0, 0
353, 112, 1, 5, 0, 0, 0.09%, 0, 0, 1, 44.77, 15725, 61, 0, 0
358, 113, 1, 5, 0, 0, 0.09%, 0, 0, 1, 45.50, 15963, 61, 0, 0
363, 115, 1, 5, 0, 0, 0.09%, 0, 0, 1, 45.62, 16192, 61, 0, 0
368, 117, 1, 5, 0, 0, 0.09%, 0, 0, 1, 45.80, 16422, 61, 0, 0
374, 118, 1, 5, 0, 0, 0.09%, 0, 0, 1, 45.61, 16651, 61, 0, 0
379, 120, 1, 5, 0, 0, 0.09%, 0, 0, 1, 45.79, 16881, 61, 0, 0
384, 121, 1, 5, 0, 0, 0.09%, 0, 0, 1, 45.81, 17111, 61, 0, 0
389, 123, 1, 5, 0, 0, 0.09%, 0, 0, 1, 45.75, 17340, 61, 0, 0
394, 125, 1, 5, 0, 0, 0.09%, 0, 0, 1, 45.58, 17568, 61, 0, 0
399, 126, 1, 5, 0, 0, 0.09%, 0, 0, 1, 45.39, 17803, 61, 0, 0
404, 128, 1, 5, 0, 0, 0.09%, 0, 0, 1, 45.34, 18037, 61, 0, 0
409, 130, 1, 5, 0, 0, 0.09%, 0, 0, 1, 45.43, 18266, 61, 0, 0
414, 131, 1, 5, 0, 0, 0.09%, 0, 0, 1, 45.39, 18495, 61, 0, 0
419, 133, 1, 5, 0, 0, 0.09%, 0, 0, 1, 44.67, 18720, 61, 0, 0
424, 135, 1, 5, 0, 0, 0.09%, 0, 0, 1, 43.93, 18945, 61, 0, 0
429, 136, 1, 5, 0, 0, 0.09%, 0, 0, 1, 43.88, 19170, 61, 0, 0
434, 138, 1, 5, 0, 0, 0.09%, 0, 0, 1, 43.96, 19395, 61, 0, 0
440, 139, 1, 5, 0, 0, 0.09%, 0, 0, 1, 43.98, 19620, 61, 0, 0
445, 141, 1, 5, 0, 0, 0.09%, 0, 0, 1, 44.03, 19845, 61, 0, 0
450, 143, 1, 5, 0, 0, 0.09%, 0, 0, 1, 43.87, 20070, 61, 0, 0
455, 144, 1, 5, 0, 0, 0.09%, 0, 0, 1, 43.79, 20295, 61, 0, 0
460, 146, 1, 5, 0, 0, 0.09%, 0, 0, 1, 43.83, 20520, 61, 0, 0
465, 147, 1, 5, 0, 0, 0.09%, 0, 0, 1, 43.86, 20745, 61, 0, 0
470, 149, 1, 5, 0, 0, 0.09%, 0, 0, 1, 43.84, 20970, 61, 0, 0
475, 151, 1, 5, 0, 0, 0.09%, 0, 0, 1, 45.32, 21199, 61, 0, 0
480, 152, 1, 5, 0, 0, 0.09%, 0, 0, 1, 44.23, 21428, 61, 0, 0
486, 154, 1, 5, 0, 0, 0.09%, 0, 0, 1, 44.83, 21656, 61, 0, 0
491, 156, 1, 5, 0, 0, 0.09%, 0, 0, 1, 45.26, 21883, 61, 0, 0
496, 157, 1, 5, 0, 0, 0.09%, 0, 0, 1, 45.85, 22120, 61, 0, 0
501, 159, 1, 5, 0, 0, 0.09%, 0, 0, 1, 46.10, 22360, 61, 0, 0
506, 161, 1, 5, 0, 0, 0.09%, 0, 0, 1, 46.11, 22600, 61, 0, 0
511, 162, 1, 5, 0, 0, 0.09%, 0, 0, 1, 45.83, 22830, 61, 0, 0
516, 164, 1, 5, 0, 0, 0.09%, 0, 0, 1, 45.82, 23060, 61, 0, 0
521, 166, 1, 5, 0, 0, 0.09%, 0, 0, 1, 45.82, 23290, 61, 0, 0
526, 167, 1, 5, 0, 0, 0.09%, 0, 0, 1, 45.88, 23520, 61, 0, 0
531, 169, 1, 5, 0, 0, 0.09%, 0, 0, 1, 45.82, 23750, 61, 0, 0
536, 170, 1, 5, 0, 0, 0.09%, 0, 0, 1, 44.65, 23974, 61, 0, 0
541, 172, 1, 5, 0, 0, 0.09%, 0, 0, 1, 44.11, 24199, 61, 0, 0
546, 174, 1, 5, 0, 0, 0.09%, 0, 0, 1, 44.02, 24424, 61, 0, 0
552, 175, 1, 5, 0, 0, 0.09%, 0, 0, 1, 43.97, 24649, 61, 0, 0
557, 177, 1, 5, 0, 0, 0.09%, 0, 0, 1, 43.93, 24874, 61, 0, 0
562, 179, 1, 5, 0, 0, 0.09%, 0, 0, 1, 43.96, 25099, 61, 0, 0
567, 180, 1, 5, 0, 0, 0.09%, 0, 0, 1, 44.54, 25330, 61, 0, 0
572, 182, 1, 5, 0, 0, 0.09%, 0, 0, 1, 45.63, 25560, 61, 0, 0
577, 183, 1, 5, 0, 0, 0.09%, 0, 0, 1, 45.91, 25790, 61, 0, 0
582, 185, 1, 5, 0, 0, 0.09%, 0, 0, 1, 45.96, 26020, 61, 0, 0
587, 187, 1, 5, 0, 0, 0.09%, 0, 0, 1, 45.86, 26250, 61, 0, 0
592, 188, 1, 5, 0, 0, 0.09%, 0, 0, 1, 45.89, 26480, 61, 0, 0
597, 190, 1, 5, 0, 0, 0.09%, 0, 0, 1, 45.85, 26710, 61, 0, 0
602, 192, 1, 5, 0, 0, 0.09%, 0, 0, 1, 45.63, 26948, 61, 0, 0
607, 193, 1, 5, 0, 0, 0.09%, 0, 0, 1, 44.89, 27175, 61, 0, 0
612, 195, 1, 5, 0, 0, 0.09%, 0, 0, 1, 44.26, 27400, 61, 0, 0
618, 197, 1, 5, 0, 0, 0.09%, 0, 0, 1, 44.22, 27625, 61, 0, 0
623, 198, 1, 5, 0, 0, 0.09%, 0, 0, 1, 43.62, 27850, 61, 0, 0
628, 200, 1, 5, 0, 0, 0.09%, 0, 0, 1, 43.60, 28075, 61, 0, 0
633, 201, 1, 5, 0, 0, 0.09%, 0, 0, 1, 44.24, 28296, 61, 0, 0
638, 203, 1, 5, 0, 0, 0.09%, 0, 0, 1, 45.77, 28536, 61, 0, 0
643, 205, 1, 5, 0, 0, 0.09%, 0, 0, 1, 46.07, 28776, 61, 0, 0
648, 206, 1, 5, 0, 0, 0.09%, 0, 0, 1, 46.18, 29016, 61, 0, 0
654, 208, 1, 5, 0, 0, 0.09%, 0, 0, 1, 46.21, 29256, 61, 0, 0
659, 210, 1, 5, 0, 0, 0.09%, 0, 0, 1, 46.14, 29496, 61, 0, 0
664, 212, 1, 5, 0, 0, 0.09%, 0, 0, 1, 46.11, 29736, 61, 0, 0
669, 213, 1, 5, 0, 0, 0.09%, 0, 0, 1, 46.08, 29976, 61, 0, 0
675, 215, 1, 5, 0, 0, 0.09%, 0, 0, 1, 46.09, 30216, 61, 0, 0
680, 217, 1, 5, 0, 0, 0.09%, 0, 0, 1, 46.08, 30456, 61, 0, 0
685, 218, 1, 5, 0, 0, 0.09%, 0, 0, 1, 46.12, 30696, 61, 0, 0
690, 220, 1, 5, 0, 0, 0.09%, 0, 0, 1, 46.02, 30936, 61, 0, 0
695, 222, 1, 5, 0, 0, 0.09%, 0, 0, 1, 44.88, 31165, 61, 0, 0
700, 223, 1, 5, 0, 0, 0.09%, 0, 0, 1, 43.96, 31390, 61, 0, 0
705, 225, 1, 5, 0, 0, 0.09%, 0, 0, 1, 43.79, 31615, 61, 0, 0
711, 227, 1, 5, 0, 0, 0.09%, 0, 0, 1, 43.74, 31840, 61, 0, 0
716, 228, 1, 5, 0, 0, 0.09%, 0, 0, 1, 43.80, 32065, 61, 0, 0
721, 230, 1, 5, 0, 0, 0.09%, 0, 0, 1, 43.62, 32290, 61, 0, 0
726, 231, 1, 5, 0, 0, 0.09%, 0, 0, 1, 43.67, 32515, 61, 0, 0
731, 233, 1, 5, 0, 0, 0.09%, 0, 0, 1, 43.67, 32740, 61, 0, 0
736, 235, 1, 5, 0, 0, 0.09%, 0, 0, 1, 43.66, 32965, 61, 0, 0
742, 236, 1, 5, 0, 0, 0.09%, 0, 0, 1, 43.58, 33190, 61, 0, 0
747, 238, 1, 5, 0, 0, 0.09%, 0, 0, 1, 43.64, 33415, 61, 0, 0
752, 240, 1, 5, 0, 0, 0.09%, 0, 0, 1, 43.48, 33640, 61, 0, 0
757, 241, 1, 5, 0, 0, 0.09%, 0, 0, 1, 43.46, 33865, 61, 0, 0
762, 243, 1, 5, 0, 0, 0.09%, 0, 0, 1, 43.45, 34090, 61, 0, 0
767, 244, 1, 5, 0, 0, 0.09%, 0, 0, 1, 43.52, 34315, 61, 0, 0
773, 246, 1, 5, 0, 0, 0.09%, 0, 0, 1, 43.49, 34540, 61, 0, 0
778, 248, 1, 5, 0, 0, 0.09%, 0, 0, 1, 43.40, 34765, 61, 0, 0
783, 249, 1, 5, 0, 0, 0.09%, 0, 0, 1, 43.54, 34990, 61, 0, 0
788, 251, 1, 5, 0, 0, 0.09%, 0, 0, 1, 43.47, 35215, 61, 0, 0
793, 252, 1, 5, 0, 0, 0.09%, 0, 0, 1, 43.49, 35440, 61, 0, 0
798, 254, 1, 5, 0, 0, 0.09%, 0, 0, 1, 43.43, 35665, 61, 0, 0
804, 256, 1, 5, 0, 0, 0.09%, 0, 0, 1, 43.45, 35890, 61, 0, 0
809, 257, 1, 5, 0, 0, 0.09%, 0, 0, 1, 43.59, 36115, 61, 0, 0
814, 259, 1, 5, 0, 0, 0.09%, 0, 0, 1, 44.48, 36338, 61, 0, 0
819, 260, 1, 5, 0, 0, 0.09%, 0, 0, 1, 45.22, 36568, 61, 0, 0
824, 262, 1, 5, 0, 0, 0.09%, 0, 0, 1, 45.29, 36803, 61, 0, 0
829, 264, 1, 5, 0, 0, 0.09%, 0, 0, 1, 45.25, 37039, 61, 0, 0
835, 265, 1, 5, 0, 0, 0.09%, 0, 0, 1, 45.33, 37276, 61, 0, 0
840, 267, 1, 5, 0, 0, 0.09%, 0, 0, 1, 43.77, 37501, 61, 0, 0
845, 269, 1, 5, 0, 0, 0.09%, 0, 0, 1, 43.87, 37726, 61, 0, 0
850, 270, 1, 5, 0, 0, 0.09%, 0, 0, 1, 45.16, 37958, 61, 0, 0
855, 272, 1, 5, 0, 0, 0.09%, 0, 0, 1, 45.71, 38188, 61, 0, 0
860, 274, 1, 5, 0, 0, 0.09%, 0, 0, 1, 45.91, 38418, 61, 0, 0
865, 275, 1, 5, 0, 0, 0.09%, 0, 0, 1, 45.95, 38648, 61, 0, 0
870, 277, 1, 5, 0, 0, 0.09%, 0, 0, 1, 45.85, 38877, 61, 0, 0
875, 279, 1, 5, 0, 0, 0.09%, 0, 0, 1, 45.85, 39107, 61, 0, 0
880, 280, 1, 5, 0, 0, 0.09%, 0, 0, 1, 45.86, 39346, 61, 0, 0
885, 282, 1, 5, 0, 0, 0.09%, 0, 0, 1, 45.74, 39583, 61, 0, 0
890, 284, 1, 5, 0, 0, 0.09%, 0, 0, 1, 45.93, 39813, 61, 0, 0
895, 285, 1, 5, 0, 0, 0.09%, 0, 0, 1, 45.92, 40043, 61, 0, 0
897, 286, 1, 5, 0, 0, 0.09%, 0, 0, 1, 44.38, 40129, 61, 0, 0
