# relative_time, cycles_done, cur_item, corpus_count, pending_total, pending_favs, map_size, saved_crashes, saved_hangs, max_depth, execs_per_sec, total_execs, edges_found, total_crashes, servers_count
61, 7, 5, 7, 0, 0, 0.32%, 0, 0, 3, 21.81, 1404, 210, 0, 0
66, 8, 1, 7, 0, 0, 0.32%, 0, 0, 3, 22.38, 1520, 210, 0, 0
71, 9, 6, 7, 0, 0, 0.32%, 0, 0, 3, 21.60, 1631, 210, 0, 0
77, 9, 6, 7, 0, 0, 0.32%, 0, 0, 3, 21.82, 1743, 210, 0, 0
82, 10, 1, 7, 0, 0, 0.32%, 0, 0, 3, 23.20, 1860, 210, 0, 0
87, 11, 1, 7, 0, 0, 0.32%, 0, 0, 3, 23.29, 1981, 210, 0, 0
92, 12, 1, 7, 0, 0, 0.32%, 0, 0, 3, 22.32, 2094, 210, 0, 0
97, 13, 1, 7, 0, 0, 0.32%, 0, 0, 3, 22.02, 2210, 210, 0, 0
102, 14, 1, 7, 0, 0, 0.32%, 0, 0, 3, 22.43, 2326, 210, 0, 0
107, 15, 1, 7, 0, 0, 0.32%, 0, 0, 3, 23.20, 2447, 210, 0, 0
112, 15, 6, 7, 0, 0, 0.32%, 0, 0, 3, 22.47, 2565, 210, 0, 0
118, 16, 1, 7, 0, 0, 0.32%, 0, 0, 3, 24.43, 2692, 210, 0, 0
123, 17, 0, 7, 0, 0, 0.32%, 0, 0, 3, 22.67, 2810, 210, 0, 0
128, 18, 5, 7, 0, 0, 0.32%, 0, 0, 3, 22.79, 2925, 210, 0, 0
133, 19, 6, 7, 0, 0, 0.32%, 0, 0, 3, 22.16, 3038, 210, 0, 0
138, 19, 1, 7, 0, 0, 0.32%, 0, 0, 3, 21.92, 3145, 210, 0, 0
143, 20, 1, 7, 0, 0, 0.32%, 0, 0, 3, 22.59, 3262, 210, 0, 0
148, 21, 5, 7, 0, 0, 0.32%, 0, 0, 3, 23.33, 3379, 210, 0, 0
153, 22, 6, 7, 0, 0, 0.32%, 0, 0, 3, 22.00, 3491, 210, 0, 0
158, 22, 6, 7, 0, 0, 0.32%, 0, 0, 3, 21.62, 3606, 210, 0, 0
164, 23, 1, 7, 0, 0, 0.32%, 0, 0, 3, 21.92, 3721, 210, 0, 0
169, 24, 6, 7, 0, 0, 0.32%, 0, 0, 3, 23.77, 3840, 210, 0, 0
174, 24, 6, 7, 0, 0, 0.32%, 0, 0, 3, 21.69, 3950, 210, 0, 0
179, 25, 1, 7, 0, 0, 0.32%, 0, 0, 3, 21.93, 4065, 210, 0, 0
184, 26, 0, 7, 0, 0, 0.32%, 0, 0, 3, 21.47, 4177, 210, 0, 0
189, 26, 6, 7, 0, 0, 0.32%, 0, 0, 3, 21.95, 4291, 210, 0, 0
195, 27, 0, 7, 0, 0, 0.32%, 0, 0, 3, 21.84, 4404, 210, 0, 0
200, 28, 0, 7, 0, 0, 0.32%, 0, 0, 3, 22.70, 4519, 210, 0, 0
205, 28, 1, 7, 0, 0, 0.32%, 0, 0, 3, 21.83, 4629, 210, 0, 0
210, 29, 1, 7, 0, 0, 0.32%, 0, 0, 3, 22.99, 4747, 210, 0, 0
215, 30, 1, 7, 0, 0, 0.32%, 0, 0, 3, 24.04, 4868, 210, 0, 0
220, 31, 6, 7, 0, 0, 0.32%, 0, 0, 3, 22.93, 4981, 210, 0, 0
225, 32, 1, 7, 0, 0, 0.32%, 0, 0, 3, 21.67, 5087, 210, 0, 0
230, 32, 1, 7, 0, 0, 0.32%, 0, 0, 3, 22.93, 5205, 210, 0, 0
235, 33, 1, 7, 0, 0, 0.32%, 0, 0, 3, 22.26, 5317, 210, 0, 0
240, 34, 1, 7, 0, 0, 0.32%, 0, 0, 3, 22.28, 5429, 210, 0, 0
245, 35, 1, 7, 0, 0, 0.32%, 0, 0, 3, 24.62, 5557, 210, 0, 0
250, 36, 0, 7, 0, 0, 0.32%, 0, 0, 3, 24.00, 5679, 210, 0, 0
256, 37, 1, 7, 0, 0, 0.32%, 0, 0, 3, 22.78, 5797, 210, 0, 0
261, 37, 6, 7, 0, 0, 0.32%, 0, 0, 3, 21.83, 5909, 210, 0, 0
266, 38, 1, 7, 0, 0, 0.32%, 0, 0, 3, 22.45, 6023, 210, 0, 0
271, 39, 1, 7, 0, 0, 0.32%, 0, 0, 3, 22.37, 6137, 210, 0, 0
276, 40, 1, 7, 0, 0, 0.32%, 0, 0, 3, 21.97, 6248, 210, 0, 0
281, 41, 1, 7, 0, 0, 0.32%, 0, 0, 3, 22.33, 6363, 210, 0, 0
286, 41, 6, 7, 0, 0, 0.32%, 0, 0, 3, 22.68, 6483, 210, 0, 0
291, 42, 5, 7, 0, 0, 0.32%, 0, 0, 3, 22.01, 6595, 210, 0, 0
297, 43, 1, 7, 0, 0, 0.32%, 0, 0, 3, 22.65, 6715, 210, 0, 0
302, 44, 0, 7, 0, 0, 0.32%, 0, 0, 3, 22.80, 6832, 210, 0, 0
307, 45, 1, 7, 0, 0, 0.32%, 0, 0, 3, 22.26, 6944, 210, 0, 0
312, 46, 1, 7, 0, 0, 0.32%, 0, 0, 3, 23.20, 7067, 210, 0, 0
317, 47, 5, 7, 0, 0, 0.32%, 0, 0, 3, 22.09, 7181, 210, 0, 0
322, 47, 5, 7, 0, 0, 0.32%, 0, 0, 3, 22.27, 7292, 210, 0, 0
327, 48, 5, 7, 0, 0, 0.32%, 0, 0, 3, 22.68, 7408, 210, 0, 0
332, 49, 0, 7, 0, 0, 0.32%, 0, 0, 3, 23.20, 7525, 210, 0, 0
338, 50, 0, 7, 0, 0, 0.32%, 0, 0, 3, 22.23, 7641, 210, 0, 0
343, 50, 6, 7, 0, 0, 0.32%, 0, 0, 3, 21.42, 7752, 210, 0, 0
348, 51, 5, 7, 0, 0, 0.32%, 0, 0, 3, 21.71, 7865, 210, 0, 0
353, 51, 1, 7, 0, 0, 0.32%, 0, 0, 3, 22.76, 7979, 210, 0, 0
358, 52, 5, 7, 0, 0, 0.32%, 0, 0, 3, 23.44, 8100, 210, 0, 0
363, 53, 6, 7, 0, 0, 0.32%, 0, 0, 3, 22.64, 8215, 210, 0, 0
369, 54, 5, 7, 0, 0, 0.32%, 0, 0, 3, 23.04, 8329, 210, 0, 0
374, 54, 5, 7, 0, 0, 0.32%, 0, 0, 3, 22.05, 8440, 210, 0, 0
379, 55, 1, 7, 0, 0, 0.32%, 0, 0, 3, 22.41, 8557, 210, 0, 0
384, 56, 1, 7, 0, 0, 0.32%, 0, 0, 3, 23.93, 8678, 210, 0, 0
389, 57, 1, 7, 0, 0, 0.32%, 0, 0, 3, 24.31, 8800, 210, 0, 0
394, 58, 6, 7, 0, 0, 0.32%, 0, 0, 3, 24.21, 8921, 210, 0, 0
399, 58, 1, 7, 0, 0, 0.32%, 0, 0, 3, 23.85, 9042, 210, 0, 0
404, 59, 1, 7, 0, 0, 0.32%, 0, 0, 3, 23.03, 9160, 210, 0, 0
409, 60, 5, 7, 0, 0, 0.32%, 0, 0, 3, 22.58, 9274, 210, 0, 0
415, 61, 1, 7, 0, 0, 0.32%, 0, 0, 3, 22.38, 9389, 210, 0, 0
420, 62, 5, 7, 0, 0, 0.32%, 0, 0, 3, 22.21, 9504, 210, 0, 0
425, 62, 1, 7, 0, 0, 0.32%, 0, 0, 3, 23.19, 9620, 210, 0, 0
430, 63, 0, 7, 0, 0, 0.32%, 0, 0, 3, 22.18, 9728, 210, 0, 0
435, 64, 1, 7, 0, 0, 0.32%, 0, 0, 3, 22.06, 9839, 210, 0, 0
440, 65, 5, 7, 0, 0, 0.32%, 0, 0, 3, 23.59, 9960, 210, 0, 0
445, 65, 5, 7, 0, 0, 0.32%, 0, 0, 3, 22.73, 10074, 210, 0, 0
450, 66, 6, 7, 0, 0, 0.32%, 0, 0, 3, 22.14, 10186, 210, 0, 0
455, 67, 1, 7, 0, 0, 0.32%, 0, 0, 3, 23.00, 10300, 210, 0, 0
460, 68, 0, 7, 0, 0, 0.32%, 0, 0, 3, 23.29, 10418, 210, 0, 0
465, 68, 0, 7, 0, 0, 0.32%, 0, 0, 3, 22.81, 10531, 210, 0, 0
470, 69, 5, 7, 0, 0, 0.32%, 0, 0, 3, 22.60, 10646, 210, 0, 0
475, 70, 0, 7, 0, 0, 0.32%, 0, 0, 3, 21.97, 10759, 210, 0, 0
481, 70, 1, 7, 0, 0, 0.32%, 0, 0, 3, 22.00, 10873, 210, 0, 0
486, 71, 5, 7, 0, 0, 0.32%, 0, 0, 3, 21.75, 10985, 210, 0, 0
491, 72, 5, 7, 0, 0, 0.32%, 0, 0, 3, 22.46, 11102, 210, 0, 0
496, 73, 5, 7, 0, 0, 0.32%, 0, 0, 3, 23.57, 11224, 210, 0, 0
501, 74, 5, 7, 0, 0, 0.32%, 0, 0, 3, 22.48, 11337, 210, 0, 0
506, 75, 1, 7, 0, 0, 0.32%, 0, 0, 3, 23.45, 11459, 210, 0, 0
511, 76, 5, 7, 0, 0, 0.32%, 0, 0, 3, 23.83, 11576, 210, 0, 0
516, 77, 6, 7, 0, 0, 0.32%, 0, 0, 3, 23.42, 11693, 210, 0, 0
521, 77, 1, 7, 0, 0, 0.32%, 0, 0, 3, 22.39, 11805, 210, 0, 0
526, 78, 1, 7, 0, 0, 0.32%, 0, 0, 3, 22.51, 11920, 210, 0, 0
532, 79, 1, 7, 0, 0, 0.32%, 0, 0, 3, 23.28, 12036, 210, 0, 0
537, 80, 1, 7, 0, 0, 0.32%, 0, 0, 3, 22.91, 12153, 210, 0, 0
542, 81, 1, 7, 0, 0, 0.32%, 0, 0, 3, 22.79, 12269, 210, 0, 0
547, 81, 6, 7, 0, 0, 0.32%, 0, 0, 3, 22.67, 12388, 210, 0, 0
552, 82, 6, 7, 0, 0, 0.32%, 0, 0, 3, 21.83, 12498, 210, 0, 0
557, 83, 1, 7, 0, 0, 0.32%, 0, 0, 3, 21.82, 12608, 210, 0, 0
562, 83, 5, 7, 0, 0, 0.32%, 0, 0, 3, 22.84, 12726, 210, 0, 0
567, 84, 1, 7, 0, 0, 0.32%, 0, 0, 3, 22.80, 12843, 210, 0, 0
572, 85, 5, 7, 0, 0, 0.32%, 0, 0, 3, 21.87, 12955, 210, 0, 0
578, 86, 5, 7, 0, 0, 0.32%, 0, 0, 3, 22.68, 13069, 210, 0, 0
583, 86, 1, 7, 0, 0, 0.32%, 0, 0, 3, 22.30, 13182, 210, 0, 0
588, 87, 0, 7, 0, 0, 0.32%, 0, 0, 3, 23.28, 13304, 210, 0, 0
593, 88, 0, 7, 0, 0, 0.32%, 0, 0, 3, 22.01, 13415, 210, 0, 0
598, 88, 5, 7, 0, 0, 0.32%, 0, 0, 3, 22.15, 13527, 210, 0, 0
603, 89, 5, 7, 0, 0, 0.32%, 0, 0, 3, 22.36, 13641, 210, 0, 0
608, 90, 6, 7, 0, 0, 0.32%, 0, 0, 3, 22.96, 13761, 210, 0, 0
613, 91, 1, 7, 0, 0, 0.32%, 0, 0, 3, 24.54, 13884, 210, 0, 0
618, 92, 6, 7, 0, 0, 0.32%, 0, 0, 3, 23.08, 13999, 210, 0, 0
624, 93, 0, 7, 0, 0, 0.32%, 0, 0, 3, 23.69, 14118, 210, 0, 0
629, 94, 1, 7, 0, 0, 0.32%, 0, 0, 3, 24.09, 14239, 210, 0, 0
634, 95, 6, 7, 0, 0, 0.32%, 0, 0, 3, 22.51, 14354, 210, 0, 0
639, 95, 6, 7, 0, 0, 0.32%, 0, 0, 3, 21.67, 14468, 210, 0, 0
644, 96, 1, 7, 0, 0, 0.32%, 0, 0, 3, 24.39, 14597, 210, 0, 0
649, 97, 6, 7, 0, 0, 0.32%, 0, 0, 3, 23.60, 14718, 210, 0, 0
655, 98, 6, 7, 0, 0, 0.32%, 0, 0, 3, 22.72, 14833, 210, 0, 0
660, 98, 0, 7, 0, 0, 0.32%, 0, 0, 3, 22.23, 14947, 210, 0, 0
665, 99, 1, 7, 0, 0, 0.32%, 0, 0, 3, 21.58, 15057, 210, 0, 0
670, 100, 1, 7, 0, 0, 0.32%, 0, 0, 3, 24.10, 15182, 210, 0, 0
675, 101, 0, 7, 0, 0, 0.32%, 0, 0, 3, 23.27, 15303, 210, 0, 0
680, 102, 1, 7, 0, 0, 0.32%, 0, 0, 3, 23.20, 15424, 210, 0, 0
685, 103, 1, 7, 0, 0, 0.32%, 0, 0, 3, 23.90, 15545, 210, 0, 0
690, 104, 1, 7, 0, 0, 0.32%, 0, 0, 3, 23.11, 15659, 210, 0, 0
696, 104, 6, 7, 0, 0, 0.32%, 0, 0, 3, 22.55, 15778, 210, 0, 0
701, 105, 5, 7, 0, 0, 0.32%, 0, 0, 3, 22.58, 15892, 210, 0, 0
706, 106, 1, 7, 0, 0, 0.32%, 0, 0, 3, 22.37, 16006, 210, 0, 0
711, 107, 0, 7, 0, 0, 0.32%, 0, 0, 3, 23.82, 16131, 210, 0, 0
716, 107, 6, 7, 0, 0, 0.32%, 0, 0, 3, 22.12, 16241, 210, 0, 0
721, 109, 1, 7, 0, 0, 0.32%, 0, 0, 3, 22.33, 16358, 210, 0, 0
726, 110, 1, 7, 0, 0, 0.32%, 0, 0, 3, 22.91, 16478, 210, 0, 0
731, 110, 1, 7, 0, 0, 0.32%, 0, 0, 3, 22.52, 16589, 210, 0, 0
737, 111, 1, 7, 0, 0, 0.32%, 0, 0, 3, 22.56, 16703, 210, 0, 0
742, 112, 0, 7, 0, 0, 0.32%, 0, 0, 3, 23.79, 16826, 210, 0, 0
747, 113, 5, 7, 0, 0, 0.32%, 0, 0, 3, 22.25, 16939, 210, 0, 0
752, 113, 1, 7, 0, 0, 0.32%, 0, 0, 3, 21.76, 17053, 210, 0, 0
757, 114, 6, 7, 0, 0, 0.32%, 0, 0, 3, 23.03, 17178, 210, 0, 0
763, 115, 6, 7, 0, 0, 0.32%, 0, 0, 3, 22.35, 17292, 210, 0, 0
768, 116, 6, 7, 0, 0, 0.32%, 0, 0, 3, 21.80, 17404, 210, 0, 0
773, 116, 1, 7, 0, 0, 0.32%, 0, 0, 3, 22.41, 17519, 210, 0, 0
778, 117, 6, 7, 0, 0, 0.32%, 0, 0, 3, 21.91, 17631, 210, 0, 0
783, 118, 1, 7, 0, 0, 0.32%, 0, 0, 3, 22.98, 17750, 210, 0, 0
788, 119, 6, 7, 0, 0, 0.32%, 0, 0, 3, 22.99, 17871, 210, 0, 0
793, 119, 5, 7, 0, 0, 0.32%, 0, 0, 3, 22.86, 17985, 210, 0, 0
798, 120, 1, 7, 0, 0, 0.32%, 0, 0, 3, 23.35, 18104, 210, 0, 0
803, 121, 1, 7, 0, 0, 0.32%, 0, 0, 3, 22.64, 18216, 210, 0, 0
809, 122, 5, 7, 0, 0, 0.32%, 0, 0, 3, 22.34, 18330, 210, 0, 0
814, 123, 6, 7, 0, 0, 0.32%, 0, 0, 3, 23.83, 18457, 210, 0, 0
819, 124, 1, 7, 0, 0, 0.32%, 0, 0, 3, 24.33, 18579, 210, 0, 0
824, 125, 1, 7, 0, 0, 0.32%, 0, 0, 3, 22.69, 18692, 210, 0, 0
829, 125, 6, 7, 0, 0, 0.32%, 0, 0, 3, 22.81, 18808, 210, 0, 0
834, 126, 5, 7, 0, 0, 0.32%, 0, 0, 3, 22.50, 18923, 210, 0, 0
839, 127, 1, 7, 0, 0, 0.32%, 0, 0, 3, 22.49, 19034, 210, 0, 0
844, 128, 5, 7, 0, 0, 0.32%, 0, 0, 3, 22.81, 19148, 210, 0, 0
849, 128, 1, 7, 0, 0, 0.32%, 0, 0, 3, 22.32, 19262, 210, 0, 0
854, 129, 5, 7, 0, 0, 0.32%, 0, 0, 3, 22.45, 19375, 210, 0, 0
860, 130, 0, 7, 0, 0, 0.32%, 0, 0, 3, 22.62, 19493, 210, 0, 0
865, 131, 1, 7, 0, 0, 0.32%, 0, 0, 3, 22.88, 19610, 210, 0, 0
870, 132, 6, 7, 0, 0, 0.32%, 0, 0, 3, 22.47, 19729, 210, 0, 0
875, 132, 1, 7, 0, 0, 0.32%, 0, 0, 3, 22.50, 19842, 210, 0, 0
880, 133, 1, 7, 0, 0, 0.32%, 0, 0, 3, 22.09, 19957, 210, 0, 0
885, 134, 0, 7, 0, 0, 0.32%, 0, 0, 3, 22.61, 20075, 210, 0, 0
890, 135, 1, 7, 0, 0, 0.32%, 0, 0, 3, 23.48, 20199, 210, 0, 0
895, 136, 0, 7, 0, 0, 0.32%, 0, 0, 3, 22.08, 20312, 210, 0, 0
897, 136, 6, 7, 0, 0, 0.32%, 0, 0, 3, 21.50, 20350, 210, 0, 0
