# relative_time, cycles_done, cur_item, corpus_count, pending_total, pending_favs, map_size, saved_crashes, saved_hangs, max_depth, execs_per_sec, total_execs, edges_found, total_crashes, servers_count
61, 22, 1, 5, 0, 0, 0.07%, 0, 0, 1, 50.11, 3121, 49, 0, 0
66, 23, 1, 5, 0, 0, 0.07%, 0, 0, 1, 49.79, 3381, 49, 0, 0
71, 25, 1, 5, 0, 0, 0.07%, 0, 0, 1, 50.76, 3640, 49, 0, 0
76, 27, 1, 5, 0, 0, 0.07%, 0, 0, 1, 49.68, 3892, 49, 0, 0
81, 29, 1, 5, 0, 0, 0.07%, 0, 0, 1, 50.80, 4146, 49, 0, 0
87, 31, 1, 5, 0, 0, 0.07%, 0, 0, 1, 49.22, 4402, 49, 0, 0
92, 32, 1, 5, 0, 0, 0.07%, 0, 0, 1, 50.20, 4657, 49, 0, 0
97, 34, 1, 5, 0, 0, 0.07%, 0, 0, 1, 49.53, 4909, 49, 0, 0
102, 36, 1, 5, 0, 0, 0.07%, 0, 0, 1, 49.66, 5162, 49, 0, 0
107, 38, 1, 5, 0, 0, 0.07%, 0, 0, 1, 49.69, 5414, 49, 0, 0
112, 40, 1, 5, 0, 0, 0.07%, 0, 0, 1, 49.03, 5665, 49, 0, 0
117, 41, 1, 5, 0, 0, 0.07%, 0, 0, 1, 49.45, 5915, 49, 0, 0
122, 43, 0, 5, 0, 0, 0.07%, 0, 0, 1, 51.00, 6173, 49, 0, 0
127, 45, 1, 5, 0, 0, 0.07%, 0, 0, 1, 49.80, 6426, 49, 0, 0
132, 47, 0, 5, 0, 0, 0.07%, 0, 0, 1, 50.18, 6690, 49, 0, 0
138, 49, 1, 5, 0, 0, 0.07%, 0, 0, 1, 50.50, 6952, 49, 0, 0
143, 51, 1, 5, 0, 0, 0.07%, 0, 0, 1, 49.77, 7209, 49, 0, 0
148, 53, 1, 5, 0, 0, 0.07%, 0, 0, 1, 51.09, 7470, 49, 0, 0
153, 54, 1, 5, 0, 0, 0.07%, 0, 0, 1, 49.25, 7720, 49, 0, 0
158, 56, 0, 5, 0, 0, 0.07%, 0, 0, 1, 50.68, 7978, 49, 0, 0
163, 58, 1, 5, 0, 0, 0.07%, 0, 0, 1, 50.62, 8234, 49, 0, 0
168, 60, 0, 5, 0, 0, 0.07%, 0, 0, 1, 49.86, 8487, 49, 0, 0
173, 62, 1, 5, 0, 0, 0.07%, 0, 0, 1, 49.67, 8745, 49, 0, 0
178, 64, 0, 5, 0, 0, 0.07%, 0, 0, 1, 50.62, 8998, 49, 0, 0
183, 65, 1, 5, 0, 0, 0.07%, 0, 0, 1, 51.21, 9262, 49, 0, 0
189, 67, 1, 5, 0, 0, 0.07%, 0, 0, 1, 50.60, 9522, 49, 0, 0
194, 69, 1, 5, 0, 0, 0.07%, 0, 0, 1, 51.32, 9781, 49, 0, 0
199, 71, 1, 5, 0, 0, 0.07%, 0, 0, 1, 49.93, 10034, 49, 0, 0
204, 73, 1, 5, 0, 0, 0.07%, 0, 0, 1, 49.56, 10285, 49, 0, 0
209, 75, 1, 5, 0, 0, 0.07%, 0, 0, 1, 51.26, 10545, 49, 0, 0
214, 76, 1, 5, 0, 0, 0.07%, 0, 0, 1, 51.34, 10807, 49, 0, 0
219, 78, 1, 5, 0, 0, 0.07%, 0, 0, 1, 50.50, 11062, 49, 0, 0
224, 80, 1, 5, 0, 0, 0.07%, 0, 0, 1, 49.28, 11309, 49, 0, 0
229, 82, 1, 5, 0, 0, 0.07%, 0, 0, 1, 50.87, 11569, 49, 0, 0
234, 84, 1, 5, 0, 0, 0.07%, 0, 0, 1, 49.81, 11822, 49, 0, 0
239, 85, 1, 5, 0, 0, 0.07%, 0, 0, 1, 50.04, 12074, 49, 0, 0
244, 87, 1, 5, 0, 0, 0.07%, 0, 0, 1, 50.74, 12332, 49, 0, 0
249, 89, 0, 5, 0, 0, 0.07%, 0, 0, 1, 49.28, 12584, 49, 0, 0
254, 91, 1, 5, 0, 0, 0.07%, 0, 0, 1, 50.76, 12841, 49, 0, 0
260, 93, 1, 5, 0, 0, 0.07%, 0, 0, 1, 49.34, 13093, 49, 0, 0
265, 95, 0, 5, 0, 0, 0.07%, 0, 0, 1, 49.98, 13352, 49, 0, 0
270, 96, 1, 5, 0, 0, 0.07%, 0, 0, 1, 49.71, 13605, 49, 0, 0
275, 98, 1, 5, 0, 0, 0.07%, 0, 0, 1, 48.94, 13855, 49, 0, 0
280, 100, 1, 5, 0, 0, 0.07%, 0, 0, 1, 48.64, 14105, 49, 0, 0
285, 102, 1, 5, 0, 0, 0.07%, 0, 0, 1, 48.65, 14355, 49, 0, 0
290, 104, 1, 5, 0, 0, 0.07%, 0, 0, 1, 48.56, 14605, 49, 0, 0
296, 105, 1, 5, 0, 0, 0.07%, 0, 0, 1, 49.25, 14858, 49, 0, 0
301, 107, 1, 5, 0, 0, 0.07%, 0, 0, 1, 51.04, 15123, 49, 0, 0
306, 109, 1, 5, 0, 0, 0.07%, 0, 0, 1, 50.95, 15378, 49, 0, 0
311, 111, 0, 5, 0, 0, 0.07%, 0, 0, 1, 50.80, 15631, 49, 0, 0
316, 113, 1, 5, 0, 0, 0.07%, 0, 0, 1, 51.09, 15892, 49, 0, 0
321, 115, 1, 5, 0, 0, 0.07%, 0, 0, 1, 49.89, 16143, 49, 0, 0
326, 116, 1, 5, 0, 0, 0.07%, 0, 0, 1, 49.42, 16393, 49, 0, 0
331, 118, 1, 5, 0, 0, 0.07%, 0, 0, 1, 50.39, 16654, 49, 0, 0
336, 120, 1, 5, 0, 0, 0.07%, 0, 0, 1, 51.21, 16918, 49, 0, 0
341, 122, 1, 5, 0, 0, 0.07%, 0, 0, 1, 49.17, 17169, 49, 0, 0
347, 124, 1, 5, 0, 0, 0.07%, 0, 0, 1, 50.29, 17428, 49, 0, 0
352, 126, 1, 5, 0, 0, 0.07%, 0, 0, 1, 49.95, 17688, 49, 0, 0
357, 127, 1, 5, 0, 0, 0.07%, 0, 0, 1, 50.74, 17947, 49, 0, 0
362, 129, 1, 5, 0, 0, 0.07%, 0, 0, 1, 49.79, 18195, 49, 0, 0
367, 131, 1, 5, 0, 0, 0.07%, 0, 0, 1, 49.97, 18447, 49, 0, 0
372, 133, 1, 5, 0, 0, 0.07%, 0, 0, 1, 49.94, 18699, 49, 0, 0
377, 135, 1, 5, 0, 0, 0.07%, 0, 0, 1, 49.93, 18954, 49, 0, 0
382, 136, 1, 5, 0, 0, 0.07%, 0, 0, 1, 50.77, 19209, 49, 0, 0
387, 138, 1, 5, 0, 0, 0.07%, 0, 0, 1, 50.36, 19461, 49, 0, 0
392, 140, 1, 5, 0, 0, 0.07%, 0, 0, 1, 49.48, 19714, 49, 0, 0
397, 142, 1, 5, 0, 0, 0.07%, 0, 0, 1, 49.93, 19968, 49, 0, 0
402, 144, 1, 5, 0, 0, 0.07%, 0, 0, 1, 50.05, 20224, 49, 0, 0
408, 146, 1, 5, 0, 0, 0.07%, 0, 0, 1, 50.52, 20483, 49, 0, 0
413, 147, 1, 5, 0, 0, 0.07%, 0, 0, 1, 49.96, 20743, 49, 0, 0
418, 149, 1, 5, 0, 0, 0.07%, 0, 0, 1, 50.31, 21001, 49, 0, 0
423, 151, 1, 5, 0, 0, 0.07%, 0, 0, 1, 51.14, 21265, 49, 0, 0
428, 153, 1, 5, 0, 0, 0.07%, 0, 0, 1, 49.73, 21517, 49, 0, 0
433, 155, 1, 5, 0, 0, 0.07%, 0, 0, 1, 49.63, 21769, 49, 0, 0
438, 157, 0, 5, 0, 0, 0.07%, 0, 0, 1, 50.76, 22028, 49, 0, 0
443, 158, 1, 5, 0, 0, 0.07%, 0, 0, 1, 50.71, 22289, 49, 0, 0
448, 160, 1, 5, 0, 0, 0.07%, 0, 0, 1, 49.55, 22539, 49, 0, 0
454, 162, 1, 5, 0, 0, 0.07%, 0, 0, 1, 49.81, 22799, 49, 0, 0
459, 164, 1, 5, 0, 0, 0.07%, 0, 0, 1, 51.25, 23062, 49, 0, 0
464, 166, 1, 5, 0, 0, 0.07%, 0, 0, 1, 51.67, 23330, 49, 0, 0
469, 168, 1, 5, 0, 0, 0.07%, 0, 0, 1, 48.20, 23570, 49, 0, 0
474, 169, 0, 5, 0, 0, 0.07%, 0, 0, 1, 49.44, 23826, 49, 0, 0
479, 171, 1, 5, 0, 0, 0.07%, 0, 0, 1, 50.37, 24082, 49, 0, 0
484, 173, 1, 5, 0, 0, 0.07%, 0, 0, 1, 50.55, 24340, 49, 0, 0
490, 175, 1, 5, 0, 0, 0.07%, 0, 0, 1, 50.24, 24596, 49, 0, 0
495, 177, 1, 5, 0, 0, 0.07%, 0, 0, 1, 51.09, 24857, 49, 0, 0
500, 179, 1, 5, 0, 0, 0.07%, 0, 0, 1, 50.53, 25111, 49, 0, 0
505, 180, 1, 5, 0, 0, 0.07%, 0, 0, 1, 50.07, 25367, 49, 0, 0
510, 182, 1, 5, 0, 0, 0.07%, 0, 0, 1, 50.63, 25621, 49, 0, 0
515, 184, 1, 5, 0, 0, 0.07%, 0, 0, 1, 51.72, 25885, 49, 0, 0
520, 186, 1, 5, 0, 0, 0.07%, 0, 0, 1, 50.25, 26145, 49, 0, 0
525, 188, 1, 5, 0, 0, 0.07%, 0, 0, 1, 49.97, 26397, 49, 0, 0
530, 190, 1, 5, 0, 0, 0.07%, 0, 0, 1, 49.75, 26653, 49, 0, 0
535, 191, 1, 5, 0, 0, 0.07%, 0, 0, 1, 50.35, 26914, 49, 0, 0
540, 193, 1, 5, 0, 0, 0.07%, 0, 0, 1, 50.47, 27169, 49, 0, 0
546, 195, 1, 5, 0, 0, 0.07%, 0, 0, 1, 51.13, 27431, 49, 0, 0
551, 197, 1, 5, 0, 0, 0.07%, 0, 0, 1, 50.47, 27685, 49, 0, 0
556, 199, 1, 5, 0, 0, 0.07%, 0, 0, 1, 49.85, 27942, 49, 0, 0
561, 201, 1, 5, 0, 0, 0.07%, 0, 0, 1, 49.97, 28199, 49, 0, 0
566, 202, 1, 5, 0, 0, 0.07%, 0, 0, 1, 49.25, 28455, 49, 0, 0
571, 204, 1, 5, 0, 0, 0.07%, 0, 0, 1, 50.27, 28713, 49, 0, 0
576, 206, 1, 5, 0, 0, 0.07%, 0, 0, 1, 49.83, 28970, 49, 0, 0
582, 208, 1, 5, 0, 0, 0.07%, 0, 0, 1, 50.31, 29231, 49, 0, 0
587, 210, 1, 5, 0, 0, 0.07%, 0, 0, 1, 51.54, 29495, 49, 0, 0
592, 212, 1, 5, 0, 0, 0.07%, 0, 0, 1, 50.71, 29751, 49, 0, 0
597, 214, 1, 5, 0, 0, 0.07%, 0, 0, 1, 51.46, 30010, 49, 0, 0
602, 215, 1, 5, 0, 0, 0.07%, 0, 0, 1, 49.84, 30261, 49, 0, 0
607, 217, 1, 5, 0, 0, 0.07%, 0, 0, 1, 49.47, 30512, 49, 0, 0
612, 219, 1, 5, 0, 0, 0.07%, 0, 0, 1, 50.15, 30762, 49, 0, 0
617, 221, 1, 5, 0, 0, 0.07%, 0, 0, 1, 49.92, 31014, 49, 0, 0
622, 223, 1, 5, 0, 0, 0.07%, 0, 0, 1, 50.73, 31273, 49, 0, 0
627, 224, 1, 5, 0, 0, 0.07%, 0, 0, 1, 50.22, 31534, 49, 0, 0
632, 226, 1, 5, 0, 0, 0.07%, 0, 0, 1, 51.41, 31798, 49, 0, 0
637, 228, 1, 5, 0, 0, 0.07%, 0, 0, 1, 50.69, 32053, 49, 0, 0
642, 230, 1, 5, 0, 0, 0.07%, 0, 0, 1, 50.43, 32309, 49, 0, 0
647, 232, 1, 5, 0, 0, 0.07%, 0, 0, 1, 51.17, 32567, 49, 0, 0
653, 234, 1, 5, 0, 0, 0.07%, 0, 0, 1, 49.78, 32822, 49, 0, 0
658, 236, 1, 5, 0, 0, 0.07%, 0, 0, 1, 50.93, 33082, 49, 0, 0
663, 237, 0, 5, 0, 0, 0.07%, 0, 0, 1, 50.15, 33340, 49, 0, 0
668, 239, 1, 5, 0, 0, 0.07%, 0, 0, 1, 50.27, 33594, 49, 0, 0
673, 241, 1, 5, 0, 0, 0.07%, 0, 0, 1, 50.64, 33852, 49, 0, 0
678, 243, 1, 5, 0, 0, 0.07%, 0, 0, 1, 50.29, 34113, 49, 0, 0
683, 245, 1, 5, 0, 0, 0.07%, 0, 0, 1, 50.27, 34364, 49, 0, 0
688, 247, 1, 5, 0, 0, 0.07%, 0, 0, 1, 50.85, 34619, 49, 0, 0
693, 248, 1, 5, 0, 0, 0.07%, 0, 0, 1, 51.45, 34882, 49, 0, 0
698, 250, 1, 5, 0, 0, 0.07%, 0, 0, 1, 51.76, 35145, 49, 0, 0
703, 252, 1, 5, 0, 0, 0.07%, 0, 0, 1, 51.03, 35403, 49, 0, 0
709, 254, 1, 5, 0, 0, 0.07%, 0, 0, 1, 49.72, 35653, 49, 0, 0
714, 256, 1, 5, 0, 0, 0.07%, 0, 0, 1, 49.33, 35903, 49, 0, 0
719, 258, 1, 5, 0, 0, 0.07%, 0, 0, 1, 50.63, 36165, 49, 0, 0
724, 259, 1, 5, 0, 0, 0.07%, 0, 0, 1, 51.54, 36427, 49, 0, 0
729, 261, 1, 5, 0, 0, 0.07%, 0, 0, 1, 50.87, 36688, 49, 0, 0
734, 263, 1, 5, 0, 0, 0.07%, 0, 0, 1, 50.30, 36947, 49, 0, 0
739, 265, 0, 5, 0, 0, 0.07%, 0, 0, 1, 50.96, 37209, 49, 0, 0
744, 267, 1, 5, 0, 0, 0.07%, 0, 0, 1, 47.54, 37453, 49, 0, 0
749, 269, 1, 5, 0, 0, 0.07%, 0, 0, 1, 49.86, 37708, 49, 0, 0
755, 270, 1, 5, 0, 0, 0.07%, 0, 0, 1, 50.76, 37965, 49, 0, 0
760, 272, 1, 5, 0, 0, 0.07%, 0, 0, 1, 50.81, 38223, 49, 0, 0
765, 274, 1, 5, 0, 0, 0.07%, 0, 0, 1, 49.81, 38478, 49, 0, 0
770, 276, 1, 5, 0, 0, 0.07%, 0, 0, 1, 49.68, 38730, 49, 0, 0
775, 278, 1, 5, 0, 0, 0.07%, 0, 0, 1, 49.61, 38981, 49, 0, 0
780, 279, 1, 5, 0, 0, 0.07%, 0, 0, 1, 50.07, 39236, 49, 0, 0
785, 281, 1, 5, 0, 0, 0.07%, 0, 0, 1, 50.83, 39496, 49, 0, 0
790, 283, 0, 5, 0, 0, 0.07%, 0, 0, 1, 49.91, 39747, 49, 0, 0
795, 285, 1, 5, 0, 0, 0.07%, 0, 0, 1, 50.82, 40003, 49, 0, 0
800, 287, 1, 5, 0, 0, 0.07%, 0, 0, 1, 51.29, 40266, 49, 0, 0
805, 289, 1, 5, 0, 0, 0.07%, 0, 0, 1, 50.96, 40525, 49, 0, 0
810, 291, 1, 5, 0, 0, 0.07%, 0, 0, 1, 51.15, 40790, 49, 0, 0
816, 292, 1, 5, 0, 0, 0.07%, 0, 0, 1, 49.70, 41042, 49, 0, 0
821, 294, 1, 5, 0, 0, 0.07%, 0, 0, 1, 49.31, 41292, 49, 0, 0
826, 296, 1, 5, 0, 0, 0.07%, 0, 0, 1, 50.32, 41544, 49, 0, 0
831, 298, 1, 5, 0, 0, 0.07%, 0, 0, 1, 50.80, 41803, 49, 0, 0
836, 300, 1, 5, 0, 0, 0.07%, 0, 0, 1, 50.93, 42060, 49, 0, 0
841, 301, 1, 5, 0, 0, 0.07%, 0, 0, 1, 49.66, 42313, 49, 0, 0
846, 303, 1, 5, 0, 0, 0.07%, 0, 0, 1, 50.42, 42573, 49, 0, 0
851, 305, 1, 5, 0, 0, 0.07%, 0, 0, 1, 49.38, 42823, 49, 0, 0
856, 307, 1, 5, 0, 0, 0.07%, 0, 0, 1, 49.67, 43076, 49, 0, 0
861, 309, 1, 5, 0, 0, 0.07%, 0, 0, 1, 50.59, 43336, 49, 0, 0
867, 311, 1, 5, 0, 0, 0.07%, 0, 0, 1, 49.95, 43591, 49, 0, 0
872, 312, 1, 5, 0, 0, 0.07%, 0, 0, 1, 50.36, 43849, 49, 0, 0
877, 314, 1, 5, 0, 0, 0.07%, 0, 0, 1, 49.46, 44099, 49, 0, 0
882, 316, 1, 5, 0, 0, 0.07%, 0, 0, 1, 50.27, 44355, 49, 0, 0
887, 318, 1, 5, 0, 0, 0.07%, 0, 0, 1, 51.22, 44618, 49, 0, 0
892, 320, 0, 5, 0, 0, 0.07%, 0, 0, 1, 50.26, 44876, 49, 0, 0
897, 321, 1, 5, 0, 0, 0.07%, 0, 0, 1, 48.27, 45115, 49, 0, 0
897, 322, 1, 5, 0, 0, 0.07%, 0, 0, 1, 47.56, 45137, 49, 0, 0
