# relative_time, cycles_done, cur_item, corpus_count, pending_total, pending_favs, map_size, saved_crashes, saved_hangs, max_depth, execs_per_sec, total_execs, edges_found, total_crashes, servers_count
61, 20, 1, 5, 0, 0, 0.02%, 0, 0, 1, 47.45, 2909, 11, 0, 0
66, 22, 1, 5, 0, 0, 0.02%, 0, 0, 1, 47.29, 3149, 11, 0, 0
71, 23, 1, 5, 0, 0, 0.02%, 0, 0, 1, 47.07, 3389, 11, 0, 0
76, 25, 1, 5, 0, 0, 0.02%, 0, 0, 1, 46.11, 3620, 11, 0, 0
81, 27, 1, 5, 0, 0, 0.02%, 0, 0, 1, 47.02, 3860, 11, 0, 0
86, 28, 1, 5, 0, 0, 0.02%, 0, 0, 1, 46.69, 4092, 11, 0, 0
91, 30, 1, 5, 0, 0, 0.02%, 0, 0, 1, 46.84, 4332, 11, 0, 0
96, 32, 1, 5, 0, 0, 0.02%, 0, 0, 1, 47.07, 4572, 11, 0, 0
101, 34, 1, 5, 0, 0, 0.02%, 0, 0, 1, 47.13, 4812, 11, 0, 0
106, 35, 1, 5, 0, 0, 0.02%, 0, 0, 1, 47.23, 5052, 11, 0, 0
112, 37, 1, 5, 0, 0, 0.02%, 0, 0, 1, 47.28, 5292, 11, 0, 0
117, 39, 1, 5, 0, 0, 0.02%, 0, 0, 1, 46.68, 5530, 11, 0, 0
122, 40, 1, 5, 0, 0, 0.02%, 0, 0, 1, 46.75, 5770, 11, 0, 0
127, 42, 1, 5, 0, 0, 0.02%, 0, 0, 1, 46.91, 6010, 11, 0, 0
132, 44, 1, 5, 0, 0, 0.02%, 0, 0, 1, 47.11, 6250, 11, 0, 0
137, 46, 1, 5, 0, 0, 0.02%, 0, 0, 1, 47.20, 6490, 11, 0, 0
142, 47, 1, 5, 0, 0, 0.02%, 0, 0, 1, 47.14, 6730, 11, 0, 0
147, 49, 1, 5, 0, 0, 0.02%, 0, 0, 1, 47.11, 6970, 11, 0, 0
152, 51, 1, 5, 0, 0, 0.02%, 0, 0, 1, 46.97, 7210, 11, 0, 0
157, 52, 1, 5, 0, 0, 0.02%, 0, 0, 1, 47.06, 7450, 11, 0, 0
163, 54, 1, 5, 0, 0, 0.02%, 0, 0, 1, 46.80, 7690, 11, 0, 0
168, 56, 1, 5, 0, 0, 0.02%, 0, 0, 1, 46.98, 7930, 11, 0, 0
173, 58, 1, 5, 0, 0, 0.02%, 0, 0, 1, 47.09, 8170, 11, 0, 0
178, 59, 1, 5, 0, 0, 0.02%, 0, 0, 1, 46.84, 8410, 11, 0, 0
183, 61, 1, 5, 0, 0, 0.02%, 0, 0, 1, 47.11, 8650, 11, 0, 0
188, 63, 1, 5, 0, 0, 0.02%, 0, 0, 1, 47.13, 8889, 11, 0, 0
193, 64, 1, 5, 0, 0, 0.02%, 0, 0, 1, 47.38, 9129, 11, 0, 0
198, 66, 1, 5, 0, 0, 0.02%, 0, 0, 1, 46.76, 9369, 11, 0, 0
203, 68, 1, 5, 0, 0, 0.02%, 0, 0, 1, 46.80, 9609, 11, 0, 0
208, 70, 1, 5, 0, 0, 0.02%, 0, 0, 1, 47.15, 9849, 11, 0, 0
214, 71, 1, 5, 0, 0, 0.02%, 0, 0, 1, 47.27, 10089, 11, 0, 0
219, 73, 1, 5, 0, 0, 0.02%, 0, 0, 1, 46.98, 10329, 11, 0, 0
224, 75, 1, 5, 0, 0, 0.02%, 0, 0, 1, 46.79, 10569, 11, 0, 0
229, 76, 1, 5, 0, 0, 0.02%, 0, 0, 1, 46.96, 10809, 11, 0, 0
234, 78, 1, 5, 0, 0, 0.02%, 0, 0, 1, 47.12, 11049, 11, 0, 0
239, 80, 1, 5, 0, 0, 0.02%, 0, 0, 1, 47.11, 11288, 11, 0, 0
244, 82, 1, 5, 0, 0, 0.02%, 0, 0, 1, 46.99, 11528, 11, 0, 0
249, 83, 1, 5, 0, 0, 0.02%, 0, 0, 1, 46.55, 11762, 11, 0, 0
254, 85, 1, 5, 0, 0, 0.02%, 0, 0, 1, 47.08, 12000, 11, 0, 0
259, 87, 1, 5, 0, 0, 0.02%, 0, 0, 1, 47.28, 12240, 11, 0, 0
265, 88, 1, 5, 0, 0, 0.02%, 0, 0, 1, 46.98, 12480, 11, 0, 0
270, 90, 1, 5, 0, 0, 0.02%, 0, 0, 1, 46.81, 12718, 11, 0, 0
275, 92, 1, 5, 0, 0, 0.02%, 0, 0, 1, 47.17, 12958, 11, 0, 0
280, 93, 1, 5, 0, 0, 0.02%, 0, 0, 1, 47.13, 13196, 11, 0, 0
285, 95, 1, 5, 0, 0, 0.02%, 0, 0, 1, 47.62, 13436, 11, 0, 0
290, 97, 1, 5, 0, 0, 0.02%, 0, 0, 1, 47.19, 13676, 11, 0, 0
295, 99, 1, 5, 0, 0, 0.02%, 0, 0, 1, 47.11, 13916, 11, 0, 0
300, 100, 1, 5, 0, 0, 0.02%, 0, 0, 1, 46.58, 14155, 11, 0, 0
305, 102, 1, 5, 0, 0, 0.02%, 0, 0, 1, 46.99, 14395, 11, 0, 0
310, 104, 1, 5, 0, 0, 0.02%, 0, 0, 1, 47.23, 14635, 11, 0, 0
315, 105, 1, 5, 0, 0, 0.02%, 0, 0, 1, 47.35, 14875, 11, 0, 0
320, 107, 1, 5, 0, 0, 0.02%, 0, 0, 1, 47.17, 15115, 11, 0, 0
326, 109, 1, 5, 0, 0, 0.02%, 0, 0, 1, 47.01, 15355, 11, 0, 0
331, 111, 1, 5, 0, 0, 0.02%, 0, 0, 1, 47.13, 15595, 11, 0, 0
336, 112, 1, 5, 0, 0, 0.02%, 0, 0, 1, 47.14, 15835, 11, 0, 0
341, 114, 1, 5, 0, 0, 0.02%, 0, 0, 1, 47.03, 16075, 11, 0, 0
346, 116, 1, 5, 0, 0, 0.02%, 0, 0, 1, 47.04, 16315, 11, 0, 0
351, 117, 1, 5, 0, 0, 0.02%, 0, 0, 1, 47.17, 16555, 11, 0, 0
356, 119, 1, 5, 0, 0, 0.02%, 0, 0, 1, 47.22, 16795, 11, 0, 0
361, 121, 1, 5, 0, 0, 0.02%, 0, 0, 1, 45.87, 17028, 11, 0, 0
366, 123, 1, 5, 0, 0, 0.02%, 0, 0, 1, 45.95, 17262, 11, 0, 0
371, 124, 1, 5, 0, 0, 0.02%, 0, 0, 1, 46.42, 17501, 11, 0, 0
376, 126, 1, 5, 0, 0, 0.02%, 0, 0, 1, 45.52, 17735, 11, 0, 0
381, 128, 1, 5, 0, 0, 0.02%, 0, 0, 1, 45.78, 17961, 11, 0, 0
387, 129, 1, 5, 0, 0, 0.02%, 0, 0, 1, 46.75, 18201, 11, 0, 0
392, 131, 1, 5, 0, 0, 0.02%, 0, 0, 1, 46.98, 18441, 11, 0, 0
397, 133, 1, 5, 0, 0, 0.02%, 0, 0, 1, 47.12, 18681, 11, 0, 0
402, 134, 1, 5, 0, 0, 0.02%, 0, 0, 1, 46.89, 18920, 11, 0, 0
407, 136, 1, 5, 0, 0, 0.02%, 0, 0, 1, 46.96, 19160, 11, 0, 0
412, 138, 1, 5, 0, 0, 0.02%, 0, 0, 1, 47.23, 19400, 11, 0, 0
417, 140, 1, 5, 0, 0, 0.02%, 0, 0, 1, 46.98, 19640, 11, 0, 0
422, 141, 1, 5, 0, 0, 0.02%, 0, 0, 1, 46.97, 19880, 11, 0, 0
427, 143, 1, 5, 0, 0, 0.02%, 0, 0, 1, 47.04, 20120, 11, 0, 0
432, 145, 1, 5, 0, 0, 0.02%, 0, 0, 1, 47.24, 20360, 11, 0, 0
438, 146, 1, 5, 0, 0, 0.02%, 0, 0, 1, 47.13, 20600, 11, 0, 0
443, 148, 1, 5, 0, 0, 0.02%, 0, 0, 1, 47.20, 20840, 11, 0, 0
448, 150, 1, 5, 0, 0, 0.02%, 0, 0, 1, 47.42, 21080, 11, 0, 0
453, 152, 1, 5, 0, 0, 0.02%, 0, 0, 1, 47.15, 21320, 11, 0, 0
458, 153, 1, 5, 0, 0, 0.02%, 0, 0, 1, 47.00, 21560, 11, 0, 0
463, 155, 1, 5, 0, 0, 0.02%, 0, 0, 1, 46.79, 21800, 11, 0, 0
468, 157, 1, 5, 0, 0, 0.02%, 0, 0, 1, 47.02, 22040, 11, 0, 0
473, 158, 1, 5, 0, 0, 0.02%, 0, 0, 1, 47.28, 22280, 11, 0, 0
478, 160, 1, 5, 0, 0, 0.02%, 0, 0, 1, 47.11, 22520, 11, 0, 0
483, 162, 1, 5, 0, 0, 0.02%, 0, 0, 1, 47.15, 22759, 11, 0, 0
488, 163, 1, 5, 0, 0, 0.02%, 0, 0, 1, 46.65, 22996, 11, 0, 0
494, 165, 1, 5, 0, 0, 0.02%, 0, 0, 1, 47.24, 23236, 11, 0, 0
499, 167, 1, 5, 0, 0, 0.02%, 0, 0, 1, 47.10, 23476, 11, 0, 0
504, 169, 1, 5, 0, 0, 0.02%, 0, 0, 1, 47.18, 23716, 11, 0, 0
509, 170, 1, 5, 0, 0, 0.02%, 0, 0, 1, 47.37, 23956, 11, 0, 0
514, 172, 1, 5, 0, 0, 0.02%, 0, 0, 1, 47.34, 24196, 11, 0, 0
519, 174, 1, 5, 0, 0, 0.02%, 0, 0, 1, 47.34, 24436, 11, 0, 0
524, 175, 1, 5, 0, 0, 0.02%, 0, 0, 1, 47.18, 24676, 11, 0, 0
529, 177, 1, 5, 0, 0, 0.02%, 0, 0, 1, 46.91, 24913, 11, 0, 0
534, 179, 1, 5, 0, 0, 0.02%, 0, 0, 1, 45.52, 25141, 11, 0, 0
539, 181, 1, 5, 0, 0, 0.02%, 0, 0, 1, 46.82, 25381, 11, 0, 0
544, 182, 1, 5, 0, 0, 0.02%, 0, 0, 1, 47.28, 25621, 11, 0, 0
549, 184, 1, 5, 0, 0, 0.02%, 0, 0, 1, 46.97, 25861, 11, 0, 0
554, 186, 1, 5, 0, 0, 0.02%, 0, 0, 1, 47.35, 26101, 11, 0, 0
560, 187, 1, 5, 0, 0, 0.02%, 0, 0, 1, 47.22, 26341, 11, 0, 0
565, 189, 1, 5, 0, 0, 0.02%, 0, 0, 1, 47.13, 26581, 11, 0, 0
570, 191, 1, 5, 0, 0, 0.02%, 0, 0, 1, 47.04, 26821, 11, 0, 0
575, 193, 1, 5, 0, 0, 0.02%, 0, 0, 1, 47.08, 27061, 11, 0, 0
580, 194, 1, 5, 0, 0, 0.02%, 0, 0, 1, 46.74, 27301, 11, 0, 0
585, 196, 1, 5, 0, 0, 0.02%, 0, 0, 1, 46.95, 27541, 11, 0, 0
590, 198, 1, 5, 0, 0, 0.02%, 0, 0, 1, 47.16, 27781, 11, 0, 0
595, 199, 1, 5, 0, 0, 0.02%, 0, 0, 1, 47.25, 28021, 11, 0, 0
600, 201, 1, 5, 0, 0, 0.02%, 0, 0, 1, 47.09, 28261, 11, 0, 0
605, 203, 1, 5, 0, 0, 0.02%, 0, 0, 1, 46.83, 28501, 11, 0, 0
611, 205, 1, 5, 0, 0, 0.02%, 0, 0, 1, 47.18, 28741, 11, 0, 0
616, 206, 1, 5, 0, 0, 0.02%, 0, 0, 1, 47.18, 28981, 11, 0, 0
621, 208, 1, 5, 0, 0, 0.02%, 0, 0, 1, 47.26, 29221, 11, 0, 0
626, 210, 1, 5, 0, 0, 0.02%, 0, 0, 1, 46.47, 29453, 11, 0, 0
631, 211, 1, 5, 0, 0, 0.02%, 0, 0, 1, 46.91, 29693, 11, 0, 0
636, 213, 1, 5, 0, 0, 0.02%, 0, 0, 1, 46.96, 29933, 11, 0, 0
641, 215, 1, 5, 0, 0, 0.02%, 0, 0, 1, 46.03, 30170, 11, 0, 0
646, 216, 1, 5, 0, 0, 0.02%, 0, 0, 1, 43.97, 30396, 11, 0, 0
651, 218, 1, 5, 0, 0, 0.02%, 0, 0, 1, 46.55, 30636, 11, 0, 0
656, 220, 1, 5, 0, 0, 0.02%, 0, 0, 1, 47.13, 30876, 11, 0, 0
662, 221, 1, 5, 0, 0, 0.02%, 0, 0, 1, 46.82, 31115, 11, 0, 0
667, 223, 1, 5, 0, 0, 0.02%, 0, 0, 1, 46.60, 31354, 11, 0, 0
672, 225, 1, 5, 0, 0, 0.02%, 0, 0, 1, 46.99, 31593, 11, 0, 0
677, 227, 1, 5, 0, 0, 0.02%, 0, 0, 1, 47.09, 31833, 11, 0, 0
682, 228, 1, 5, 0, 0, 0.02%, 0, 0, 1, 45.05, 32058, 11, 0, 0
687, 230, 1, 5, 0, 0, 0.02%, 0, 0, 1, 46.33, 32291, 11, 0, 0
692, 232, 1, 5, 0, 0, 0.02%, 0, 0, 1, 46.87, 32531, 11, 0, 0
697, 233, 1, 5, 0, 0, 0.02%, 0, 0, 1, 46.02, 32762, 11, 0, 0
702, 235, 1, 5, 0, 0, 0.02%, 0, 0, 1, 46.94, 33002, 11, 0, 0
707, 237, 1, 5, 0, 0, 0.02%, 0, 0, 1, 46.70, 33242, 11, 0, 0
712, 238, 1, 5, 0, 0, 0.02%, 0, 0, 1, 45.65, 33474, 11, 0, 0
717, 240, 1, 5, 0, 0, 0.02%, 0, 0, 1, 46.73, 33714, 11, 0, 0
723, 242, 1, 5, 0, 0, 0.02%, 0, 0, 1, 46.84, 33954, 11, 0, 0
728, 243, 1, 5, 0, 0, 0.02%, 0, 0, 1, 46.94, 34194, 11, 0, 0
733, 245, 1, 5, 0, 0, 0.02%, 0, 0, 1, 46.98, 34434, 11, 0, 0
738, 247, 1, 5, 0, 0, 0.02%, 0, 0, 1, 46.49, 34672, 11, 0, 0
743, 249, 1, 5, 0, 0, 0.02%, 0, 0, 1, 47.00, 34912, 11, 0, 0
748, 250, 1, 5, 0, 0, 0.02%, 0, 0, 1, 47.12, 35152, 11, 0, 0
753, 252, 1, 5, 0, 0, 0.02%, 0, 0, 1, 46.85, 35392, 11, 0, 0
758, 254, 1, 5, 0, 0, 0.02%, 0, 0, 1, 46.94, 35632, 11, 0, 0
763, 255, 1, 5, 0, 0, 0.02%, 0, 0, 1, 47.00, 35872, 11, 0, 0
769, 257, 1, 5, 0, 0, 0.02%, 0, 0, 1, 47.10, 36112, 11, 0, 0
774, 259, 1, 5, 0, 0, 0.02%, 0, 0, 1, 46.73, 36352, 11, 0, 0
779, 261, 1, 5, 0, 0, 0.02%, 0, 0, 1, 47.22, 36592, 11, 0, 0
784, 262, 1, 5, 0, 0, 0.02%, 0, 0, 1, 47.34, 36832, 11, 0, 0
789, 264, 1, 5, 0, 0, 0.02%, 0, 0, 1, 46.84, 37072, 11, 0, 0
794, 266, 1, 5, 0, 0, 0.02%, 0, 0, 1, 47.18, 37312, 11, 0, 0
799, 267, 1, 5, 0, 0, 0.02%, 0, 0, 1, 47.28, 37552, 11, 0, 0
804, 269, 1, 5, 0, 0, 0.02%, 0, 0, 1, 47.39, 37792, 11, 0, 0
809, 271, 1, 5, 0, 0, 0.02%, 0, 0, 1, 47.21, 38032, 11, 0, 0
814, 273, 1, 5, 0, 0, 0.02%, 0, 0, 1, 47.29, 38272, 11, 0, 0
819, 274, 1, 5, 0, 0, 0.02%, 0, 0, 1, 47.51, 38511, 11, 0, 0
824, 276, 1, 5, 0, 0, 0.02%, 0, 0, 1, 47.01, 38751, 11, 0, 0
830, 278, 1, 5, 0, 0, 0.02%, 0, 0, 1, 47.00, 38991, 11, 0, 0
835, 279, 1, 5, 0, 0, 0.02%, 0, 0, 1, 46.87, 39231, 11, 0, 0
840, 281, 1, 5, 0, 0, 0.02%, 0, 0, 1, 47.06, 39471, 11, 0, 0
845, 283, 1, 5, 0, 0, 0.02%, 0, 0, 1, 46.95, 39711, 11, 0, 0
850, 285, 1, 5, 0, 0, 0.02%, 0, 0, 1, 46.76, 39949, 11, 0, 0
855, 286, 1, 5, 0, 0, 0.02%, 0, 0, 1, 46.87, 40189, 11, 0, 0
860, 288, 1, 5, 0, 0, 0.02%, 0, 0, 1, 47.02, 40429, 11, 0, 0
865, 290, 1, 5, 0, 0, 0.02%, 0, 0, 1, 46.89, 40669, 11, 0, 0
870, 291, 1, 5, 0, 0, 0.02%, 0, 0, 1, 47.19, 40909, 11, 0, 0
876, 293, 1, 5, 0, 0, 0.02%, 0, 0, 1, 46.94, 41148, 11, 0, 0
881, 295, 1, 5, 0, 0, 0.02%, 0, 0, 1, 46.93, 41388, 11, 0, 0
886, 297, 1, 5, 0, 0, 0.02%, 0, 0, 1, 47.47, 41628, 11, 0, 0
891, 298, 1, 5, 0, 0, 0.02%, 0, 0, 1, 46.39, 41863, 11, 0, 0
896, 300, 1, 5, 0, 0, 0.02%, 0, 0, 1, 46.16, 42099, 11, 0, 0
897, 300, 1, 5, 0, 0, 0.02%, 0, 0, 1, 44.94, 42168, 11, 0, 0
