# relative_time, cycles_done, cur_item, corpus_count, pending_total, pending_favs, map_size, saved_crashes, saved_hangs, max_depth, execs_per_sec, total_execs, edges_found, total_crashes, servers_count
61, 9, 1, 5, 0, 0, 0.27%, 0, 0, 1, 22.16, 1407, 179, 0, 0
66, 10, 1, 5, 0, 0, 0.27%, 0, 0, 1, 22.17, 1522, 179, 0, 0
72, 11, 1, 5, 0, 0, 0.27%, 0, 0, 1, 22.11, 1637, 179, 0, 0
77, 12, 1, 5, 0, 0, 0.27%, 0, 0, 1, 22.38, 1752, 179, 0, 0
82, 13, 1, 5, 0, 0, 0.27%, 0, 0, 1, 22.16, 1867, 179, 0, 0
87, 13, 1, 5, 0, 0, 0.27%, 0, 0, 1, 22.02, 1977, 179, 0, 0
92, 14, 1, 5, 0, 0, 0.27%, 0, 0, 1, 21.96, 2087, 179, 0, 0
97, 15, 1, 5, 0, 0, 0.27%, 0, 0, 1, 22.07, 2202, 179, 0, 0
102, 16, 1, 5, 0, 0, 0.27%, 0, 0, 1, 22.17, 2317, 179, 0, 0
108, 17, 1, 5, 0, 0, 0.27%, 0, 0, 1, 22.13, 2432, 179, 0, 0
113, 17, 1, 5, 0, 0, 0.27%, 0, 0, 1, 22.18, 2547, 179, 0, 0
118, 18, 1, 5, 0, 0, 0.27%, 0, 0, 1, 22.15, 2662, 179, 0, 0
123, 19, 1, 5, 0, 0, 0.27%, 0, 0, 1, 22.39, 2777, 179, 0, 0
128, 20, 1, 5, 0, 0, 0.27%, 0, 0, 1, 22.44, 2892, 179, 0, 0
133, 21, 1, 5, 0, 0, 0.27%, 0, 0, 1, 22.41, 3007, 179, 0, 0
138, 22, 1, 5, 0, 0, 0.27%, 0, 0, 1, 22.24, 3122, 179, 0, 0
144, 22, 1, 5, 0, 0, 0.27%, 0, 0, 1, 22.27, 3237, 179, 0, 0
149, 23, 1, 5, 0, 0, 0.27%, 0, 0, 1, 22.30, 3352, 179, 0, 0
154, 24, 1, 5, 0, 0, 0.27%, 0, 0, 1, 22.32, 3467, 179, 0, 0
159, 25, 1, 5, 0, 0, 0.27%, 0, 0, 1, 22.33, 3582, 179, 0, 0
164, 26, 1, 5, 0, 0, 0.27%, 0, 0, 1, 22.46, 3697, 179, 0, 0
169, 26, 1, 5, 0, 0, 0.27%, 0, 0, 1, 22.48, 3812, 179, 0, 0
174, 27, 1, 5, 0, 0, 0.27%, 0, 0, 1, 22.48, 3927, 179, 0, 0
180, 28, 1, 5, 0, 0, 0.27%, 0, 0, 1, 22.42, 4042, 179, 0, 0
185, 29, 1, 5, 0, 0, 0.27%, 0, 0, 1, 22.33, 4157, 179, 0, 0
190, 30, 1, 5, 0, 0, 0.27%, 0, 0, 1, 22.41, 4272, 179, 0, 0
195, 31, 1, 5, 0, 0, 0.27%, 0, 0, 1, 22.42, 4387, 179, 0, 0
200, 31, 1, 5, 0, 0, 0.27%, 0, 0, 1, 22.46, 4502, 179, 0, 0
205, 32, 1, 5, 0, 0, 0.27%, 0, 0, 1, 22.35, 4617, 179, 0, 0
210, 33, 1, 5, 0, 0, 0.27%, 0, 0, 1, 22.31, 4732, 179, 0, 0
215, 34, 1, 5, 0, 0, 0.27%, 0, 0, 1, 22.44, 4847, 179, 0, 0
221, 35, 1, 5, 0, 0, 0.27%, 0, 0, 1, 22.49, 4962, 179, 0, 0
226, 35, 1, 5, 0, 0, 0.27%, 0, 0, 1, 22.32, 5077, 179, 0, 0
231, 36, 1, 5, 0, 0, 0.27%, 0, 0, 1, 22.27, 5192, 179, 0, 0
236, 37, 1, 5, 0, 0, 0.27%, 0, 0, 1, 21.47, 5302, 179, 0, 0
241, 38, 1, 5, 0, 0, 0.27%, 0, 0, 1, 21.13, 5407, 179, 0, 0
246, 39, 1, 5, 0, 0, 0.27%, 0, 0, 1, 21.37, 5517, 179, 0, 0
251, 39, 1, 5, 0, 0, 0.27%, 0, 0, 1, 21.62, 5627, 179, 0, 0
256, 40, 1, 5, 0, 0, 0.27%, 0, 0, 1, 21.88, 5737, 179, 0, 0
261, 41, 1, 5, 0, 0, 0.27%, 0, 0, 1, 22.34, 5852, 179, 0, 0
267, 42, 1, 5, 0, 0, 0.27%, 0, 0, 1, 22.51, 5967, 179, 0, 0
272, 43, 1, 5, 0, 0, 0.27%, 0, 0, 1, 22.34, 6082, 179, 0, 0
277, 43, 1, 5, 0, 0, 0.27%, 0, 0, 1, 22.41, 6197, 179, 0, 0
282, 44, 1, 5, 0, 0, 0.27%, 0, 0, 1, 22.44, 6312, 179, 0, 0
287, 45, 1, 5, 0, 0, 0.27%, 0, 0, 1, 22.35, 6427, 179, 0, 0
292, 46, 1, 5, 0, 0, 0.27%, 0, 0, 1, 22.24, 6542, 179, 0, 0
297, 47, 1, 5, 0, 0, 0.27%, 0, 0, 1, 22.29, 6657, 179, 0, 0
303, 48, 1, 5, 0, 0, 0.27%, 0, 0, 1, 22.43, 6772, 179, 0, 0
308, 48, 1, 5, 0, 0, 0.27%, 0, 0, 1, 22.59, 6887, 179, 0, 0
313, 49, 1, 5, 0, 0, 0.27%, 0, 0, 1, 22.58, 7002, 179, 0, 0
318, 50, 1, 5, 0, 0, 0.27%, 0, 0, 1, 22.63, 7117, 179, 0, 0
323, 51, 1, 5, 0, 0, 0.27%, 0, 0, 1, 22.56, 7232, 179, 0, 0
328, 52, 1, 5, 0, 0, 0.27%, 0, 0, 1, 22.47, 7347, 179, 0, 0
333, 53, 1, 5, 0, 0, 0.27%, 0, 0, 1, 22.38, 7462, 179, 0, 0
338, 53, 1, 5, 0, 0, 0.27%, 0, 0, 1, 22.43, 7577, 179, 0, 0
343, 54, 1, 5, 0, 0, 0.27%, 0, 0, 1, 22.35, 7692, 179, 0, 0
349, 55, 1, 5, 0, 0, 0.27%, 0, 0, 1, 22.35, 7807, 179, 0, 0
354, 56, 1, 5, 0, 0, 0.27%, 0, 0, 1, 22.37, 7922, 179, 0, 0
359, 57, 1, 5, 0, 0, 0.27%, 0, 0, 1, 22.36, 8037, 179, 0, 0
364, 57, 1, 5, 0, 0, 0.27%, 0, 0, 1, 22.36, 8152, 179, 0, 0
369, 58, 1, 5, 0, 0, 0.27%, 0, 0, 1, 22.24, 8267, 179, 0, 0
374, 59, 1, 5, 0, 0, 0.27%, 0, 0, 1, 22.17, 8382, 179, 0, 0
380, 60, 1, 5, 0, 0, 0.27%, 0, 0, 1, 22.11, 8497, 179, 0, 0
385, 61, 1, 5, 0, 0, 0.27%, 0, 0, 1, 22.10, 8612, 179, 0, 0
390, 62, 1, 5, 0, 0, 0.27%, 0, 0, 1, 22.10, 8727, 179, 0, 0
395, 62, 1, 5, 0, 0, 0.27%, 0, 0, 1, 22.11, 8842, 179, 0, 0
400, 63, 1, 5, 0, 0, 0.27%, 0, 0, 1, 22.14, 8957, 179, 0, 0
406, 64, 1, 5, 0, 0, 0.27%, 0, 0, 1, 22.18, 9072, 179, 0, 0
411, 65, 1, 5, 0, 0, 0.27%, 0, 0, 1, 22.39, 9187, 179, 0, 0
416, 66, 1, 5, 0, 0, 0.27%, 0, 0, 1, 22.22, 9302, 179, 0, 0
421, 66, 1, 5, 0, 0, 0.27%, 0, 0, 1, 22.23, 9417, 179, 0, 0
426, 67, 1, 5, 0, 0, 0.27%, 0, 0, 1, 22.21, 9532, 179, 0, 0
431, 68, 1, 5, 0, 0, 0.27%, 0, 0, 1, 22.21, 9647, 179, 0, 0
437, 69, 1, 5, 0, 0, 0.27%, 0, 0, 1, 22.23, 9762, 179, 0, 0
442, 70, 1, 5, 0, 0, 0.27%, 0, 0, 1, 22.36, 9877, 179, 0, 0
447, 71, 1, 5, 0, 0, 0.27%, 0, 0, 1, 22.45, 9992, 179, 0, 0
452, 71, 1, 5, 0, 0, 0.27%, 0, 0, 1, 22.47, 10107, 179, 0, 0
457, 72, 1, 5, 0, 0, 0.27%, 0, 0, 1, 22.49, 10222, 179, 0, 0
462, 73, 1, 5, 0, 0, 0.27%, 0, 0, 1, 22.54, 10337, 179, 0, 0
467, 74, 1, 5, 0, 0, 0.27%, 0, 0, 1, 22.29, 10452, 179, 0, 0
473, 75, 1, 5, 0, 0, 0.27%, 0, 0, 1, 22.39, 10567, 179, 0, 0
478, 76, 1, 5, 0, 0, 0.27%, 0, 0, 1, 22.41, 10682, 179, 0, 0
483, 76, 1, 5, 0, 0, 0.27%, 0, 0, 1, 21.92, 10792, 179, 0, 0
488, 77, 1, 5, 0, 0, 0.27%, 0, 0, 1, 22.19, 10907, 179, 0, 0
493, 78, 1, 5, 0, 0, 0.27%, 0, 0, 1, 22.24, 11022, 179, 0, 0
498, 79, 1, 5, 0, 0, 0.27%, 0, 0, 1, 22.36, 11137, 179, 0, 0
503, 80, 1, 5, 0, 0, 0.27%, 0, 0, 1, 22.41, 11252, 179, 0, 0
508, 80, 1, 5, 0, 0, 0.27%, 0, 0, 1, 22.38, 11367, 179, 0, 0
514, 81, 1, 5, 0, 0, 0.27%, 0, 0, 1, 22.36, 11482, 179, 0, 0
519, 82, 1, 5, 0, 0, 0.27%, 0, 0, 1, 22.27, 11597, 179, 0, 0
524, 83, 1, 5, 0, 0, 0.27%, 0, 0, 1, 22.23, 11712, 179, 0, 0
529, 84, 1, 5, 0, 0, 0.27%, 0, 0, 1, 22.21, 11827, 179, 0, 0
534, 85, 1, 5, 0, 0, 0.27%, 0, 0, 1, 22.25, 11942, 179, 0, 0
539, 85, 1, 5, 0, 0, 0.27%, 0, 0, 1, 22.33, 12057, 179, 0, 0
545, 86, 1, 5, 0, 0, 0.27%, 0, 0, 1, 22.28, 12172, 179, 0, 0
550, 87, 1, 5, 0, 0, 0.27%, 0, 0, 1, 22.51, 12287, 179, 0, 0
555, 88, 1, 5, 0, 0, 0.27%, 0, 0, 1, 22.49, 12402, 179, 0, 0
560, 89, 1, 5, 0, 0, 0.27%, 0, 0, 1, 22.31, 12517, 179, 0, 0
565, 89, 1, 5, 0, 0, 0.27%, 0, 0, 1, 22.22, 12632, 179, 0, 0
570, 90, 1, 5, 0, 0, 0.27%, 0, 0, 1, 22.29, 12747, 179, 0, 0
575, 91, 1, 5, 0, 0, 0.27%, 0, 0, 1, 22.33, 12862, 179, 0, 0
581, 92, 1, 5, 0, 0, 0.27%, 0, 0, 1, 22.48, 12977, 179, 0, 0
586, 93, 1, 5, 0, 0, 0.27%, 0, 0, 1, 22.42, 13092, 179, 0, 0
591, 94, 1, 5, 0, 0, 0.27%, 0, 0, 1, 22.28, 13207, 179, 0, 0
596, 94, 1, 5, 0, 0, 0.27%, 0, 0, 1, 22.46, 13322, 179, 0, 0
601, 95, 1, 5, 0, 0, 0.27%, 0, 0, 1, 22.55, 13437, 179, 0, 0
606, 96, 1, 5, 0, 0, 0.27%, 0, 0, 1, 22.50, 13552, 179, 0, 0
611, 97, 1, 5, 0, 0, 0.27%, 0, 0, 1, 22.48, 13667, 179, 0, 0
616, 98, 1, 5, 0, 0, 0.27%, 0, 0, 1, 22.47, 13782, 179, 0, 0
622, 98, 1, 5, 0, 0, 0.27%, 0, 0, 1, 22.46, 13897, 179, 0, 0
627, 99, 1, 5, 0, 0, 0.27%, 0, 0, 1, 22.42, 14012, 179, 0, 0
632, 100, 1, 5, 0, 0, 0.27%, 0, 0, 1, 22.41, 14127, 179, 0, 0
637, 101, 1, 5, 0, 0, 0.27%, 0, 0, 1, 22.24, 14242, 179, 0, 0
642, 102, 1, 5, 0, 0, 0.27%, 0, 0, 1, 22.31, 14357, 179, 0, 0
647, 103, 1, 5, 0, 0, 0.27%, 0, 0, 1, 22.33, 14472, 179, 0, 0
652, 103, 1, 5, 0, 0, 0.27%, 0, 0, 1, 22.33, 14587, 179, 0, 0
658, 104, 1, 5, 0, 0, 0.27%, 0, 0, 1, 22.31, 14702, 179, 0, 0
663, 105, 1, 5, 0, 0, 0.27%, 0, 0, 1, 22.33, 14817, 179, 0, 0
668, 106, 1, 5, 0, 0, 0.27%, 0, 0, 1, 22.20, 14932, 179, 0, 0
673, 107, 1, 5, 0, 0, 0.27%, 0, 0, 1, 22.23, 15047, 179, 0, 0
678, 108, 1, 5, 0, 0, 0.27%, 0, 0, 1, 22.44, 15162, 179, 0, 0
683, 108, 1, 5, 0, 0, 0.27%, 0, 0, 1, 22.20, 15277, 179, 0, 0
689, 109, 1, 5, 0, 0, 0.27%, 0, 0, 1, 22.15, 15392, 179, 0, 0
694, 110, 1, 5, 0, 0, 0.27%, 0, 0, 1, 22.17, 15507, 179, 0, 0
699, 111, 1, 5, 0, 0, 0.27%, 0, 0, 1, 22.18, 15622, 179, 0, 0
704, 112, 1, 5, 0, 0, 0.27%, 0, 0, 1, 22.23, 15737, 179, 0, 0
709, 112, 1, 5, 0, 0, 0.27%, 0, 0, 1, 22.15, 15852, 179, 0, 0
714, 113, 1, 5, 0, 0, 0.27%, 0, 0, 1, 22.37, 15967, 179, 0, 0
720, 114, 1, 5, 0, 0, 0.27%, 0, 0, 1, 22.48, 16082, 179, 0, 0
725, 115, 1, 5, 0, 0, 0.27%, 0, 0, 1, 22.53, 16197, 179, 0, 0
730, 116, 1, 5, 0, 0, 0.27%, 0, 0, 1, 22.47, 16312, 179, 0, 0
735, 117, 1, 5, 0, 0, 0.27%, 0, 0, 1, 22.32, 16427, 179, 0, 0
740, 117, 1, 5, 0, 0, 0.27%, 0, 0, 1, 22.33, 16542, 179, 0, 0
745, 118, 1, 5, 0, 0, 0.27%, 0, 0, 1, 22.33, 16657, 179, 0, 0
750, 119, 1, 5, 0, 0, 0.27%, 0, 0, 1, 22.30, 16772, 179, 0, 0
756, 120, 1, 5, 0, 0, 0.27%, 0, 0, 1, 22.30, 16887, 179, 0, 0
761, 121, 1, 5, 0, 0, 0.27%, 0, 0, 1, 22.27, 17002, 179, 0, 0
766, 121, 1, 5, 0, 0, 0.27%, 0, 0, 1, 22.31, 17117, 179, 0, 0
771, 122, 1, 5, 0, 0, 0.27%, 0, 0, 1, 22.44, 17232, 179, 0, 0
776, 123, 1, 5, 0, 0, 0.27%, 0, 0, 1, 22.44, 17347, 179, 0, 0
781, 124, 1, 5, 0, 0, 0.27%, 0, 0, 1, 22.41, 17462, 179, 0, 0
786, 125, 1, 5, 0, 0, 0.27%, 0, 0, 1, 22.37, 17577, 179, 0, 0
792, 126, 1, 5, 0, 0, 0.27%, 0, 0, 1, 22.33, 17692, 179, 0, 0
797, 126, 1, 5, 0, 0, 0.27%, 0, 0, 1, 22.57, 17807, 179, 0, 0
802, 127, 1, 5, 0, 0, 0.27%, 0, 0, 1, 22.51, 17922, 179, 0, 0
807, 128, 1, 5, 0, 0, 0.27%, 0, 0, 1, 22.47, 18037, 179, 0, 0
812, 129, 1, 5, 0, 0, 0.27%, 0, 0, 1, 21.33, 18147, 179, 0, 0
817, 130, 1, 5, 0, 0, 0.27%, 0, 0, 1, 21.82, 18257, 179, 0, 0
822, 130, 1, 5, 0, 0, 0.27%, 0, 0, 1, 22.00, 18372, 179, 0, 0
828, 131, 1, 5, 0, 0, 0.27%, 0, 0, 1, 22.02, 18487, 179, 0, 0
833, 132, 1, 5, 0, 0, 0.27%, 0, 0, 1, 22.33, 18602, 179, 0, 0
838, 133, 1, 5, 0, 0, 0.27%, 0, 0, 1, 22.67, 18717, 179, 0, 0
843, 134, 1, 5, 0, 0, 0.27%, 0, 0, 1, 22.77, 18832, 179, 0, 0
848, 135, 1, 5, 0, 0, 0.27%, 0, 0, 1, 22.56, 18947, 179, 0, 0
853, 135, 1, 5, 0, 0, 0.27%, 0, 0, 1, 22.61, 19062, 179, 0, 0
858, 136, 1, 5, 0, 0, 0.27%, 0, 0, 1, 22.49, 19177, 179, 0, 0
863, 137, 1, 5, 0, 0, 0.27%, 0, 0, 1, 22.52, 19292, 179, 0, 0
868, 138, 1, 5, 0, 0, 0.27%, 0, 0, 1, 22.32, 19407, 179, 0, 0
874, 139, 1, 5, 0, 0, 0.27%, 0, 0, 1, 22.18, 19522, 179, 0, 0
879, 139, 1, 5, 0, 0, 0.27%, 0, 0, 1, 22.23, 19637, 179, 0, 0
884, 140, 1, 5, 0, 0, 0.27%, 0, 0, 1, 22.52, 19752, 179, 0, 0
889, 141, 1, 5, 0, 0, 0.27%, 0, 0, 1, 22.63, 19867, 179, 0, 0
894, 142, 1, 5, 0, 0, 0.27%, 0, 0, 1, 22.49, 19982, 179, 0, 0
897, 142, 1, 5, 0, 0, 0.27%, 0, 0, 1, 21.75, 20039, 179, 0, 0
