# relative_time, cycles_done, cur_item, corpus_count, pending_total, pending_favs, map_size, saved_crashes, saved_hangs, max_depth, execs_per_sec, total_execs, edges_found, total_crashes, servers_count
61, 17, 1, 5, 0, 0, 0.09%, 0, 0, 1, 39.14, 2426, 61, 0, 0
66, 18, 1, 5, 0, 0, 0.09%, 0, 0, 1, 39.11, 2626, 61, 0, 0
71, 19, 1, 5, 0, 0, 0.09%, 0, 0, 1, 39.14, 2826, 61, 0, 0
76, 21, 1, 5, 0, 0, 0.09%, 0, 0, 1, 37.48, 3018, 61, 0, 0
81, 22, 1, 5, 0, 0, 0.09%, 0, 0, 1, 36.71, 3202, 61, 0, 0
86, 23, 1, 5, 0, 0, 0.09%, 0, 0, 1, 36.58, 3386, 61, 0, 0
91, 25, 1, 5, 0, 0, 0.09%, 0, 0, 1, 36.74, 3570, 61, 0, 0
96, 26, 1, 5, 0, 0, 0.09%, 0, 0, 1, 36.77, 3754, 61, 0, 0
101, 27, 1, 5, 0, 0, 0.09%, 0, 0, 1, 36.82, 3938, 61, 0, 0
106, 29, 1, 5, 0, 0, 0.09%, 0, 0, 1, 38.31, 4130, 61, 0, 0
111, 30, 1, 5, 0, 0, 0.09%, 0, 0, 1, 38.95, 4330, 61, 0, 0
116, 32, 1, 5, 0, 0, 0.09%, 0, 0, 1, 39.14, 4530, 61, 0, 0
121, 33, 1, 5, 0, 0, 0.09%, 0, 0, 1, 38.86, 4730, 61, 0, 0
127, 34, 1, 5, 0, 0, 0.09%, 0, 0, 1, 38.58, 4930, 61, 0, 0
132, 36, 1, 5, 0, 0, 0.09%, 0, 0, 1, 36.96, 5114, 61, 0, 0
137, 37, 1, 5, 0, 0, 0.09%, 0, 0, 1, 36.53, 5298, 61, 0, 0
142, 39, 1, 5, 0, 0, 0.09%, 0, 0, 1, 38.19, 5498, 61, 0, 0
147, 40, 1, 5, 0, 0, 0.09%, 0, 0, 1, 37.21, 5690, 61, 0, 0
152, 41, 1, 5, 0, 0, 0.09%, 0, 0, 1, 38.36, 5890, 61, 0, 0
157, 43, 1, 5, 0, 0, 0.09%, 0, 0, 1, 38.60, 6090, 61, 0, 0
163, 44, 1, 5, 0, 0, 0.09%, 0, 0, 1, 38.63, 6290, 61, 0, 0
168, 46, 1, 5, 0, 0, 0.09%, 0, 0, 1, 38.60, 6490, 61, 0, 0
173, 47, 1, 5, 0, 0, 0.09%, 0, 0, 1, 38.89, 6690, 61, 0, 0
178, 48, 1, 5, 0, 0, 0.09%, 0, 0, 1, 38.95, 6890, 61, 0, 0
183, 50, 1, 5, 0, 0, 0.09%, 0, 0, 1, 37.18, 7082, 61, 0, 0
188, 51, 1, 5, 0, 0, 0.09%, 0, 0, 1, 36.66, 7266, 61, 0, 0
193, 52, 1, 5, 0, 0, 0.09%, 0, 0, 1, 36.70, 7450, 61, 0, 0
199, 54, 1, 5, 0, 0, 0.09%, 0, 0, 1, 36.78, 7642, 61, 0, 0
204, 55, 1, 5, 0, 0, 0.09%, 0, 0, 1, 36.91, 7834, 61, 0, 0
209, 57, 1, 5, 0, 0, 0.09%, 0, 0, 1, 37.71, 8026, 61, 0, 0
214, 58, 1, 5, 0, 0, 0.09%, 0, 0, 1, 38.23, 8226, 61, 0, 0
219, 59, 1, 5, 0, 0, 0.09%, 0, 0, 1, 36.57, 8410, 61, 0, 0
224, 61, 1, 5, 0, 0, 0.09%, 0, 0, 1, 36.20, 8594, 61, 0, 0
229, 62, 1, 5, 0, 0, 0.09%, 0, 0, 1, 36.08, 8778, 61, 0, 0
235, 63, 1, 5, 0, 0, 0.09%, 0, 0, 1, 37.36, 8970, 61, 0, 0
240, 65, 1, 5, 0, 0, 0.09%, 0, 0, 1, 38.50, 9170, 61, 0, 0
245, 66, 1, 5, 0, 0, 0.09%, 0, 0, 1, 39.01, 9370, 61, 0, 0
250, 68, 1, 5, 0, 0, 0.09%, 0, 0, 1, 39.33, 9570, 61, 0, 0
255, 69, 1, 5, 0, 0, 0.09%, 0, 0, 1, 39.17, 9770, 61, 0, 0
260, 70, 1, 5, 0, 0, 0.09%, 0, 0, 1, 38.55, 9970, 61, 0, 0
265, 72, 1, 5, 0, 0, 0.09%, 0, 0, 1, 38.70, 10170, 61, 0, 0
271, 73, 1, 5, 0, 0, 0.09%, 0, 0, 1, 38.81, 10370, 61, 0, 0
276, 75, 1, 5, 0, 0, 0.09%, 0, 0, 1, 38.65, 10570, 61, 0, 0
281, 76, 1, 5, 0, 0, 0.09%, 0, 0, 1, 39.29, 10770, 61, 0, 0
286, 78, 1, 5, 0, 0, 0.09%, 0, 0, 1, 39.44, 10970, 61, 0, 0
291, 79, 1, 5, 0, 0, 0.09%, 0, 0, 1, 39.33, 11170, 61, 0, 0
296, 80, 1, 5, 0, 0, 0.09%, 0, 0, 1, 39.27, 11370, 61, 0, 0
301, 82, 1, 5, 0, 0, 0.09%, 0, 0, 1, 38.88, 11570, 61, 0, 0
306, 83, 1, 5, 0, 0, 0.09%, 0, 0, 1, 38.74, 11770, 61, 0, 0
312, 85, 1, 5, 0, 0, 0.09%, 0, 0, 1, 38.71, 11970, 61, 0, 0
317, 86, 1, 5, 0, 0, 0.09%, 0, 0, 1, 37.20, 12162, 61, 0, 0
322, 87, 1, 5, 0, 0, 0.09%, 0, 0, 1, 37.43, 12354, 61, 0, 0
327, 89, 1, 5, 0, 0, 0.09%, 0, 0, 1, 36.68, 12537, 61, 0, 0
332, 90, 1, 5, 0, 0, 0.09%, 0, 0, 1, 36.58, 12721, 61, 0, 0
337, 91, 1, 5, 0, 0, 0.09%, 0, 0, 1, 36.55, 12905, 61, 0, 0
342, 93, 1, 5, 0, 0, 0.09%, 0, 0, 1, 36.10, 13089, 61, 0, 0
347, 94, 1, 5, 0, 0, 0.09%, 0, 0, 1, 37.30, 13281, 61, 0, 0
352, 96, 1, 5, 0, 0, 0.09%, 0, 0, 1, 38.37, 13480, 61, 0, 0
358, 97, 1, 5, 0, 0, 0.09%, 0, 0, 1, 39.03, 13680, 61, 0, 0
363, 98, 1, 5, 0, 0, 0.09%, 0, 0, 1, 39.19, 13880, 61, 0, 0
368, 100, 1, 5, 0, 0, 0.09%, 0, 0, 1, 39.18, 14080, 61, 0, 0
373, 101, 1, 5, 0, 0, 0.09%, 0, 0, 1, 39.19, 14280, 61, 0, 0
378, 103, 1, 5, 0, 0, 0.09%, 0, 0, 1, 38.96, 14480, 61, 0, 0
383, 104, 1, 5, 0, 0, 0.09%, 0, 0, 1, 38.19, 14672, 61, 0, 0
388, 105, 1, 5, 0, 0, 0.09%, 0, 0, 1, 38.23, 14864, 61, 0, 0
393, 107, 1, 5, 0, 0, 0.09%, 0, 0, 1, 38.31, 15056, 61, 0, 0
398, 108, 1, 5, 0, 0, 0.09%, 0, 0, 1, 38.33, 15248, 61, 0, 0
403, 110, 1, 5, 0, 0, 0.09%, 0, 0, 1, 38.31, 15440, 61, 0, 0
408, 111, 1, 5, 0, 0, 0.09%, 0, 0, 1, 38.34, 15632, 61, 0, 0
413, 112, 1, 5, 0, 0, 0.09%, 0, 0, 1, 37.42, 15824, 61, 0, 0
418, 114, 1, 5, 0, 0, 0.09%, 0, 0, 1, 36.60, 16008, 61, 0, 0
423, 115, 1, 5, 0, 0, 0.09%, 0, 0, 1, 36.26, 16192, 61, 0, 0
428, 116, 1, 5, 0, 0, 0.09%, 0, 0, 1, 36.21, 16376, 61, 0, 0
433, 118, 1, 5, 0, 0, 0.09%, 0, 0, 1, 36.28, 16560, 61, 0, 0
439, 119, 1, 5, 0, 0, 0.09%, 0, 0, 1, 36.15, 16744, 61, 0, 0
444, 120, 1, 5, 0, 0, 0.09%, 0, 0, 1, 37.69, 16936, 61, 0, 0
449, 122, 1, 5, 0, 0, 0.09%, 0, 0, 1, 38.55, 17135, 61, 0, 0
454, 123, 1, 5, 0, 0, 0.09%, 0, 0, 1, 38.86, 17335, 61, 0, 0
459, 124, 1, 5, 0, 0, 0.09%, 0, 0, 1, 38.89, 17535, 61, 0, 0
464, 126, 1, 5, 0, 0, 0.09%, 0, 0, 1, 38.61, 17735, 61, 0, 0
469, 127, 1, 5, 0, 0, 0.09%, 0, 0, 1, 37.08, 17919, 61, 0, 0
474, 129, 1, 5, 0, 0, 0.09%, 0, 0, 1, 36.49, 18102, 61, 0, 0
479, 130, 1, 5, 0, 0, 0.09%, 0, 0, 1, 36.05, 18286, 61, 0, 0
485, 131, 1, 5, 0, 0, 0.09%, 0, 0, 1, 36.14, 18470, 61, 0, 0
490, 132, 1, 5, 0, 0, 0.09%, 0, 0, 1, 36.15, 18654, 61, 0, 0
495, 134, 1, 5, 0, 0, 0.09%, 0, 0, 1, 36.25, 18838, 61, 0, 0
500, 135, 1, 5, 0, 0, 0.09%, 0, 0, 1, 36.36, 19022, 61, 0, 0
505, 136, 1, 5, 0, 0, 0.09%, 0, 0, 1, 37.57, 19213, 61, 0, 0
510, 138, 1, 5, 0, 0, 0.09%, 0, 0, 1, 38.85, 19413, 61, 0, 0
515, 139, 1, 5, 0, 0, 0.09%, 0, 0, 1, 39.03, 19613, 61, 0, 0
520, 141, 1, 5, 0, 0, 0.09%, 0, 0, 1, 39.09, 19813, 61, 0, 0
525, 142, 1, 5, 0, 0, 0.09%, 0, 0, 1, 39.09, 20013, 61, 0, 0
530, 144, 1, 5, 0, 0, 0.09%, 0, 0, 1, 39.02, 20213, 61, 0, 0
536, 145, 1, 5, 0, 0, 0.09%, 0, 0, 1, 37.28, 20405, 61, 0, 0
541, 146, 1, 5, 0, 0, 0.09%, 0, 0, 1, 36.58, 20589, 61, 0, 0
546, 148, 1, 5, 0, 0, 0.09%, 0, 0, 1, 36.45, 20773, 61, 0, 0
551, 149, 1, 5, 0, 0, 0.09%, 0, 0, 1, 38.04, 20965, 61, 0, 0
556, 150, 1, 5, 0, 0, 0.09%, 0, 0, 1, 38.95, 21165, 61, 0, 0
561, 152, 1, 5, 0, 0, 0.09%, 0, 0, 1, 39.10, 21365, 61, 0, 0
566, 153, 1, 5, 0, 0, 0.09%, 0, 0, 1, 39.01, 21565, 61, 0, 0
571, 155, 1, 5, 0, 0, 0.09%, 0, 0, 1, 38.72, 21765, 61, 0, 0
576, 156, 1, 5, 0, 0, 0.09%, 0, 0, 1, 38.72, 21965, 61, 0, 0
582, 158, 1, 5, 0, 0, 0.09%, 0, 0, 1, 39.11, 22165, 61, 0, 0
587, 159, 1, 5, 0, 0, 0.09%, 0, 0, 1, 39.35, 22365, 61, 0, 0
592, 160, 1, 5, 0, 0, 0.09%, 0, 0, 1, 39.21, 22565, 61, 0, 0
597, 162, 1, 5, 0, 0, 0.09%, 0, 0, 1, 37.33, 22749, 61, 0, 0
602, 163, 1, 5, 0, 0, 0.09%, 0, 0, 1, 36.79, 22933, 61, 0, 0
607, 164, 1, 5, 0, 0, 0.09%, 0, 0, 1, 36.53, 23117, 61, 0, 0
612, 166, 1, 5, 0, 0, 0.09%, 0, 0, 1, 36.52, 23301, 61, 0, 0
617, 167, 1, 5, 0, 0, 0.09%, 0, 0, 1, 36.37, 23485, 61, 0, 0
622, 168, 1, 5, 0, 0, 0.09%, 0, 0, 1, 36.35, 23669, 61, 0, 0
627, 170, 1, 5, 0, 0, 0.09%, 0, 0, 1, 36.27, 23853, 61, 0, 0
632, 171, 1, 5, 0, 0, 0.09%, 0, 0, 1, 36.18, 24037, 61, 0, 0
637, 172, 1, 5, 0, 0, 0.09%, 0, 0, 1, 36.32, 24221, 61, 0, 0
642, 174, 1, 5, 0, 0, 0.09%, 0, 0, 1, 36.29, 24405, 61, 0, 0
647, 175, 1, 5, 0, 0, 0.09%, 0, 0, 1, 36.56, 24589, 61, 0, 0
652, 176, 1, 5, 0, 0, 0.09%, 0, 0, 1, 36.69, 24773, 61, 0, 0
657, 177, 1, 5, 0, 0, 0.09%, 0, 0, 1, 36.74, 24957, 61, 0, 0
662, 179, 1, 5, 0, 0, 0.09%, 0, 0, 1, 36.77, 25141, 61, 0, 0
667, 180, 1, 5, 0, 0, 0.09%, 0, 0, 1, 36.79, 25325, 61, 0, 0
672, 181, 1, 5, 0, 0, 0.09%, 0, 0, 1, 36.81, 25509, 61, 0, 0
677, 183, 1, 5, 0, 0, 0.09%, 0, 0, 1, 36.64, 25693, 61, 0, 0
682, 184, 1, 5, 0, 0, 0.09%, 0, 0, 1, 36.70, 25877, 61, 0, 0
688, 185, 1, 5, 0, 0, 0.09%, 0, 0, 1, 36.82, 26069, 61, 0, 0
693, 187, 1, 5, 0, 0, 0.09%, 0, 0, 1, 38.38, 26269, 61, 0, 0
698, 188, 1, 5, 0, 0, 0.09%, 0, 0, 1, 38.71, 26469, 61, 0, 0
703, 190, 1, 5, 0, 0, 0.09%, 0, 0, 1, 38.06, 26661, 61, 0, 0
708, 191, 1, 5, 0, 0, 0.09%, 0, 0, 1, 37.30, 26853, 61, 0, 0
713, 192, 1, 5, 0, 0, 0.09%, 0, 0, 1, 38.45, 27053, 61, 0, 0
718, 194, 1, 5, 0, 0, 0.09%, 0, 0, 1, 38.76, 27253, 61, 0, 0
724, 195, 1, 5, 0, 0, 0.09%, 0, 0, 1, 38.44, 27445, 61, 0, 0
729, 197, 1, 5, 0, 0, 0.09%, 0, 0, 1, 38.71, 27645, 61, 0, 0
734, 198, 1, 5, 0, 0, 0.09%, 0, 0, 1, 37.02, 27829, 61, 0, 0
739, 199, 1, 5, 0, 0, 0.09%, 0, 0, 1, 36.64, 28013, 61, 0, 0
744, 201, 1, 5, 0, 0, 0.09%, 0, 0, 1, 36.62, 28197, 61, 0, 0
749, 202, 1, 5, 0, 0, 0.09%, 0, 0, 1, 38.72, 28397, 61, 0, 0
754, 203, 1, 5, 0, 0, 0.09%, 0, 0, 1, 39.19, 28597, 61, 0, 0
759, 205, 1, 5, 0, 0, 0.09%, 0, 0, 1, 39.27, 28798, 61, 0, 0
764, 206, 1, 5, 0, 0, 0.09%, 0, 0, 1, 39.27, 28998, 61, 0, 0
769, 208, 1, 5, 0, 0, 0.09%, 0, 0, 1, 39.34, 29198, 61, 0, 0
774, 209, 1, 5, 0, 0, 0.09%, 0, 0, 1, 39.00, 29398, 61, 0, 0
780, 211, 1, 5, 0, 0, 0.09%, 0, 0, 1, 38.95, 29598, 61, 0, 0
785, 212, 1, 5, 0, 0, 0.09%, 0, 0, 1, 38.90, 29798, 61, 0, 0
790, 214, 1, 5, 0, 0, 0.09%, 0, 0, 1, 38.89, 29998, 61, 0, 0
795, 215, 1, 5, 0, 0, 0.09%, 0, 0, 1, 39.01, 30198, 61, 0, 0
800, 216, 1, 5, 0, 0, 0.09%, 0, 0, 1, 39.06, 30398, 61, 0, 0
805, 218, 1, 5, 0, 0, 0.09%, 0, 0, 1, 38.98, 30598, 61, 0, 0
810, 219, 1, 5, 0, 0, 0.09%, 0, 0, 1, 38.92, 30798, 61, 0, 0
815, 221, 1, 5, 0, 0, 0.09%, 0, 0, 1, 39.01, 30998, 61, 0, 0
821, 222, 1, 5, 0, 0, 0.09%, 0, 0, 1, 39.01, 31198, 61, 0, 0
826, 224, 1, 5, 0, 0, 0.09%, 0, 0, 1, 38.97, 31398, 61, 0, 0
831, 225, 1, 5, 0, 0, 0.09%, 0, 0, 1, 38.98, 31598, 61, 0, 0
836, 226, 1, 5, 0, 0, 0.09%, 0, 0, 1, 38.92, 31798, 61, 0, 0
841, 228, 1, 5, 0, 0, 0.09%, 0, 0, 1, 38.75, 31998, 61, 0, 0
846, 229, 1, 5, 0, 0, 0.09%, 0, 0, 1, 38.72, 32198, 61, 0, 0
851, 231, 1, 5, 0, 0, 0.09%, 0, 0, 1, 38.83, 32398, 61, 0, 0
857, 232, 1, 5, 0, 0, 0.09%, 0, 0, 1, 38.68, 32598, 61, 0, 0
862, 234, 1, 5, 0, 0, 0.09%, 0, 0, 1, 38.73, 32798, 61, 0, 0
867, 235, 1, 5, 0, 0, 0.09%, 0, 0, 1, 38.65, 32998, 61, 0, 0
872, 236, 1, 5, 0, 0, 0.09%, 0, 0, 1, 38.89, 33198, 61, 0, 0
877, 238, 1, 5, 0, 0, 0.09%, 0, 0, 1, 38.55, 33398, 61, 0, 0
882, 239, 1, 5, 0, 0, 0.09%, 0, 0, 1, 37.81, 33589, 61, 0, 0
887, 241, 1, 5, 0, 0, 0.09%, 0, 0, 1, 37.21, 33779, 61, 0, 0
893, 242, 1, 5, 0, 0, 0.09%, 0, 0, 1, 36.80, 33968, 61, 0, 0
897, 243, 1, 5, 0, 0, 0.09%, 0, 0, 1, 36.18, 34144, 61, 0, 0
