# relative_time, cycles_done, cur_item, corpus_count, pending_total, pending_favs, map_size, saved_crashes, saved_hangs, max_depth, execs_per_sec, total_execs, edges_found, total_crashes, servers_count
60, 17, 1, 5, 0, 0, 0.15%, 0, 0, 1, 40.52, 2482, 101, 0, 0
65, 18, 1, 5, 0, 0, 0.15%, 0, 0, 1, 40.50, 2685, 101, 0, 0
70, 20, 1, 5, 0, 0, 0.15%, 0, 0, 1, 40.22, 2892, 101, 0, 0
75, 21, 1, 5, 0, 0, 0.15%, 0, 0, 1, 40.14, 3095, 101, 0, 0
81, 23, 1, 5, 0, 0, 0.15%, 0, 0, 1, 40.52, 3306, 101, 0, 0
86, 24, 1, 5, 0, 0, 0.15%, 0, 0, 1, 40.78, 3513, 101, 0, 0
91, 26, 1, 5, 0, 0, 0.15%, 0, 0, 1, 40.25, 3719, 101, 0, 0
96, 27, 1, 5, 0, 0, 0.15%, 0, 0, 1, 40.02, 3927, 101, 0, 0
101, 29, 1, 5, 0, 0, 0.15%, 0, 0, 1, 40.45, 4134, 101, 0, 0
106, 30, 1, 5, 0, 0, 0.15%, 0, 0, 1, 40.57, 4338, 101, 0, 0
111, 32, 1, 5, 0, 0, 0.15%, 0, 0, 1, 40.72, 4545, 101, 0, 0
116, 33, 1, 5, 0, 0, 0.15%, 0, 0, 1, 40.54, 4749, 101, 0, 0
121, 35, 1, 5, 0, 0, 0.15%, 0, 0, 1, 40.54, 4953, 101, 0, 0
126, 36, 1, 5, 0, 0, 0.15%, 0, 0, 1, 40.74, 5160, 101, 0, 0
131, 38, 1, 5, 0, 0, 0.15%, 0, 0, 1, 40.80, 5367, 101, 0, 0
137, 39, 1, 5, 0, 0, 0.15%, 0, 0, 1, 40.80, 5574, 101, 0, 0
142, 41, 1, 5, 0, 0, 0.15%, 0, 0, 1, 40.93, 5781, 101, 0, 0
147, 42, 1, 5, 0, 0, 0.15%, 0, 0, 1, 40.62, 5985, 101, 0, 0
152, 43, 1, 5, 0, 0, 0.15%, 0, 0, 1, 40.61, 6190, 101, 0, 0
157, 45, 1, 5, 0, 0, 0.15%, 0, 0, 1, 40.52, 6394, 101, 0, 0
162, 46, 1, 5, 0, 0, 0.15%, 0, 0, 1, 40.45, 6597, 101, 0, 0
167, 48, 1, 5, 0, 0, 0.15%, 0, 0, 1, 40.94, 6802, 101, 0, 0
172, 49, 1, 5, 0, 0, 0.15%, 0, 0, 1, 40.66, 7007, 101, 0, 0
177, 51, 1, 5, 0, 0, 0.15%, 0, 0, 1, 40.50, 7212, 101, 0, 0
182, 52, 1, 5, 0, 0, 0.15%, 0, 0, 1, 40.98, 7418, 101, 0, 0
187, 54, 1, 5, 0, 0, 0.15%, 0, 0, 1, 41.07, 7625, 101, 0, 0
192, 55, 1, 5, 0, 0, 0.15%, 0, 0, 1, 40.85, 7831, 101, 0, 0
197, 57, 1, 5, 0, 0, 0.15%, 0, 0, 1, 40.50, 8036, 101, 0, 0
202, 58, 1, 5, 0, 0, 0.15%, 0, 0, 1, 40.59, 8243, 101, 0, 0
207, 60, 1, 5, 0, 0, 0.15%, 0, 0, 1, 40.83, 8450, 101, 0, 0
212, 61, 1, 5, 0, 0, 0.15%, 0, 0, 1, 40.77, 8656, 101, 0, 0
217, 63, 1, 5, 0, 0, 0.15%, 0, 0, 1, 40.53, 8861, 101, 0, 0
222, 64, 1, 5, 0, 0, 0.15%, 0, 0, 1, 40.72, 9067, 101, 0, 0
227, 65, 1, 5, 0, 0, 0.15%, 0, 0, 1, 40.62, 9273, 101, 0, 0
232, 67, 1, 5, 0, 0, 0.15%, 0, 0, 1, 40.54, 9477, 101, 0, 0
238, 68, 1, 5, 0, 0, 0.15%, 0, 0, 1, 40.87, 9690, 101, 0, 0
243, 70, 1, 5, 0, 0, 0.15%, 0, 0, 1, 40.42, 9898, 101, 0, 0
248, 71, 1, 5, 0, 0, 0.15%, 0, 0, 1, 40.50, 10109, 101, 0, 0
253, 73, 1, 5, 0, 0, 0.15%, 0, 0, 1, 40.65, 10316, 101, 0, 0
258, 74, 1, 5, 0, 0, 0.15%, 0, 0, 1, 40.52, 10521, 101, 0, 0
263, 76, 1, 5, 0, 0, 0.15%, 0, 0, 1, 40.87, 10726, 101, 0, 0
268, 77, 1, 5, 0, 0, 0.15%, 0, 0, 1, 40.85, 10932, 101, 0, 0
273, 79, 1, 5, 0, 0, 0.15%, 0, 0, 1, 40.47, 11136, 101, 0, 0
278, 80, 1, 5, 0, 0, 0.15%, 0, 0, 1, 40.40, 11345, 101, 0, 0
284, 82, 1, 5, 0, 0, 0.15%, 0, 0, 1, 40.55, 11552, 101, 0, 0
289, 83, 1, 5, 0, 0, 0.15%, 0, 0, 1, 40.60, 11758, 101, 0, 0
294, 85, 1, 5, 0, 0, 0.15%, 0, 0, 1, 40.34, 11967, 101, 0, 0
299, 86, 1, 5, 0, 0, 0.15%, 0, 0, 1, 40.51, 12172, 101, 0, 0
304, 88, 1, 5, 0, 0, 0.15%, 0, 0, 1, 41.05, 12379, 101, 0, 0
309, 89, 1, 5, 0, 0, 0.15%, 0, 0, 1, 40.72, 12584, 101, 0, 0
314, 91, 1, 5, 0, 0, 0.15%, 0, 0, 1, 40.47, 12788, 101, 0, 0
319, 92, 1, 5, 0, 0, 0.15%, 0, 0, 1, 40.64, 12994, 101, 0, 0
324, 94, 1, 5, 0, 0, 0.15%, 0, 0, 1, 40.62, 13200, 101, 0, 0
329, 95, 1, 5, 0, 0, 0.15%, 0, 0, 1, 40.79, 13407, 101, 0, 0
334, 96, 1, 5, 0, 0, 0.15%, 0, 0, 1, 40.88, 13614, 101, 0, 0
339, 98, 1, 5, 0, 0, 0.15%, 0, 0, 1, 40.69, 13819, 101, 0, 0
344, 99, 1, 5, 0, 0, 0.15%, 0, 0, 1, 40.61, 14023, 101, 0, 0
349, 101, 1, 5, 0, 0, 0.15%, 0, 0, 1, 40.35, 14225, 101, 0, 0
354, 102, 1, 5, 0, 0, 0.15%, 0, 0, 1, 40.73, 14432, 101, 0, 0
359, 104, 1, 5, 0, 0, 0.15%, 0, 0, 1, 40.50, 14636, 101, 0, 0
364, 105, 1, 5, 0, 0, 0.15%, 0, 0, 1, 40.65, 14841, 101, 0, 0
369, 107, 1, 5, 0, 0, 0.15%, 0, 0, 1, 40.83, 15047, 101, 0, 0
375, 108, 1, 5, 0, 0, 0.15%, 0, 0, 1, 40.77, 15253, 101, 0, 0
380, 110, 1, 5, 0, 0, 0.15%, 0, 0, 1, 40.83, 15460, 101, 0, 0
385, 111, 1, 5, 0, 0, 0.15%, 0, 0, 1, 40.89, 15667, 101, 0, 0
390, 113, 1, 5, 0, 0, 0.15%, 0, 0, 1, 40.90, 15874, 101, 0, 0
395, 114, 1, 5, 0, 0, 0.15%, 0, 0, 1, 40.92, 16081, 101, 0, 0
400, 116, 1, 5, 0, 0, 0.15%, 0, 0, 1, 40.89, 16287, 101, 0, 0
405, 117, 1, 5, 0, 0, 0.15%, 0, 0, 1, 40.93, 16493, 101, 0, 0
410, 119, 1, 5, 0, 0, 0.15%, 0, 0, 1, 40.67, 16698, 101, 0, 0
415, 120, 1, 5, 0, 0, 0.15%, 0, 0, 1, 40.83, 16904, 101, 0, 0
420, 121, 1, 5, 0, 0, 0.15%, 0, 0, 1, 40.67, 17108, 101, 0, 0
425, 123, 1, 5, 0, 0, 0.15%, 0, 0, 1, 40.58, 17315, 101, 0, 0
430, 124, 1, 5, 0, 0, 0.15%, 0, 0, 1, 40.75, 17521, 101, 0, 0
435, 126, 1, 5, 0, 0, 0.15%, 0, 0, 1, 40.69, 17726, 101, 0, 0
440, 127, 1, 5, 0, 0, 0.15%, 0, 0, 1, 41.21, 17933, 101, 0, 0
445, 129, 1, 5, 0, 0, 0.15%, 0, 0, 1, 41.10, 18140, 101, 0, 0
450, 130, 1, 5, 0, 0, 0.15%, 0, 0, 1, 40.77, 18346, 101, 0, 0
455, 132, 1, 5, 0, 0, 0.15%, 0, 0, 1, 40.67, 18551, 101, 0, 0
460, 133, 1, 5, 0, 0, 0.15%, 0, 0, 1, 40.44, 18761, 101, 0, 0
466, 135, 1, 5, 0, 0, 0.15%, 0, 0, 1, 40.55, 18967, 101, 0, 0
471, 136, 1, 5, 0, 0, 0.15%, 0, 0, 1, 40.68, 19174, 101, 0, 0
476, 138, 1, 5, 0, 0, 0.15%, 0, 0, 1, 40.71, 19380, 101, 0, 0
481, 139, 1, 5, 0, 0, 0.15%, 0, 0, 1, 40.47, 19583, 101, 0, 0
486, 141, 1, 5, 0, 0, 0.15%, 0, 0, 1, 40.86, 19789, 101, 0, 0
491, 142, 1, 5, 0, 0, 0.15%, 0, 0, 1, 41.05, 19996, 101, 0, 0
496, 144, 1, 5, 0, 0, 0.15%, 0, 0, 1, 41.18, 20203, 101, 0, 0
501, 145, 1, 5, 0, 0, 0.15%, 0, 0, 1, 41.12, 20410, 101, 0, 0
506, 146, 1, 5, 0, 0, 0.15%, 0, 0, 1, 41.11, 20617, 101, 0, 0
511, 148, 1, 5, 0, 0, 0.15%, 0, 0, 1, 40.56, 20827, 101, 0, 0
516, 149, 1, 5, 0, 0, 0.15%, 0, 0, 1, 40.65, 21034, 101, 0, 0
521, 151, 1, 5, 0, 0, 0.15%, 0, 0, 1, 40.82, 21241, 101, 0, 0
526, 152, 1, 5, 0, 0, 0.15%, 0, 0, 1, 40.73, 21448, 101, 0, 0
531, 154, 1, 5, 0, 0, 0.15%, 0, 0, 1, 40.78, 21654, 101, 0, 0
536, 155, 1, 5, 0, 0, 0.15%, 0, 0, 1, 40.71, 21860, 101, 0, 0
542, 157, 1, 5, 0, 0, 0.15%, 0, 0, 1, 40.49, 22071, 101, 0, 0
547, 158, 1, 5, 0, 0, 0.15%, 0, 0, 1, 40.48, 22275, 101, 0, 0
552, 160, 1, 5, 0, 0, 0.15%, 0, 0, 1, 40.49, 22480, 101, 0, 0
557, 161, 1, 5, 0, 0, 0.15%, 0, 0, 1, 40.45, 22690, 101, 0, 0
562, 163, 1, 5, 0, 0, 0.15%, 0, 0, 1, 40.47, 22894, 101, 0, 0
567, 164, 1, 5, 0, 0, 0.15%, 0, 0, 1, 40.34, 23104, 101, 0, 0
572, 166, 1, 5, 0, 0, 0.15%, 0, 0, 1, 40.67, 23310, 101, 0, 0
577, 167, 1, 5, 0, 0, 0.15%, 0, 0, 1, 40.93, 23517, 101, 0, 0
582, 169, 1, 5, 0, 0, 0.15%, 0, 0, 1, 40.92, 23724, 101, 0, 0
587, 170, 1, 5, 0, 0, 0.15%, 0, 0, 1, 40.53, 23929, 101, 0, 0
592, 172, 1, 5, 0, 0, 0.15%, 0, 0, 1, 40.36, 24133, 101, 0, 0
598, 173, 1, 5, 0, 0, 0.15%, 0, 0, 1, 40.60, 24338, 101, 0, 0
603, 175, 1, 5, 0, 0, 0.15%, 0, 0, 1, 40.75, 24544, 101, 0, 0
608, 176, 1, 5, 0, 0, 0.15%, 0, 0, 1, 40.49, 24747, 101, 0, 0
613, 177, 1, 5, 0, 0, 0.15%, 0, 0, 1, 40.42, 24949, 101, 0, 0
618, 179, 1, 5, 0, 0, 0.15%, 0, 0, 1, 40.43, 25154, 101, 0, 0
623, 180, 1, 5, 0, 0, 0.15%, 0, 0, 1, 40.75, 25361, 101, 0, 0
628, 182, 1, 5, 0, 0, 0.15%, 0, 0, 1, 41.12, 25568, 101, 0, 0
633, 183, 1, 5, 0, 0, 0.15%, 0, 0, 1, 40.78, 25773, 101, 0, 0
638, 185, 1, 5, 0, 0, 0.15%, 0, 0, 1, 39.32, 25973, 101, 0, 0
643, 186, 1, 5, 0, 0, 0.15%, 0, 0, 1, 40.23, 26178, 101, 0, 0
648, 188, 1, 5, 0, 0, 0.15%, 0, 0, 1, 40.38, 26384, 101, 0, 0
653, 189, 1, 5, 0, 0, 0.15%, 0, 0, 1, 40.49, 26587, 101, 0, 0
658, 191, 1, 5, 0, 0, 0.15%, 0, 0, 1, 40.66, 26792, 101, 0, 0
663, 192, 1, 5, 0, 0, 0.15%, 0, 0, 1, 40.57, 26998, 101, 0, 0
668, 194, 1, 5, 0, 0, 0.15%, 0, 0, 1, 40.84, 27205, 101, 0, 0
673, 195, 1, 5, 0, 0, 0.15%, 0, 0, 1, 40.52, 27409, 101, 0, 0
678, 196, 1, 5, 0, 0, 0.15%, 0, 0, 1, 40.40, 27611, 101, 0, 0
683, 198, 1, 5, 0, 0, 0.15%, 0, 0, 1, 40.50, 27814, 101, 0, 0
688, 199, 1, 5, 0, 0, 0.15%, 0, 0, 1, 40.62, 28020, 101, 0, 0
693, 201, 1, 5, 0, 0, 0.15%, 0, 0, 1, 40.43, 28222, 101, 0, 0
698, 202, 1, 5, 0, 0, 0.15%, 0, 0, 1, 40.41, 28425, 101, 0, 0
703, 204, 1, 5, 0, 0, 0.15%, 0, 0, 1, 40.26, 28631, 101, 0, 0
709, 205, 1, 5, 0, 0, 0.15%, 0, 0, 1, 40.65, 28836, 101, 0, 0
714, 207, 1, 5, 0, 0, 0.15%, 0, 0, 1, 40.86, 29043, 101, 0, 0
719, 208, 1, 5, 0, 0, 0.15%, 0, 0, 1, 40.70, 29249, 101, 0, 0
724, 210, 1, 5, 0, 0, 0.15%, 0, 0, 1, 40.52, 29454, 101, 0, 0
729, 211, 1, 5, 0, 0, 0.15%, 0, 0, 1, 41.04, 29661, 101, 0, 0
734, 213, 1, 5, 0, 0, 0.15%, 0, 0, 1, 41.17, 29868, 101, 0, 0
739, 214, 1, 5, 0, 0, 0.15%, 0, 0, 1, 41.42, 30084, 101, 0, 0
744, 216, 1, 5, 0, 0, 0.15%, 0, 0, 1, 41.23, 30291, 101, 0, 0
749, 217, 1, 5, 0, 0, 0.15%, 0, 0, 1, 40.96, 30496, 101, 0, 0
754, 219, 1, 5, 0, 0, 0.15%, 0, 0, 1, 40.49, 30707, 101, 0, 0
759, 220, 1, 5, 0, 0, 0.15%, 0, 0, 1, 40.60, 30914, 101, 0, 0
764, 222, 1, 5, 0, 0, 0.15%, 0, 0, 1, 40.58, 31120, 101, 0, 0
770, 223, 1, 5, 0, 0, 0.15%, 0, 0, 1, 40.18, 31326, 101, 0, 0
775, 224, 1, 5, 0, 0, 0.15%, 0, 0, 1, 40.23, 31535, 101, 0, 0
780, 226, 1, 5, 0, 0, 0.15%, 0, 0, 1, 40.68, 31742, 101, 0, 0
785, 227, 1, 5, 0, 0, 0.15%, 0, 0, 1, 40.97, 31949, 101, 0, 0
790, 229, 1, 5, 0, 0, 0.15%, 0, 0, 1, 41.22, 32156, 101, 0, 0
795, 230, 1, 5, 0, 0, 0.15%, 0, 0, 1, 41.29, 32363, 101, 0, 0
800, 232, 1, 5, 0, 0, 0.15%, 0, 0, 1, 41.37, 32578, 101, 0, 0
805, 233, 1, 5, 0, 0, 0.15%, 0, 0, 1, 41.23, 32785, 101, 0, 0
810, 235, 1, 5, 0, 0, 0.15%, 0, 0, 1, 40.99, 32991, 101, 0, 0
815, 236, 1, 5, 0, 0, 0.15%, 0, 0, 1, 40.86, 33197, 101, 0, 0
820, 238, 1, 5, 0, 0, 0.15%, 0, 0, 1, 40.68, 33404, 101, 0, 0
825, 239, 1, 5, 0, 0, 0.15%, 0, 0, 1, 40.95, 33611, 101, 0, 0
830, 241, 1, 5, 0, 0, 0.15%, 0, 0, 1, 40.31, 33818, 101, 0, 0
836, 242, 1, 5, 0, 0, 0.15%, 0, 0, 1, 40.51, 34022, 101, 0, 0
841, 244, 1, 5, 0, 0, 0.15%, 0, 0, 1, 40.73, 34229, 101, 0, 0
846, 245, 1, 5, 0, 0, 0.15%, 0, 0, 1, 40.84, 34436, 101, 0, 0
851, 247, 1, 5, 0, 0, 0.15%, 0, 0, 1, 40.75, 34643, 101, 0, 0
856, 248, 1, 5, 0, 0, 0.15%, 0, 0, 1, 40.65, 34849, 101, 0, 0
861, 250, 1, 5, 0, 0, 0.15%, 0, 0, 1, 40.59, 35056, 101, 0, 0
866, 251, 1, 5, 0, 0, 0.15%, 0, 0, 1, 40.52, 35259, 101, 0, 0
871, 253, 1, 5, 0, 0, 0.15%, 0, 0, 1, 40.56, 35465, 101, 0, 0
876, 254, 1, 5, 0, 0, 0.15%, 0, 0, 1, 40.82, 35671, 101, 0, 0
881, 256, 1, 5, 0, 0, 0.15%, 0, 0, 1, 40.75, 35878, 101, 0, 0
886, 257, 1, 5, 0, 0, 0.15%, 0, 0, 1, 40.79, 36083, 101, 0, 0
891, 258, 1, 5, 0, 0, 0.15%, 0, 0, 1, 39.88, 36284, 101, 0, 0
896, 260, 1, 5, 0, 0, 0.15%, 0, 0, 1, 39.96, 36489, 101, 0, 0
897, 260, 1, 5, 0, 0, 0.15%, 0, 0, 1, 38.83, 36522, 101, 0, 0
