# relative_time, cycles_done, cur_item, corpus_count, pending_total, pending_favs, map_size, saved_crashes, saved_hangs, max_depth, execs_per_sec, total_execs, edges_found, total_crashes, servers_count
61, 13, 1, 5, 0, 0, 0.24%, 0, 0, 1, 30.98, 1973, 159, 0, 0
66, 15, 1, 5, 0, 0, 0.24%, 0, 0, 1, 32.04, 2141, 159, 0, 0
71, 16, 1, 5, 0, 0, 0.24%, 0, 0, 1, 31.11, 2302, 159, 0, 0
76, 17, 1, 5, 0, 0, 0.24%, 0, 0, 1, 30.95, 2462, 159, 0, 0
81, 18, 1, 5, 0, 0, 0.24%, 0, 0, 1, 31.96, 2623, 159, 0, 0
86, 19, 1, 5, 0, 0, 0.24%, 0, 0, 1, 32.82, 2791, 159, 0, 0
92, 20, 1, 5, 0, 0, 0.24%, 0, 0, 1, 31.29, 2952, 159, 0, 0
97, 21, 1, 5, 0, 0, 0.24%, 0, 0, 1, 31.82, 3112, 159, 0, 0
102, 23, 1, 5, 0, 0, 0.24%, 0, 0, 1, 33.12, 3280, 159, 0, 0
107, 24, 1, 5, 0, 0, 0.24%, 0, 0, 1, 33.38, 3448, 159, 0, 0
112, 25, 1, 5, 0, 0, 0.24%, 0, 0, 1, 31.53, 3609, 159, 0, 0
117, 26, 1, 5, 0, 0, 0.24%, 0, 0, 1, 31.29, 3770, 159, 0, 0
122, 27, 1, 5, 0, 0, 0.24%, 0, 0, 1, 31.35, 3930, 159, 0, 0
127, 28, 1, 5, 0, 0, 0.24%, 0, 0, 1, 31.33, 4091, 159, 0, 0
133, 30, 1, 5, 0, 0, 0.24%, 0, 0, 1, 32.32, 4259, 159, 0, 0
138, 31, 1, 5, 0, 0, 0.24%, 0, 0, 1, 31.35, 4420, 159, 0, 0
143, 32, 1, 5, 0, 0, 0.24%, 0, 0, 1, 31.11, 4581, 159, 0, 0
148, 33, 1, 5, 0, 0, 0.24%, 0, 0, 1, 31.08, 4742, 159, 0, 0
153, 34, 1, 5, 0, 0, 0.24%, 0, 0, 1, 31.19, 4903, 159, 0, 0
158, 35, 1, 5, 0, 0, 0.24%, 0, 0, 1, 31.13, 5064, 159, 0, 0
164, 37, 1, 5, 0, 0, 0.24%, 0, 0, 1, 31.20, 5225, 159, 0, 0
169, 38, 1, 5, 0, 0, 0.24%, 0, 0, 1, 31.14, 5386, 159, 0, 0
174, 39, 1, 5, 0, 0, 0.24%, 0, 0, 1, 31.04, 5547, 159, 0, 0
179, 40, 1, 5, 0, 0, 0.24%, 0, 0, 1, 31.16, 5708, 159, 0, 0
184, 41, 1, 5, 0, 0, 0.24%, 0, 0, 1, 31.17, 5869, 159, 0, 0
189, 42, 1, 5, 0, 0, 0.24%, 0, 0, 1, 31.15, 6030, 159, 0, 0
195, 43, 1, 5, 0, 0, 0.24%, 0, 0, 1, 31.07, 6191, 159, 0, 0
200, 45, 1, 5, 0, 0, 0.24%, 0, 0, 1, 31.33, 6352, 159, 0, 0
205, 46, 1, 5, 0, 0, 0.24%, 0, 0, 1, 31.39, 6513, 159, 0, 0
210, 47, 1, 5, 0, 0, 0.24%, 0, 0, 1, 31.46, 6674, 159, 0, 0
215, 48, 1, 5, 0, 0, 0.24%, 0, 0, 1, 31.53, 6835, 159, 0, 0
220, 49, 1, 5, 0, 0, 0.24%, 0, 0, 1, 31.14, 6996, 159, 0, 0
225, 50, 1, 5, 0, 0, 0.24%, 0, 0, 1, 30.97, 7157, 159, 0, 0
231, 52, 1, 5, 0, 0, 0.24%, 0, 0, 1, 31.17, 7318, 159, 0, 0
236, 53, 1, 5, 0, 0, 0.24%, 0, 0, 1, 31.14, 7478, 159, 0, 0
241, 54, 1, 5, 0, 0, 0.24%, 0, 0, 1, 31.07, 7638, 159, 0, 0
246, 55, 1, 5, 0, 0, 0.24%, 0, 0, 1, 30.99, 7799, 159, 0, 0
251, 56, 1, 5, 0, 0, 0.24%, 0, 0, 1, 31.04, 7960, 159, 0, 0
256, 57, 1, 5, 0, 0, 0.24%, 0, 0, 1, 31.26, 8121, 159, 0, 0
262, 58, 1, 5, 0, 0, 0.24%, 0, 0, 1, 31.11, 8282, 159, 0, 0
267, 59, 1, 5, 0, 0, 0.24%, 0, 0, 1, 30.83, 8436, 159, 0, 0
272, 61, 1, 5, 0, 0, 0.24%, 0, 0, 1, 31.20, 8597, 159, 0, 0
277, 62, 1, 5, 0, 0, 0.24%, 0, 0, 1, 31.91, 8758, 159, 0, 0
282, 63, 1, 5, 0, 0, 0.24%, 0, 0, 1, 31.90, 8926, 159, 0, 0
287, 64, 1, 5, 0, 0, 0.24%, 0, 0, 1, 31.21, 9087, 159, 0, 0
292, 65, 1, 5, 0, 0, 0.24%, 0, 0, 1, 32.61, 9255, 159, 0, 0
297, 67, 1, 5, 0, 0, 0.24%, 0, 0, 1, 33.14, 9423, 159, 0, 0
303, 68, 1, 5, 0, 0, 0.24%, 0, 0, 1, 33.05, 9591, 159, 0, 0
308, 69, 1, 5, 0, 0, 0.24%, 0, 0, 1, 33.03, 9759, 159, 0, 0
313, 70, 1, 5, 0, 0, 0.24%, 0, 0, 1, 31.98, 9920, 159, 0, 0
318, 71, 1, 5, 0, 0, 0.24%, 0, 0, 1, 31.37, 10081, 159, 0, 0
323, 72, 1, 5, 0, 0, 0.24%, 0, 0, 1, 31.15, 10242, 159, 0, 0
328, 74, 1, 5, 0, 0, 0.24%, 0, 0, 1, 31.49, 10403, 159, 0, 0
333, 75, 1, 5, 0, 0, 0.24%, 0, 0, 1, 32.78, 10571, 159, 0, 0
338, 76, 1, 5, 0, 0, 0.24%, 0, 0, 1, 33.16, 10739, 159, 0, 0
343, 77, 1, 5, 0, 0, 0.24%, 0, 0, 1, 33.18, 10907, 159, 0, 0
348, 78, 1, 5, 0, 0, 0.24%, 0, 0, 1, 33.22, 11075, 159, 0, 0
353, 79, 1, 5, 0, 0, 0.24%, 0, 0, 1, 32.15, 11236, 159, 0, 0
358, 81, 1, 5, 0, 0, 0.24%, 0, 0, 1, 31.87, 11397, 159, 0, 0
364, 82, 1, 5, 0, 0, 0.24%, 0, 0, 1, 32.93, 11565, 159, 0, 0
369, 83, 1, 5, 0, 0, 0.24%, 0, 0, 1, 33.14, 11733, 159, 0, 0
374, 84, 1, 5, 0, 0, 0.24%, 0, 0, 1, 33.22, 11901, 159, 0, 0
379, 85, 1, 5, 0, 0, 0.24%, 0, 0, 1, 32.37, 12062, 159, 0, 0
384, 87, 1, 5, 0, 0, 0.24%, 0, 0, 1, 33.33, 12230, 159, 0, 0
389, 88, 1, 5, 0, 0, 0.24%, 0, 0, 1, 31.90, 12391, 159, 0, 0
394, 89, 1, 5, 0, 0, 0.24%, 0, 0, 1, 31.35, 12552, 159, 0, 0
399, 90, 1, 5, 0, 0, 0.24%, 0, 0, 1, 31.35, 12713, 159, 0, 0
404, 91, 1, 5, 0, 0, 0.24%, 0, 0, 1, 31.67, 12874, 159, 0, 0
409, 92, 1, 5, 0, 0, 0.24%, 0, 0, 1, 31.67, 13035, 159, 0, 0
414, 93, 1, 5, 0, 0, 0.24%, 0, 0, 1, 31.60, 13196, 159, 0, 0
419, 95, 1, 5, 0, 0, 0.24%, 0, 0, 1, 31.58, 13357, 159, 0, 0
425, 96, 1, 5, 0, 0, 0.24%, 0, 0, 1, 31.43, 13518, 159, 0, 0
430, 97, 1, 5, 0, 0, 0.24%, 0, 0, 1, 31.15, 13679, 159, 0, 0
435, 98, 1, 5, 0, 0, 0.24%, 0, 0, 1, 31.16, 13840, 159, 0, 0
440, 99, 1, 5, 0, 0, 0.24%, 0, 0, 1, 31.19, 14001, 159, 0, 0
445, 100, 1, 5, 0, 0, 0.24%, 0, 0, 1, 31.11, 14162, 159, 0, 0
450, 102, 1, 5, 0, 0, 0.24%, 0, 0, 1, 30.88, 14323, 159, 0, 0
456, 103, 1, 5, 0, 0, 0.24%, 0, 0, 1, 31.39, 14484, 159, 0, 0
461, 104, 1, 5, 0, 0, 0.24%, 0, 0, 1, 31.41, 14645, 159, 0, 0
466, 105, 1, 5, 0, 0, 0.24%, 0, 0, 1, 31.10, 14806, 159, 0, 0
471, 106, 1, 5, 0, 0, 0.24%, 0, 0, 1, 31.02, 14967, 159, 0, 0
476, 107, 1, 5, 0, 0, 0.24%, 0, 0, 1, 32.71, 15135, 159, 0, 0
481, 109, 1, 5, 0, 0, 0.24%, 0, 0, 1, 33.04, 15303, 159, 0, 0
486, 110, 1, 5, 0, 0, 0.24%, 0, 0, 1, 32.56, 15471, 159, 0, 0
491, 111, 1, 5, 0, 0, 0.24%, 0, 0, 1, 31.77, 15632, 159, 0, 0
497, 112, 1, 5, 0, 0, 0.24%, 0, 0, 1, 31.38, 15793, 159, 0, 0
502, 113, 1, 5, 0, 0, 0.24%, 0, 0, 1, 31.34, 15954, 159, 0, 0
507, 114, 1, 5, 0, 0, 0.24%, 0, 0, 1, 32.13, 16115, 159, 0, 0
512, 116, 1, 5, 0, 0, 0.24%, 0, 0, 1, 32.13, 16283, 159, 0, 0
517, 117, 1, 5, 0, 0, 0.24%, 0, 0, 1, 31.52, 16444, 159, 0, 0
522, 118, 1, 5, 0, 0, 0.24%, 0, 0, 1, 32.28, 16605, 159, 0, 0
527, 119, 1, 5, 0, 0, 0.24%, 0, 0, 1, 32.95, 16773, 159, 0, 0
532, 120, 1, 5, 0, 0, 0.24%, 0, 0, 1, 33.05, 16941, 159, 0, 0
537, 121, 1, 5, 0, 0, 0.24%, 0, 0, 1, 33.08, 17109, 159, 0, 0
542, 123, 1, 5, 0, 0, 0.24%, 0, 0, 1, 32.73, 17277, 159, 0, 0
548, 124, 1, 5, 0, 0, 0.24%, 0, 0, 1, 32.63, 17445, 159, 0, 0
553, 125, 1, 5, 0, 0, 0.24%, 0, 0, 1, 32.62, 17613, 159, 0, 0
558, 126, 1, 5, 0, 0, 0.24%, 0, 0, 1, 32.64, 17781, 159, 0, 0
563, 127, 1, 5, 0, 0, 0.24%, 0, 0, 1, 31.82, 17942, 159, 0, 0
568, 129, 1, 5, 0, 0, 0.24%, 0, 0, 1, 31.23, 18103, 159, 0, 0
573, 130, 1, 5, 0, 0, 0.24%, 0, 0, 1, 31.25, 18264, 159, 0, 0
578, 131, 1, 5, 0, 0, 0.24%, 0, 0, 1, 32.74, 18432, 159, 0, 0
583, 132, 1, 5, 0, 0, 0.24%, 0, 0, 1, 33.26, 18600, 159, 0, 0
589, 133, 1, 5, 0, 0, 0.24%, 0, 0, 1, 32.63, 18768, 159, 0, 0
594, 134, 1, 5, 0, 0, 0.24%, 0, 0, 1, 31.62, 18929, 159, 0, 0
599, 136, 1, 5, 0, 0, 0.24%, 0, 0, 1, 31.24, 19090, 159, 0, 0
604, 137, 1, 5, 0, 0, 0.24%, 0, 0, 1, 32.31, 19258, 159, 0, 0
609, 138, 1, 5, 0, 0, 0.24%, 0, 0, 1, 33.13, 19426, 159, 0, 0
614, 139, 1, 5, 0, 0, 0.24%, 0, 0, 1, 33.25, 19594, 159, 0, 0
619, 140, 1, 5, 0, 0, 0.24%, 0, 0, 1, 33.06, 19762, 159, 0, 0
624, 142, 1, 5, 0, 0, 0.24%, 0, 0, 1, 33.09, 19930, 159, 0, 0
629, 143, 1, 5, 0, 0, 0.24%, 0, 0, 1, 31.97, 20091, 159, 0, 0
635, 144, 1, 5, 0, 0, 0.24%, 0, 0, 1, 31.56, 20252, 159, 0, 0
640, 145, 1, 5, 0, 0, 0.24%, 0, 0, 1, 31.51, 20413, 159, 0, 0
645, 146, 1, 5, 0, 0, 0.24%, 0, 0, 1, 31.48, 20574, 159, 0, 0
650, 147, 1, 5, 0, 0, 0.24%, 0, 0, 1, 32.80, 20742, 159, 0, 0
655, 149, 1, 5, 0, 0, 0.24%, 0, 0, 1, 32.77, 20910, 159, 0, 0
660, 150, 1, 5, 0, 0, 0.24%, 0, 0, 1, 32.42, 21078, 159, 0, 0
665, 151, 1, 5, 0, 0, 0.24%, 0, 0, 1, 31.66, 21239, 159, 0, 0
670, 152, 1, 5, 0, 0, 0.24%, 0, 0, 1, 31.47, 21400, 159, 0, 0
675, 153, 1, 5, 0, 0, 0.24%, 0, 0, 1, 31.44, 21561, 159, 0, 0
681, 154, 1, 5, 0, 0, 0.24%, 0, 0, 1, 31.27, 21722, 159, 0, 0
686, 156, 1, 5, 0, 0, 0.24%, 0, 0, 1, 31.14, 21883, 159, 0, 0
691, 157, 1, 5, 0, 0, 0.24%, 0, 0, 1, 31.02, 22044, 159, 0, 0
696, 158, 1, 5, 0, 0, 0.24%, 0, 0, 1, 30.98, 22205, 159, 0, 0
701, 159, 1, 5, 0, 0, 0.24%, 0, 0, 1, 31.74, 22366, 159, 0, 0
706, 160, 1, 5, 0, 0, 0.24%, 0, 0, 1, 32.82, 22534, 159, 0, 0
712, 161, 1, 5, 0, 0, 0.24%, 0, 0, 1, 32.21, 22702, 159, 0, 0
717, 163, 1, 5, 0, 0, 0.24%, 0, 0, 1, 31.27, 22863, 159, 0, 0
722, 164, 1, 5, 0, 0, 0.24%, 0, 0, 1, 30.98, 23023, 159, 0, 0
727, 165, 1, 5, 0, 0, 0.24%, 0, 0, 1, 30.92, 23184, 159, 0, 0
732, 166, 1, 5, 0, 0, 0.24%, 0, 0, 1, 30.91, 23345, 159, 0, 0
738, 167, 1, 5, 0, 0, 0.24%, 0, 0, 1, 31.03, 23506, 159, 0, 0
743, 168, 1, 5, 0, 0, 0.24%, 0, 0, 1, 31.29, 23666, 159, 0, 0
748, 169, 1, 5, 0, 0, 0.24%, 0, 0, 1, 32.76, 23834, 159, 0, 0
753, 171, 1, 5, 0, 0, 0.24%, 0, 0, 1, 33.02, 24002, 159, 0, 0
758, 172, 1, 5, 0, 0, 0.24%, 0, 0, 1, 32.99, 24170, 159, 0, 0
763, 173, 1, 5, 0, 0, 0.24%, 0, 0, 1, 32.94, 24338, 159, 0, 0
768, 174, 1, 5, 0, 0, 0.24%, 0, 0, 1, 31.94, 24499, 159, 0, 0
773, 175, 1, 5, 0, 0, 0.24%, 0, 0, 1, 31.50, 24660, 159, 0, 0
778, 177, 1, 5, 0, 0, 0.24%, 0, 0, 1, 32.58, 24828, 159, 0, 0
783, 178, 1, 5, 0, 0, 0.24%, 0, 0, 1, 33.03, 24996, 159, 0, 0
788, 179, 1, 5, 0, 0, 0.24%, 0, 0, 1, 33.08, 25164, 159, 0, 0
794, 180, 1, 5, 0, 0, 0.24%, 0, 0, 1, 33.23, 25332, 159, 0, 0
799, 181, 1, 5, 0, 0, 0.24%, 0, 0, 1, 33.26, 25500, 159, 0, 0
804, 183, 1, 5, 0, 0, 0.24%, 0, 0, 1, 33.28, 25668, 159, 0, 0
809, 184, 1, 5, 0, 0, 0.24%, 0, 0, 1, 33.00, 25836, 159, 0, 0
814, 185, 1, 5, 0, 0, 0.24%, 0, 0, 1, 32.95, 26004, 159, 0, 0
819, 186, 1, 5, 0, 0, 0.24%, 0, 0, 1, 32.99, 26172, 159, 0, 0
824, 187, 1, 5, 0, 0, 0.24%, 0, 0, 1, 33.02, 26340, 159, 0, 0
829, 189, 1, 5, 0, 0, 0.24%, 0, 0, 1, 33.14, 26508, 159, 0, 0
834, 190, 1, 5, 0, 0, 0.24%, 0, 0, 1, 33.16, 26676, 159, 0, 0
839, 191, 1, 5, 0, 0, 0.24%, 0, 0, 1, 31.67, 26837, 159, 0, 0
844, 192, 1, 5, 0, 0, 0.24%, 0, 0, 1, 32.75, 27005, 159, 0, 0
849, 193, 1, 5, 0, 0, 0.24%, 0, 0, 1, 24.92, 27134, 159, 0, 0
855, 194, 1, 5, 0, 0, 0.24%, 0, 0, 1, 30.93, 27297, 159, 0, 0
860, 195, 1, 5, 0, 0, 0.24%, 0, 0, 1, 32.78, 27465, 159, 0, 0
865, 197, 1, 5, 0, 0, 0.24%, 0, 0, 1, 33.33, 27633, 159, 0, 0
870, 198, 1, 5, 0, 0, 0.24%, 0, 0, 1, 33.73, 27808, 159, 0, 0
875, 199, 1, 5, 0, 0, 0.24%, 0, 0, 1, 28.27, 27963, 159, 0, 0
880, 200, 1, 5, 0, 0, 0.24%, 0, 0, 1, 30.09, 28107, 159, 0, 0
885, 201, 1, 5, 0, 0, 0.24%, 0, 0, 1, 32.51, 28275, 159, 0, 0
890, 202, 1, 5, 0, 0, 0.24%, 0, 0, 1, 32.93, 28443, 159, 0, 0
895, 204, 1, 5, 0, 0, 0.24%, 0, 0, 1, 32.92, 28611, 159, 0, 0
897, 204, 1, 5, 0, 0, 0.24%, 0, 0, 1, 32.42, 28665, 159, 0, 0
