# relative_time, cycles_done, cur_item, corpus_count, pending_total, pending_favs, map_size, saved_crashes, saved_hangs, max_depth, execs_per_sec, total_execs, edges_found, total_crashes, servers_count
61, 9, 1, 5, 0, 0, 0.29%, 0, 0, 1, 21.15, 1353, 190, 0, 0
67, 10, 1, 5, 0, 0, 0.29%, 0, 0, 1, 21.13, 1463, 190, 0, 0
72, 10, 1, 5, 0, 0, 0.29%, 0, 0, 1, 21.12, 1573, 190, 0, 0
77, 11, 1, 5, 0, 0, 0.29%, 0, 0, 1, 21.12, 1683, 190, 0, 0
82, 12, 1, 5, 0, 0, 0.29%, 0, 0, 1, 21.15, 1793, 190, 0, 0
87, 13, 1, 5, 0, 0, 0.29%, 0, 0, 1, 21.19, 1903, 190, 0, 0
93, 14, 1, 5, 0, 0, 0.29%, 0, 0, 1, 21.22, 2013, 190, 0, 0
98, 14, 1, 5, 0, 0, 0.29%, 0, 0, 1, 21.24, 2123, 190, 0, 0
103, 15, 1, 5, 0, 0, 0.29%, 0, 0, 1, 21.24, 2233, 190, 0, 0
108, 16, 1, 5, 0, 0, 0.29%, 0, 0, 1, 21.23, 2343, 190, 0, 0
113, 17, 1, 5, 0, 0, 0.29%, 0, 0, 1, 21.22, 2453, 190, 0, 0
118, 18, 1, 5, 0, 0, 0.29%, 0, 0, 1, 21.22, 2563, 190, 0, 0
124, 18, 1, 5, 0, 0, 0.29%, 0, 0, 1, 21.23, 2673, 190, 0, 0
129, 19, 1, 5, 0, 0, 0.29%, 0, 0, 1, 21.22, 2783, 190, 0, 0
134, 20, 1, 5, 0, 0, 0.29%, 0, 0, 1, 21.26, 2893, 190, 0, 0
139, 21, 1, 5, 0, 0, 0.29%, 0, 0, 1, 21.24, 3003, 190, 0, 0
144, 21, 1, 5, 0, 0, 0.29%, 0, 0, 1, 20.93, 3108, 190, 0, 0
149, 22, 1, 5, 0, 0, 0.29%, 0, 0, 1, 20.88, 3213, 190, 0, 0
154, 23, 1, 5, 0, 0, 0.29%, 0, 0, 1, 20.85, 3318, 190, 0, 0
159, 24, 1, 5, 0, 0, 0.29%, 0, 0, 1, 20.86, 3423, 190, 0, 0
164, 24, 1, 5, 0, 0, 0.29%, 0, 0, 1, 20.84, 3528, 190, 0, 0
169, 25, 1, 5, 0, 0, 0.29%, 0, 0, 1, 20.85, 3633, 190, 0, 0
175, 26, 1, 5, 0, 0, 0.29%, 0, 0, 1, 20.83, 3742, 190, 0, 0
180, 27, 1, 5, 0, 0, 0.29%, 0, 0, 1, 20.82, 3847, 190, 0, 0
185, 27, 1, 5, 0, 0, 0.29%, 0, 0, 1, 20.84, 3952, 190, 0, 0
190, 28, 1, 5, 0, 0, 0.29%, 0, 0, 1, 20.86, 4057, 190, 0, 0
195, 29, 1, 5, 0, 0, 0.29%, 0, 0, 1, 21.26, 4167, 190, 0, 0
200, 30, 1, 5, 0, 0, 0.29%, 0, 0, 1, 21.49, 4277, 190, 0, 0
205, 31, 1, 5, 0, 0, 0.29%, 0, 0, 1, 21.53, 4387, 190, 0, 0
210, 31, 1, 5, 0, 0, 0.29%, 0, 0, 1, 21.54, 4497, 190, 0, 0
215, 32, 1, 5, 0, 0, 0.29%, 0, 0, 1, 21.55, 4607, 190, 0, 0
220, 33, 1, 5, 0, 0, 0.29%, 0, 0, 1, 21.50, 4717, 190, 0, 0
226, 34, 1, 5, 0, 0, 0.29%, 0, 0, 1, 21.54, 4827, 190, 0, 0
231, 34, 1, 5, 0, 0, 0.29%, 0, 0, 1, 21.51, 4937, 190, 0, 0
236, 35, 1, 5, 0, 0, 0.29%, 0, 0, 1, 21.53, 5047, 190, 0, 0
241, 36, 1, 5, 0, 0, 0.29%, 0, 0, 1, 21.42, 5157, 190, 0, 0
246, 37, 1, 5, 0, 0, 0.29%, 0, 0, 1, 21.31, 5267, 190, 0, 0
251, 38, 1, 5, 0, 0, 0.29%, 0, 0, 1, 21.04, 5372, 190, 0, 0
256, 38, 1, 5, 0, 0, 0.29%, 0, 0, 1, 20.96, 5477, 190, 0, 0
261, 39, 1, 5, 0, 0, 0.29%, 0, 0, 1, 20.94, 5582, 190, 0, 0
266, 40, 1, 5, 0, 0, 0.29%, 0, 0, 1, 20.94, 5687, 190, 0, 0
271, 41, 1, 5, 0, 0, 0.29%, 0, 0, 1, 20.94, 5792, 190, 0, 0
276, 41, 1, 5, 0, 0, 0.29%, 0, 0, 1, 20.95, 5897, 190, 0, 0
281, 42, 1, 5, 0, 0, 0.29%, 0, 0, 1, 20.92, 6002, 190, 0, 0
286, 43, 1, 5, 0, 0, 0.29%, 0, 0, 1, 20.92, 6107, 190, 0, 0
291, 44, 1, 5, 0, 0, 0.29%, 0, 0, 1, 20.92, 6212, 190, 0, 0
296, 44, 1, 5, 0, 0, 0.29%, 0, 0, 1, 20.91, 6317, 190, 0, 0
301, 45, 1, 5, 0, 0, 0.29%, 0, 0, 1, 20.94, 6422, 190, 0, 0
306, 46, 1, 5, 0, 0, 0.29%, 0, 0, 1, 20.93, 6527, 190, 0, 0
311, 47, 1, 5, 0, 0, 0.29%, 0, 0, 1, 20.94, 6632, 190, 0, 0
316, 47, 1, 5, 0, 0, 0.29%, 0, 0, 1, 20.92, 6737, 190, 0, 0
321, 48, 1, 5, 0, 0, 0.29%, 0, 0, 1, 20.91, 6842, 190, 0, 0
327, 49, 1, 5, 0, 0, 0.29%, 0, 0, 1, 21.12, 6952, 190, 0, 0
332, 50, 1, 5, 0, 0, 0.29%, 0, 0, 1, 21.21, 7062, 190, 0, 0
337, 50, 1, 5, 0, 0, 0.29%, 0, 0, 1, 21.24, 7172, 190, 0, 0
342, 51, 1, 5, 0, 0, 0.29%, 0, 0, 1, 21.28, 7282, 190, 0, 0
347, 52, 1, 5, 0, 0, 0.29%, 0, 0, 1, 21.28, 7392, 190, 0, 0
352, 53, 1, 5, 0, 0, 0.29%, 0, 0, 1, 21.26, 7502, 190, 0, 0
358, 54, 1, 5, 0, 0, 0.29%, 0, 0, 1, 21.30, 7612, 190, 0, 0
363, 54, 1, 5, 0, 0, 0.29%, 0, 0, 1, 21.14, 7722, 190, 0, 0
368, 55, 1, 5, 0, 0, 0.29%, 0, 0, 1, 21.12, 7832, 190, 0, 0
373, 56, 1, 5, 0, 0, 0.29%, 0, 0, 1, 21.09, 7942, 190, 0, 0
378, 57, 1, 5, 0, 0, 0.29%, 0, 0, 1, 21.09, 8052, 190, 0, 0
384, 58, 1, 5, 0, 0, 0.29%, 0, 0, 1, 21.21, 8162, 190, 0, 0
389, 58, 1, 5, 0, 0, 0.29%, 0, 0, 1, 21.42, 8272, 190, 0, 0
394, 59, 1, 5, 0, 0, 0.29%, 0, 0, 1, 21.52, 8382, 190, 0, 0
399, 60, 1, 5, 0, 0, 0.29%, 0, 0, 1, 21.52, 8492, 190, 0, 0
404, 61, 1, 5, 0, 0, 0.29%, 0, 0, 1, 21.34, 8602, 190, 0, 0
409, 61, 1, 5, 0, 0, 0.29%, 0, 0, 1, 21.26, 8712, 190, 0, 0
415, 62, 1, 5, 0, 0, 0.29%, 0, 0, 1, 20.96, 8821, 190, 0, 0
420, 63, 1, 5, 0, 0, 0.29%, 0, 0, 1, 20.83, 8926, 190, 0, 0
425, 64, 1, 5, 0, 0, 0.29%, 0, 0, 1, 20.82, 9031, 190, 0, 0
430, 64, 1, 5, 0, 0, 0.29%, 0, 0, 1, 20.80, 9136, 190, 0, 0
435, 65, 1, 5, 0, 0, 0.29%, 0, 0, 1, 20.84, 9241, 190, 0, 0
440, 66, 1, 5, 0, 0, 0.29%, 0, 0, 1, 20.81, 9346, 190, 0, 0
445, 67, 1, 5, 0, 0, 0.29%, 0, 0, 1, 20.80, 9451, 190, 0, 0
450, 67, 1, 5, 0, 0, 0.29%, 0, 0, 1, 20.79, 9556, 190, 0, 0
455, 68, 1, 5, 0, 0, 0.29%, 0, 0, 1, 20.79, 9661, 190, 0, 0
460, 69, 1, 5, 0, 0, 0.29%, 0, 0, 1, 20.78, 9766, 190, 0, 0
465, 70, 1, 5, 0, 0, 0.29%, 0, 0, 1, 20.79, 9871, 190, 0, 0
470, 70, 1, 5, 0, 0, 0.29%, 0, 0, 1, 20.80, 9976, 190, 0, 0
475, 71, 1, 5, 0, 0, 0.29%, 0, 0, 1, 20.78, 10081, 190, 0, 0
480, 72, 1, 5, 0, 0, 0.29%, 0, 0, 1, 20.88, 10186, 190, 0, 0
485, 73, 1, 5, 0, 0, 0.29%, 0, 0, 1, 20.99, 10296, 190, 0, 0
491, 74, 1, 5, 0, 0, 0.29%, 0, 0, 1, 21.02, 10406, 190, 0, 0
496, 74, 1, 5, 0, 0, 0.29%, 0, 0, 1, 21.03, 10516, 190, 0, 0
501, 75, 1, 5, 0, 0, 0.29%, 0, 0, 1, 21.05, 10626, 190, 0, 0
506, 76, 1, 5, 0, 0, 0.29%, 0, 0, 1, 21.06, 10736, 190, 0, 0
512, 77, 1, 5, 0, 0, 0.29%, 0, 0, 1, 21.04, 10846, 190, 0, 0
517, 77, 1, 5, 0, 0, 0.29%, 0, 0, 1, 21.05, 10956, 190, 0, 0
522, 78, 1, 5, 0, 0, 0.29%, 0, 0, 1, 21.04, 11066, 190, 0, 0
527, 79, 1, 5, 0, 0, 0.29%, 0, 0, 1, 21.03, 11176, 190, 0, 0
532, 80, 1, 5, 0, 0, 0.29%, 0, 0, 1, 21.05, 11286, 190, 0, 0
538, 81, 1, 5, 0, 0, 0.29%, 0, 0, 1, 21.04, 11396, 190, 0, 0
543, 81, 1, 5, 0, 0, 0.29%, 0, 0, 1, 21.05, 11506, 190, 0, 0
548, 82, 1, 5, 0, 0, 0.29%, 0, 0, 1, 21.05, 11616, 190, 0, 0
553, 83, 1, 5, 0, 0, 0.29%, 0, 0, 1, 21.03, 11726, 190, 0, 0
559, 84, 1, 5, 0, 0, 0.29%, 0, 0, 1, 21.04, 11836, 190, 0, 0
564, 85, 1, 5, 0, 0, 0.29%, 0, 0, 1, 21.04, 11946, 190, 0, 0
569, 85, 1, 5, 0, 0, 0.29%, 0, 0, 1, 21.03, 12056, 190, 0, 0
574, 86, 1, 5, 0, 0, 0.29%, 0, 0, 1, 21.04, 12166, 190, 0, 0
579, 87, 1, 5, 0, 0, 0.29%, 0, 0, 1, 21.26, 12276, 190, 0, 0
584, 88, 1, 5, 0, 0, 0.29%, 0, 0, 1, 20.97, 12381, 190, 0, 0
589, 88, 1, 5, 0, 0, 0.29%, 0, 0, 1, 20.89, 12486, 190, 0, 0
595, 89, 1, 5, 0, 0, 0.29%, 0, 0, 1, 21.15, 12595, 190, 0, 0
600, 90, 1, 5, 0, 0, 0.29%, 0, 0, 1, 21.39, 12705, 190, 0, 0
605, 91, 1, 5, 0, 0, 0.29%, 0, 0, 1, 21.44, 12815, 190, 0, 0
610, 92, 1, 5, 0, 0, 0.29%, 0, 0, 1, 21.43, 12925, 190, 0, 0
615, 92, 1, 5, 0, 0, 0.29%, 0, 0, 1, 21.46, 13035, 190, 0, 0
620, 93, 1, 5, 0, 0, 0.29%, 0, 0, 1, 21.51, 13145, 190, 0, 0
625, 94, 1, 5, 0, 0, 0.29%, 0, 0, 1, 21.59, 13255, 190, 0, 0
630, 95, 1, 5, 0, 0, 0.29%, 0, 0, 1, 21.56, 13365, 190, 0, 0
636, 95, 1, 5, 0, 0, 0.29%, 0, 0, 1, 21.54, 13475, 190, 0, 0
641, 96, 1, 5, 0, 0, 0.29%, 0, 0, 1, 21.53, 13585, 190, 0, 0
646, 97, 1, 5, 0, 0, 0.29%, 0, 0, 1, 21.54, 13695, 190, 0, 0
651, 98, 1, 5, 0, 0, 0.29%, 0, 0, 1, 21.55, 13805, 190, 0, 0
656, 99, 1, 5, 0, 0, 0.29%, 0, 0, 1, 21.53, 13914, 190, 0, 0
661, 99, 1, 5, 0, 0, 0.29%, 0, 0, 1, 21.58, 14024, 190, 0, 0
666, 100, 1, 5, 0, 0, 0.29%, 0, 0, 1, 21.61, 14134, 190, 0, 0
671, 101, 1, 5, 0, 0, 0.29%, 0, 0, 1, 21.59, 14244, 190, 0, 0
676, 102, 1, 5, 0, 0, 0.29%, 0, 0, 1, 21.54, 14354, 190, 0, 0
681, 103, 1, 5, 0, 0, 0.29%, 0, 0, 1, 21.55, 14464, 190, 0, 0
687, 103, 1, 5, 0, 0, 0.29%, 0, 0, 1, 21.52, 14574, 190, 0, 0
692, 104, 1, 5, 0, 0, 0.29%, 0, 0, 1, 21.53, 14684, 190, 0, 0
697, 105, 1, 5, 0, 0, 0.29%, 0, 0, 1, 21.55, 14794, 190, 0, 0
702, 106, 1, 5, 0, 0, 0.29%, 0, 0, 1, 21.56, 14904, 190, 0, 0
707, 106, 1, 5, 0, 0, 0.29%, 0, 0, 1, 21.53, 15014, 190, 0, 0
712, 107, 1, 5, 0, 0, 0.29%, 0, 0, 1, 21.55, 15124, 190, 0, 0
717, 108, 1, 5, 0, 0, 0.29%, 0, 0, 1, 21.55, 15234, 190, 0, 0
722, 109, 1, 5, 0, 0, 0.29%, 0, 0, 1, 21.50, 15344, 190, 0, 0
727, 110, 1, 5, 0, 0, 0.29%, 0, 0, 1, 21.55, 15454, 190, 0, 0
733, 110, 1, 5, 0, 0, 0.29%, 0, 0, 1, 21.56, 15564, 190, 0, 0
738, 111, 1, 5, 0, 0, 0.29%, 0, 0, 1, 21.56, 15674, 190, 0, 0
743, 112, 1, 5, 0, 0, 0.29%, 0, 0, 1, 21.45, 15783, 190, 0, 0
748, 113, 1, 5, 0, 0, 0.29%, 0, 0, 1, 21.56, 15893, 190, 0, 0
753, 114, 1, 5, 0, 0, 0.29%, 0, 0, 1, 21.54, 16003, 190, 0, 0
758, 114, 1, 5, 0, 0, 0.29%, 0, 0, 1, 21.56, 16113, 190, 0, 0
763, 115, 1, 5, 0, 0, 0.29%, 0, 0, 1, 21.56, 16223, 190, 0, 0
768, 116, 1, 5, 0, 0, 0.29%, 0, 0, 1, 21.56, 16333, 190, 0, 0
773, 117, 1, 5, 0, 0, 0.29%, 0, 0, 1, 21.51, 16443, 190, 0, 0
778, 117, 1, 5, 0, 0, 0.29%, 0, 0, 1, 21.57, 16553, 190, 0, 0
784, 118, 1, 5, 0, 0, 0.29%, 0, 0, 1, 21.55, 16663, 190, 0, 0
789, 119, 1, 5, 0, 0, 0.29%, 0, 0, 1, 21.55, 16773, 190, 0, 0
794, 120, 1, 5, 0, 0, 0.29%, 0, 0, 1, 21.55, 16883, 190, 0, 0
799, 121, 1, 5, 0, 0, 0.29%, 0, 0, 1, 21.55, 16993, 190, 0, 0
804, 121, 1, 5, 0, 0, 0.29%, 0, 0, 1, 21.49, 17103, 190, 0, 0
809, 122, 1, 5, 0, 0, 0.29%, 0, 0, 1, 21.53, 17213, 190, 0, 0
814, 123, 1, 5, 0, 0, 0.29%, 0, 0, 1, 21.53, 17323, 190, 0, 0
819, 124, 1, 5, 0, 0, 0.29%, 0, 0, 1, 21.53, 17433, 190, 0, 0
824, 125, 1, 5, 0, 0, 0.29%, 0, 0, 1, 21.52, 17543, 190, 0, 0
829, 125, 1, 5, 0, 0, 0.29%, 0, 0, 1, 21.55, 17653, 190, 0, 0
835, 126, 1, 5, 0, 0, 0.29%, 0, 0, 1, 21.52, 17763, 190, 0, 0
840, 127, 1, 5, 0, 0, 0.29%, 0, 0, 1, 21.50, 17873, 190, 0, 0
845, 128, 1, 5, 0, 0, 0.29%, 0, 0, 1, 21.49, 17983, 190, 0, 0
850, 128, 1, 5, 0, 0, 0.29%, 0, 0, 1, 21.54, 18093, 190, 0, 0
855, 129, 1, 5, 0, 0, 0.29%, 0, 0, 1, 21.56, 18203, 190, 0, 0
860, 130, 1, 5, 0, 0, 0.29%, 0, 0, 1, 21.58, 18313, 190, 0, 0
865, 131, 1, 5, 0, 0, 0.29%, 0, 0, 1, 21.57, 18423, 190, 0, 0
870, 132, 1, 5, 0, 0, 0.29%, 0, 0, 1, 21.56, 18533, 190, 0, 0
875, 132, 1, 5, 0, 0, 0.29%, 0, 0, 1, 21.40, 18643, 190, 0, 0
881, 133, 1, 5, 0, 0, 0.29%, 0, 0, 1, 21.45, 18753, 190, 0, 0
886, 134, 1, 5, 0, 0, 0.29%, 0, 0, 1, 21.60, 18863, 190, 0, 0
891, 135, 1, 5, 0, 0, 0.29%, 0, 0, 1, 21.63, 18973, 190, 0, 0
896, 136, 1, 5, 0, 0, 0.29%, 0, 0, 1, 21.57, 19083, 190, 0, 0
897, 136, 1, 5, 0, 0, 0.29%, 0, 0, 1, 0.00, 19098, 190, 0, 0
