# relative_time, cycles_done, cur_item, corpus_count, pending_total, pending_favs, map_size, saved_crashes, saved_hangs, max_depth, execs_per_sec, total_execs, edges_found, total_crashes, servers_count
61, 16, 0, 5, 0, 0, 0.08%, 0, 0, 1, 37.81, 2309, 51, 0, 0
66, 17, 0, 5, 0, 0, 0.08%, 0, 0, 1, 38.41, 2509, 51, 0, 0
71, 18, 0, 5, 0, 0, 0.08%, 0, 0, 1, 36.89, 2693, 51, 0, 0
76, 20, 0, 5, 0, 0, 0.08%, 0, 0, 1, 36.72, 2877, 51, 0, 0
81, 21, 0, 5, 0, 0, 0.08%, 0, 0, 1, 37.91, 3069, 51, 0, 0
86, 23, 1, 5, 0, 0, 0.08%, 0, 0, 1, 38.14, 3269, 51, 0, 0
91, 24, 0, 5, 0, 0, 0.08%, 0, 0, 1, 37.12, 3453, 51, 0, 0
96, 25, 0, 5, 0, 0, 0.08%, 0, 0, 1, 37.33, 3645, 51, 0, 0
102, 27, 0, 5, 0, 0, 0.08%, 0, 0, 1, 38.49, 3845, 51, 0, 0
107, 28, 0, 5, 0, 0, 0.08%, 0, 0, 1, 38.48, 4037, 51, 0, 0
112, 29, 0, 5, 0, 0, 0.08%, 0, 0, 1, 38.24, 4229, 51, 0, 0
117, 31, 1, 5, 0, 0, 0.08%, 0, 0, 1, 37.73, 4421, 51, 0, 0
122, 32, 0, 5, 0, 0, 0.08%, 0, 0, 1, 37.37, 4605, 51, 0, 0
127, 33, 0, 5, 0, 0, 0.08%, 0, 0, 1, 37.19, 4797, 51, 0, 0
132, 35, 0, 5, 0, 0, 0.08%, 0, 0, 1, 38.06, 4989, 51, 0, 0
137, 36, 1, 5, 0, 0, 0.08%, 0, 0, 1, 38.58, 5189, 51, 0, 0
142, 38, 0, 5, 0, 0, 0.08%, 0, 0, 1, 37.38, 5380, 51, 0, 0
147, 39, 1, 5, 0, 0, 0.08%, 0, 0, 1, 38.17, 5571, 51, 0, 0
152, 40, 0, 5, 0, 0, 0.08%, 0, 0, 1, 38.07, 5763, 51, 0, 0
157, 42, 0, 5, 0, 0, 0.08%, 0, 0, 1, 38.23, 5955, 51, 0, 0
162, 43, 0, 5, 0, 0, 0.08%, 0, 0, 1, 37.51, 6147, 51, 0, 0
167, 45, 0, 5, 0, 0, 0.08%, 0, 0, 1, 37.20, 6339, 51, 0, 0
173, 46, 1, 5, 0, 0, 0.08%, 0, 0, 1, 37.70, 6531, 51, 0, 0
178, 47, 0, 5, 0, 0, 0.08%, 0, 0, 1, 37.74, 6723, 51, 0, 0
183, 49, 0, 5, 0, 0, 0.08%, 0, 0, 1, 37.06, 6915, 51, 0, 0
188, 50, 0, 5, 0, 0, 0.08%, 0, 0, 1, 36.92, 7107, 51, 0, 0
193, 51, 0, 5, 0, 0, 0.08%, 0, 0, 1, 36.60, 7299, 51, 0, 0
198, 53, 1, 5, 0, 0, 0.08%, 0, 0, 1, 36.89, 7491, 51, 0, 0
204, 54, 0, 5, 0, 0, 0.08%, 0, 0, 1, 37.29, 7683, 51, 0, 0
209, 55, 0, 5, 0, 0, 0.08%, 0, 0, 1, 37.42, 7875, 51, 0, 0
214, 57, 0, 5, 0, 0, 0.08%, 0, 0, 1, 38.12, 8075, 51, 0, 0
219, 58, 0, 5, 0, 0, 0.08%, 0, 0, 1, 37.11, 8259, 51, 0, 0
224, 60, 0, 5, 0, 0, 0.08%, 0, 0, 1, 37.81, 8451, 51, 0, 0
229, 61, 0, 5, 0, 0, 0.08%, 0, 0, 1, 37.34, 8643, 51, 0, 0
234, 62, 1, 5, 0, 0, 0.08%, 0, 0, 1, 37.51, 8834, 51, 0, 0
239, 64, 1, 5, 0, 0, 0.08%, 0, 0, 1, 38.54, 9034, 51, 0, 0
244, 65, 0, 5, 0, 0, 0.08%, 0, 0, 1, 37.90, 9226, 51, 0, 0
249, 67, 1, 5, 0, 0, 0.08%, 0, 0, 1, 38.09, 9418, 51, 0, 0
255, 68, 0, 5, 0, 0, 0.08%, 0, 0, 1, 38.52, 9618, 51, 0, 0
260, 69, 0, 5, 0, 0, 0.08%, 0, 0, 1, 37.84, 9810, 51, 0, 0
265, 71, 0, 5, 0, 0, 0.08%, 0, 0, 1, 38.31, 10002, 51, 0, 0
270, 72, 0, 5, 0, 0, 0.08%, 0, 0, 1, 37.64, 10194, 51, 0, 0
275, 73, 1, 5, 0, 0, 0.08%, 0, 0, 1, 37.13, 10386, 51, 0, 0
280, 75, 0, 5, 0, 0, 0.08%, 0, 0, 1, 36.89, 10578, 51, 0, 0
285, 76, 0, 5, 0, 0, 0.08%, 0, 0, 1, 37.80, 10770, 51, 0, 0
290, 77, 0, 5, 0, 0, 0.08%, 0, 0, 1, 36.83, 10954, 51, 0, 0
295, 79, 0, 5, 0, 0, 0.08%, 0, 0, 1, 36.83, 11138, 51, 0, 0
300, 80, 1, 5, 0, 0, 0.08%, 0, 0, 1, 37.64, 11330, 51, 0, 0
305, 82, 0, 5, 0, 0, 0.08%, 0, 0, 1, 38.20, 11522, 51, 0, 0
310, 83, 0, 5, 0, 0, 0.08%, 0, 0, 1, 38.47, 11714, 51, 0, 0
316, 84, 0, 5, 0, 0, 0.08%, 0, 0, 1, 37.52, 11906, 51, 0, 0
321, 86, 0, 5, 0, 0, 0.08%, 0, 0, 1, 37.00, 12090, 51, 0, 0
326, 87, 0, 5, 0, 0, 0.08%, 0, 0, 1, 37.05, 12282, 51, 0, 0
331, 88, 0, 5, 0, 0, 0.08%, 0, 0, 1, 38.01, 12474, 51, 0, 0
336, 90, 0, 5, 0, 0, 0.08%, 0, 0, 1, 37.90, 12666, 51, 0, 0
341, 91, 0, 5, 0, 0, 0.08%, 0, 0, 1, 36.65, 12856, 51, 0, 0
346, 92, 1, 5, 0, 0, 0.08%, 0, 0, 1, 37.43, 13048, 51, 0, 0
351, 94, 0, 5, 0, 0, 0.08%, 0, 0, 1, 37.93, 13240, 51, 0, 0
356, 95, 0, 5, 0, 0, 0.08%, 0, 0, 1, 37.96, 13432, 51, 0, 0
361, 97, 0, 5, 0, 0, 0.08%, 0, 0, 1, 37.74, 13624, 51, 0, 0
366, 98, 0, 5, 0, 0, 0.08%, 0, 0, 1, 37.30, 13816, 51, 0, 0
371, 99, 0, 5, 0, 0, 0.08%, 0, 0, 1, 36.79, 13999, 51, 0, 0
376, 101, 0, 5, 0, 0, 0.08%, 0, 0, 1, 36.48, 14183, 51, 0, 0
382, 102, 0, 5, 0, 0, 0.08%, 0, 0, 1, 38.08, 14375, 51, 0, 0
387, 103, 0, 5, 0, 0, 0.08%, 0, 0, 1, 38.20, 14567, 51, 0, 0
392, 105, 0, 5, 0, 0, 0.08%, 0, 0, 1, 37.40, 14759, 51, 0, 0
397, 106, 0, 5, 0, 0, 0.08%, 0, 0, 1, 36.80, 14945, 51, 0, 0
402, 107, 0, 5, 0, 0, 0.08%, 0, 0, 1, 38.30, 15144, 51, 0, 0
407, 109, 1, 5, 0, 0, 0.08%, 0, 0, 1, 37.70, 15336, 51, 0, 0
412, 110, 0, 5, 0, 0, 0.08%, 0, 0, 1, 38.08, 15528, 51, 0, 0
417, 112, 0, 5, 0, 0, 0.08%, 0, 0, 1, 37.88, 15720, 51, 0, 0
422, 113, 0, 5, 0, 0, 0.08%, 0, 0, 1, 37.32, 15912, 51, 0, 0
427, 114, 1, 5, 0, 0, 0.08%, 0, 0, 1, 37.21, 16104, 51, 0, 0
433, 116, 0, 5, 0, 0, 0.08%, 0, 0, 1, 37.56, 16294, 51, 0, 0
438, 117, 0, 5, 0, 0, 0.08%, 0, 0, 1, 38.24, 16494, 51, 0, 0
443, 118, 0, 5, 0, 0, 0.08%, 0, 0, 1, 38.63, 16694, 51, 0, 0
448, 120, 0, 5, 0, 0, 0.08%, 0, 0, 1, 38.32, 16894, 51, 0, 0
453, 121, 1, 5, 0, 0, 0.08%, 0, 0, 1, 37.94, 17086, 51, 0, 0
458, 123, 0, 5, 0, 0, 0.08%, 0, 0, 1, 38.63, 17286, 51, 0, 0
463, 124, 0, 5, 0, 0, 0.08%, 0, 0, 1, 37.20, 17470, 51, 0, 0
468, 125, 0, 5, 0, 0, 0.08%, 0, 0, 1, 37.56, 17662, 51, 0, 0
474, 127, 0, 5, 0, 0, 0.08%, 0, 0, 1, 38.13, 17854, 51, 0, 0
479, 128, 0, 5, 0, 0, 0.08%, 0, 0, 1, 38.42, 18054, 51, 0, 0
484, 130, 0, 5, 0, 0, 0.08%, 0, 0, 1, 38.11, 18246, 51, 0, 0
489, 131, 0, 5, 0, 0, 0.08%, 0, 0, 1, 37.61, 18438, 51, 0, 0
494, 132, 0, 5, 0, 0, 0.08%, 0, 0, 1, 38.68, 18638, 51, 0, 0
499, 134, 1, 5, 0, 0, 0.08%, 0, 0, 1, 37.72, 18830, 51, 0, 0
504, 135, 0, 5, 0, 0, 0.08%, 0, 0, 1, 36.66, 19014, 51, 0, 0
509, 136, 0, 5, 0, 0, 0.08%, 0, 0, 1, 37.12, 19206, 51, 0, 0
515, 138, 0, 5, 0, 0, 0.08%, 0, 0, 1, 37.30, 19398, 51, 0, 0
520, 139, 0, 5, 0, 0, 0.08%, 0, 0, 1, 37.98, 19590, 51, 0, 0
525, 140, 0, 5, 0, 0, 0.08%, 0, 0, 1, 36.88, 19773, 51, 0, 0
530, 142, 1, 5, 0, 0, 0.08%, 0, 0, 1, 38.16, 19965, 51, 0, 0
535, 143, 0, 5, 0, 0, 0.08%, 0, 0, 1, 37.66, 20157, 51, 0, 0
540, 145, 0, 5, 0, 0, 0.08%, 0, 0, 1, 38.07, 20349, 51, 0, 0
545, 146, 0, 5, 0, 0, 0.08%, 0, 0, 1, 37.94, 20541, 51, 0, 0
550, 147, 0, 5, 0, 0, 0.08%, 0, 0, 1, 37.61, 20733, 51, 0, 0
555, 149, 0, 5, 0, 0, 0.08%, 0, 0, 1, 37.17, 20925, 51, 0, 0
560, 150, 0, 5, 0, 0, 0.08%, 0, 0, 1, 37.57, 21117, 51, 0, 0
565, 151, 0, 5, 0, 0, 0.08%, 0, 0, 1, 38.20, 21309, 51, 0, 0
571, 153, 0, 5, 0, 0, 0.08%, 0, 0, 1, 37.39, 21501, 51, 0, 0
576, 154, 0, 5, 0, 0, 0.08%, 0, 0, 1, 37.21, 21693, 51, 0, 0
581, 156, 0, 5, 0, 0, 0.08%, 0, 0, 1, 37.58, 21885, 51, 0, 0
586, 157, 0, 5, 0, 0, 0.08%, 0, 0, 1, 38.77, 22085, 51, 0, 0
591, 158, 0, 5, 0, 0, 0.08%, 0, 0, 1, 37.64, 22276, 51, 0, 0
596, 160, 0, 5, 0, 0, 0.08%, 0, 0, 1, 37.24, 22468, 51, 0, 0
601, 161, 0, 5, 0, 0, 0.08%, 0, 0, 1, 37.67, 22660, 51, 0, 0
606, 162, 0, 5, 0, 0, 0.08%, 0, 0, 1, 37.85, 22852, 51, 0, 0
611, 164, 0, 5, 0, 0, 0.08%, 0, 0, 1, 37.89, 23043, 51, 0, 0
616, 165, 1, 5, 0, 0, 0.08%, 0, 0, 1, 38.40, 23235, 51, 0, 0
621, 167, 1, 5, 0, 0, 0.08%, 0, 0, 1, 38.23, 23427, 51, 0, 0
627, 168, 0, 5, 0, 0, 0.08%, 0, 0, 1, 37.84, 23619, 51, 0, 0
632, 169, 0, 5, 0, 0, 0.08%, 0, 0, 1, 37.73, 23810, 51, 0, 0
637, 171, 0, 5, 0, 0, 0.08%, 0, 0, 1, 37.62, 24002, 51, 0, 0
642, 172, 0, 5, 0, 0, 0.08%, 0, 0, 1, 37.29, 24194, 51, 0, 0
647, 173, 0, 5, 0, 0, 0.08%, 0, 0, 1, 37.55, 24386, 51, 0, 0
652, 175, 1, 5, 0, 0, 0.08%, 0, 0, 1, 37.47, 24578, 51, 0, 0
657, 176, 0, 5, 0, 0, 0.08%, 0, 0, 1, 37.29, 24770, 51, 0, 0
662, 178, 0, 5, 0, 0, 0.08%, 0, 0, 1, 37.08, 24962, 51, 0, 0
668, 179, 0, 5, 0, 0, 0.08%, 0, 0, 1, 37.17, 25153, 51, 0, 0
673, 180, 0, 5, 0, 0, 0.08%, 0, 0, 1, 37.92, 25345, 51, 0, 0
678, 182, 0, 5, 0, 0, 0.08%, 0, 0, 1, 37.89, 25537, 51, 0, 0
683, 183, 0, 5, 0, 0, 0.08%, 0, 0, 1, 37.53, 25729, 51, 0, 0
688, 184, 1, 5, 0, 0, 0.08%, 0, 0, 1, 37.97, 25921, 51, 0, 0
693, 186, 0, 5, 0, 0, 0.08%, 0, 0, 1, 37.30, 26113, 51, 0, 0
698, 187, 0, 5, 0, 0, 0.08%, 0, 0, 1, 37.22, 26305, 51, 0, 0
703, 188, 1, 5, 0, 0, 0.08%, 0, 0, 1, 37.17, 26496, 51, 0, 0
708, 190, 0, 5, 0, 0, 0.08%, 0, 0, 1, 36.59, 26680, 51, 0, 0
713, 191, 0, 5, 0, 0, 0.08%, 0, 0, 1, 37.16, 26872, 51, 0, 0
719, 193, 0, 5, 0, 0, 0.08%, 0, 0, 1, 37.63, 27064, 51, 0, 0
724, 194, 0, 5, 0, 0, 0.08%, 0, 0, 1, 37.71, 27256, 51, 0, 0
729, 195, 0, 5, 0, 0, 0.08%, 0, 0, 1, 37.31, 27448, 51, 0, 0
734, 197, 0, 5, 0, 0, 0.08%, 0, 0, 1, 37.81, 27640, 51, 0, 0
739, 198, 0, 5, 0, 0, 0.08%, 0, 0, 1, 38.46, 27840, 51, 0, 0
744, 199, 0, 5, 0, 0, 0.08%, 0, 0, 1, 38.39, 28032, 51, 0, 0
749, 201, 0, 5, 0, 0, 0.08%, 0, 0, 1, 38.40, 28224, 51, 0, 0
754, 202, 0, 5, 0, 0, 0.08%, 0, 0, 1, 37.91, 28416, 51, 0, 0
759, 204, 0, 5, 0, 0, 0.08%, 0, 0, 1, 37.42, 28608, 51, 0, 0
764, 205, 0, 5, 0, 0, 0.08%, 0, 0, 1, 37.52, 28799, 51, 0, 0
770, 206, 0, 5, 0, 0, 0.08%, 0, 0, 1, 36.94, 28991, 51, 0, 0
775, 208, 1, 5, 0, 0, 0.08%, 0, 0, 1, 37.00, 29182, 51, 0, 0
780, 209, 0, 5, 0, 0, 0.08%, 0, 0, 1, 37.15, 29374, 51, 0, 0
785, 210, 0, 5, 0, 0, 0.08%, 0, 0, 1, 36.97, 29566, 51, 0, 0
790, 212, 0, 5, 0, 0, 0.08%, 0, 0, 1, 37.00, 29758, 51, 0, 0
795, 213, 0, 5, 0, 0, 0.08%, 0, 0, 1, 37.55, 29950, 51, 0, 0
801, 215, 0, 5, 0, 0, 0.08%, 0, 0, 1, 37.60, 30142, 51, 0, 0
806, 216, 0, 5, 0, 0, 0.08%, 0, 0, 1, 37.92, 30334, 51, 0, 0
811, 217, 0, 5, 0, 0, 0.08%, 0, 0, 1, 36.81, 30525, 51, 0, 0
816, 219, 0, 5, 0, 0, 0.08%, 0, 0, 1, 36.79, 30709, 51, 0, 0
821, 220, 0, 5, 0, 0, 0.08%, 0, 0, 1, 38.06, 30901, 51, 0, 0
826, 221, 0, 5, 0, 0, 0.08%, 0, 0, 1, 37.91, 31092, 51, 0, 0
831, 223, 0, 5, 0, 0, 0.08%, 0, 0, 1, 37.66, 31284, 51, 0, 0
836, 224, 0, 5, 0, 0, 0.08%, 0, 0, 1, 37.20, 31475, 51, 0, 0
841, 225, 1, 5, 0, 0, 0.08%, 0, 0, 1, 37.77, 31667, 51, 0, 0
846, 227, 0, 5, 0, 0, 0.08%, 0, 0, 1, 36.78, 31857, 51, 0, 0
852, 228, 0, 5, 0, 0, 0.08%, 0, 0, 1, 37.10, 32049, 51, 0, 0
857, 230, 0, 5, 0, 0, 0.08%, 0, 0, 1, 37.49, 32241, 51, 0, 0
862, 231, 0, 5, 0, 0, 0.08%, 0, 0, 1, 37.22, 32433, 51, 0, 0
867, 232, 0, 5, 0, 0, 0.08%, 0, 0, 1, 38.03, 32633, 51, 0, 0
872, 234, 1, 5, 0, 0, 0.08%, 0, 0, 1, 37.02, 32817, 51, 0, 0
877, 235, 1, 5, 0, 0, 0.08%, 0, 0, 1, 37.18, 33009, 51, 0, 0
882, 236, 0, 5, 0, 0, 0.08%, 0, 0, 1, 37.93, 33201, 51, 0, 0
887, 238, 1, 5, 0, 0, 0.08%, 0, 0, 1, 38.19, 33393, 51, 0, 0
893, 239, 1, 5, 0, 0, 0.08%, 0, 0, 1, 37.38, 33582, 51, 0, 0
897, 240, 0, 5, 0, 0, 0.08%, 0, 0, 1, 37.06, 33761, 51, 0, 0
