# relative_time, cycles_done, cur_item, corpus_count, pending_total, pending_favs, map_size, saved_crashes, saved_hangs, max_depth, execs_per_sec, total_execs, edges_found, total_crashes, servers_count
61, 10, 1, 5, 0, 0, 0.28%, 0, 0, 1, 25.97, 1565, 184, 0, 0
66, 11, 1, 5, 0, 0, 0.28%, 0, 0, 1, 25.83, 1699, 184, 0, 0
71, 12, 1, 5, 0, 0, 0.28%, 0, 0, 1, 24.90, 1827, 184, 0, 0
76, 13, 1, 5, 0, 0, 0.28%, 0, 0, 1, 24.55, 1952, 184, 0, 0
81, 14, 1, 5, 0, 0, 0.28%, 0, 0, 1, 24.94, 2082, 184, 0, 0
86, 15, 1, 5, 0, 0, 0.28%, 0, 0, 1, 25.35, 2211, 184, 0, 0
92, 16, 1, 5, 0, 0, 0.28%, 0, 0, 1, 25.09, 2340, 184, 0, 0
97, 17, 1, 5, 0, 0, 0.28%, 0, 0, 1, 25.17, 2472, 184, 0, 0
102, 18, 1, 5, 0, 0, 0.28%, 0, 0, 1, 25.07, 2602, 184, 0, 0
107, 19, 1, 5, 0, 0, 0.28%, 0, 0, 1, 25.02, 2729, 184, 0, 0
112, 20, 1, 5, 0, 0, 0.28%, 0, 0, 1, 25.36, 2857, 184, 0, 0
117, 21, 1, 5, 0, 0, 0.28%, 0, 0, 1, 24.76, 2986, 184, 0, 0
122, 21, 1, 5, 0, 0, 0.28%, 0, 0, 1, 24.33, 3111, 184, 0, 0
128, 22, 1, 5, 0, 0, 0.28%, 0, 0, 1, 25.07, 3238, 184, 0, 0
133, 23, 1, 5, 0, 0, 0.28%, 0, 0, 1, 25.32, 3366, 184, 0, 0
138, 24, 1, 5, 0, 0, 0.28%, 0, 0, 1, 25.50, 3494, 184, 0, 0
143, 25, 1, 5, 0, 0, 0.28%, 0, 0, 1, 25.50, 3626, 184, 0, 0
148, 26, 1, 5, 0, 0, 0.28%, 0, 0, 1, 24.92, 3753, 184, 0, 0
153, 27, 1, 5, 0, 0, 0.28%, 0, 0, 1, 24.65, 3880, 184, 0, 0
158, 28, 1, 5, 0, 0, 0.28%, 0, 0, 1, 24.69, 4005, 184, 0, 0
163, 29, 1, 5, 0, 0, 0.28%, 0, 0, 1, 24.82, 4134, 184, 0, 0
168, 30, 1, 5, 0, 0, 0.28%, 0, 0, 1, 24.91, 4263, 184, 0, 0
173, 31, 1, 5, 0, 0, 0.28%, 0, 0, 1, 25.06, 4389, 184, 0, 0
179, 32, 1, 5, 0, 0, 0.28%, 0, 0, 1, 25.51, 4521, 184, 0, 0
184, 32, 1, 5, 0, 0, 0.28%, 0, 0, 1, 25.22, 4649, 184, 0, 0
189, 33, 1, 5, 0, 0, 0.28%, 0, 0, 1, 24.54, 4774, 184, 0, 0
194, 34, 1, 5, 0, 0, 0.28%, 0, 0, 1, 24.44, 4899, 184, 0, 0
199, 35, 1, 5, 0, 0, 0.28%, 0, 0, 1, 24.82, 5024, 184, 0, 0
204, 36, 1, 5, 0, 0, 0.28%, 0, 0, 1, 24.50, 5149, 184, 0, 0
209, 37, 1, 5, 0, 0, 0.28%, 0, 0, 1, 24.73, 5277, 184, 0, 0
214, 38, 1, 5, 0, 0, 0.28%, 0, 0, 1, 25.29, 5408, 184, 0, 0
219, 39, 1, 5, 0, 0, 0.28%, 0, 0, 1, 24.25, 5528, 184, 0, 0
225, 40, 1, 5, 0, 0, 0.28%, 0, 0, 1, 25.00, 5658, 184, 0, 0
230, 41, 1, 5, 0, 0, 0.28%, 0, 0, 1, 25.52, 5789, 184, 0, 0
235, 41, 1, 5, 0, 0, 0.28%, 0, 0, 1, 25.03, 5915, 184, 0, 0
240, 42, 1, 5, 0, 0, 0.28%, 0, 0, 1, 24.62, 6041, 184, 0, 0
245, 43, 1, 5, 0, 0, 0.28%, 0, 0, 1, 24.50, 6167, 184, 0, 0
250, 44, 1, 5, 0, 0, 0.28%, 0, 0, 1, 24.84, 6295, 184, 0, 0
255, 45, 1, 5, 0, 0, 0.28%, 0, 0, 1, 24.69, 6420, 184, 0, 0
260, 46, 1, 5, 0, 0, 0.28%, 0, 0, 1, 24.62, 6547, 184, 0, 0
265, 47, 1, 5, 0, 0, 0.28%, 0, 0, 1, 25.14, 6675, 184, 0, 0
271, 48, 1, 5, 0, 0, 0.28%, 0, 0, 1, 25.66, 6807, 184, 0, 0
276, 49, 1, 5, 0, 0, 0.28%, 0, 0, 1, 25.63, 6937, 184, 0, 0
281, 50, 1, 5, 0, 0, 0.28%, 0, 0, 1, 25.67, 7068, 184, 0, 0
286, 51, 1, 5, 0, 0, 0.28%, 0, 0, 1, 25.59, 7199, 184, 0, 0
291, 52, 1, 5, 0, 0, 0.28%, 0, 0, 1, 24.85, 7328, 184, 0, 0
296, 52, 1, 5, 0, 0, 0.28%, 0, 0, 1, 24.92, 7456, 184, 0, 0
301, 53, 1, 5, 0, 0, 0.28%, 0, 0, 1, 24.90, 7585, 184, 0, 0
306, 54, 1, 5, 0, 0, 0.28%, 0, 0, 1, 25.04, 7712, 184, 0, 0
311, 55, 1, 5, 0, 0, 0.28%, 0, 0, 1, 25.04, 7840, 184, 0, 0
317, 56, 1, 5, 0, 0, 0.28%, 0, 0, 1, 24.66, 7963, 184, 0, 0
322, 57, 1, 5, 0, 0, 0.28%, 0, 0, 1, 24.96, 8090, 184, 0, 0
327, 58, 1, 5, 0, 0, 0.28%, 0, 0, 1, 25.34, 8222, 184, 0, 0
332, 59, 1, 5, 0, 0, 0.28%, 0, 0, 1, 25.33, 8350, 184, 0, 0
337, 60, 1, 5, 0, 0, 0.28%, 0, 0, 1, 25.08, 8479, 184, 0, 0
342, 61, 1, 5, 0, 0, 0.28%, 0, 0, 1, 25.04, 8607, 184, 0, 0
347, 62, 1, 5, 0, 0, 0.28%, 0, 0, 1, 24.63, 8733, 184, 0, 0
352, 63, 1, 5, 0, 0, 0.28%, 0, 0, 1, 24.88, 8860, 184, 0, 0
357, 63, 1, 5, 0, 0, 0.28%, 0, 0, 1, 24.63, 8986, 184, 0, 0
363, 64, 1, 5, 0, 0, 0.28%, 0, 0, 1, 24.43, 9111, 184, 0, 0
368, 65, 1, 5, 0, 0, 0.28%, 0, 0, 1, 24.26, 9236, 184, 0, 0
373, 66, 1, 5, 0, 0, 0.28%, 0, 0, 1, 24.36, 9361, 184, 0, 0
378, 67, 1, 5, 0, 0, 0.28%, 0, 0, 1, 24.75, 9488, 184, 0, 0
383, 68, 1, 5, 0, 0, 0.28%, 0, 0, 1, 24.71, 9613, 184, 0, 0
388, 69, 1, 5, 0, 0, 0.28%, 0, 0, 1, 24.74, 9740, 184, 0, 0
393, 70, 1, 5, 0, 0, 0.28%, 0, 0, 1, 24.78, 9865, 184, 0, 0
398, 71, 1, 5, 0, 0, 0.28%, 0, 0, 1, 24.51, 9990, 184, 0, 0
403, 71, 1, 5, 0, 0, 0.28%, 0, 0, 1, 24.53, 10117, 184, 0, 0
409, 72, 1, 5, 0, 0, 0.28%, 0, 0, 1, 24.83, 10246, 184, 0, 0
414, 73, 1, 5, 0, 0, 0.28%, 0, 0, 1, 24.61, 10370, 184, 0, 0
419, 74, 1, 5, 0, 0, 0.28%, 0, 0, 1, 24.45, 10495, 184, 0, 0
424, 75, 1, 5, 0, 0, 0.28%, 0, 0, 1, 24.95, 10625, 184, 0, 0
429, 76, 1, 5, 0, 0, 0.28%, 0, 0, 1, 25.35, 10754, 184, 0, 0
434, 77, 1, 5, 0, 0, 0.28%, 0, 0, 1, 24.66, 10877, 184, 0, 0
439, 78, 1, 5, 0, 0, 0.28%, 0, 0, 1, 24.43, 11002, 184, 0, 0
444, 79, 1, 5, 0, 0, 0.28%, 0, 0, 1, 24.44, 11128, 184, 0, 0
449, 80, 1, 5, 0, 0, 0.28%, 0, 0, 1, 24.81, 11256, 184, 0, 0
455, 81, 1, 5, 0, 0, 0.28%, 0, 0, 1, 24.46, 11381, 184, 0, 0
460, 81, 1, 5, 0, 0, 0.28%, 0, 0, 1, 24.11, 11506, 184, 0, 0
465, 82, 1, 5, 0, 0, 0.28%, 0, 0, 1, 24.39, 11631, 184, 0, 0
470, 83, 1, 5, 0, 0, 0.28%, 0, 0, 1, 24.47, 11756, 184, 0, 0
475, 84, 1, 5, 0, 0, 0.28%, 0, 0, 1, 24.72, 11883, 184, 0, 0
480, 85, 1, 5, 0, 0, 0.28%, 0, 0, 1, 25.31, 12013, 184, 0, 0
485, 86, 1, 5, 0, 0, 0.28%, 0, 0, 1, 24.79, 12139, 184, 0, 0
490, 87, 1, 5, 0, 0, 0.28%, 0, 0, 1, 24.87, 12267, 184, 0, 0
496, 88, 1, 5, 0, 0, 0.28%, 0, 0, 1, 24.97, 12393, 184, 0, 0
501, 89, 1, 5, 0, 0, 0.28%, 0, 0, 1, 24.65, 12520, 184, 0, 0
506, 90, 1, 5, 0, 0, 0.28%, 0, 0, 1, 24.99, 12645, 184, 0, 0
511, 90, 1, 5, 0, 0, 0.28%, 0, 0, 1, 25.31, 12777, 184, 0, 0
516, 91, 1, 5, 0, 0, 0.28%, 0, 0, 1, 24.95, 12903, 184, 0, 0
521, 92, 1, 5, 0, 0, 0.28%, 0, 0, 1, 24.53, 13029, 184, 0, 0
526, 93, 1, 5, 0, 0, 0.28%, 0, 0, 1, 24.39, 13154, 184, 0, 0
531, 94, 1, 5, 0, 0, 0.28%, 0, 0, 1, 25.14, 13285, 184, 0, 0
537, 95, 1, 5, 0, 0, 0.28%, 0, 0, 1, 24.80, 13412, 184, 0, 0
542, 96, 1, 5, 0, 0, 0.28%, 0, 0, 1, 24.76, 13537, 184, 0, 0
547, 97, 1, 5, 0, 0, 0.28%, 0, 0, 1, 25.35, 13665, 184, 0, 0
552, 98, 1, 5, 0, 0, 0.28%, 0, 0, 1, 25.19, 13795, 184, 0, 0
557, 99, 1, 5, 0, 0, 0.28%, 0, 0, 1, 24.76, 13923, 184, 0, 0
562, 100, 1, 5, 0, 0, 0.28%, 0, 0, 1, 25.46, 14054, 184, 0, 0
567, 101, 1, 5, 0, 0, 0.28%, 0, 0, 1, 24.66, 14179, 184, 0, 0
572, 101, 1, 5, 0, 0, 0.28%, 0, 0, 1, 24.55, 14304, 184, 0, 0
577, 102, 1, 5, 0, 0, 0.28%, 0, 0, 1, 24.52, 14429, 184, 0, 0
582, 103, 1, 5, 0, 0, 0.28%, 0, 0, 1, 24.50, 14554, 184, 0, 0
588, 104, 1, 5, 0, 0, 0.28%, 0, 0, 1, 24.41, 14679, 184, 0, 0
593, 105, 1, 5, 0, 0, 0.28%, 0, 0, 1, 25.29, 14807, 184, 0, 0
598, 106, 1, 5, 0, 0, 0.28%, 0, 0, 1, 25.58, 14939, 184, 0, 0
603, 107, 1, 5, 0, 0, 0.28%, 0, 0, 1, 24.97, 15068, 184, 0, 0
608, 108, 1, 5, 0, 0, 0.28%, 0, 0, 1, 25.32, 15196, 184, 0, 0
613, 109, 1, 5, 0, 0, 0.28%, 0, 0, 1, 24.76, 15323, 184, 0, 0
618, 110, 1, 5, 0, 0, 0.28%, 0, 0, 1, 24.56, 15449, 184, 0, 0
623, 111, 1, 5, 0, 0, 0.28%, 0, 0, 1, 24.83, 15579, 184, 0, 0
629, 111, 1, 5, 0, 0, 0.28%, 0, 0, 1, 24.97, 15708, 184, 0, 0
634, 112, 1, 5, 0, 0, 0.28%, 0, 0, 1, 24.81, 15834, 184, 0, 0
639, 113, 1, 5, 0, 0, 0.28%, 0, 0, 1, 24.61, 15959, 184, 0, 0
644, 114, 1, 5, 0, 0, 0.28%, 0, 0, 1, 24.87, 16085, 184, 0, 0
649, 115, 1, 5, 0, 0, 0.28%, 0, 0, 1, 24.89, 16215, 184, 0, 0
654, 116, 1, 5, 0, 0, 0.28%, 0, 0, 1, 25.11, 16343, 184, 0, 0
659, 117, 1, 5, 0, 0, 0.28%, 0, 0, 1, 25.75, 16475, 184, 0, 0
664, 118, 1, 5, 0, 0, 0.28%, 0, 0, 1, 25.01, 16605, 184, 0, 0
670, 119, 1, 5, 0, 0, 0.28%, 0, 0, 1, 25.18, 16733, 184, 0, 0
675, 120, 1, 5, 0, 0, 0.28%, 0, 0, 1, 24.64, 16858, 184, 0, 0
680, 121, 1, 5, 0, 0, 0.28%, 0, 0, 1, 24.89, 16987, 184, 0, 0
685, 121, 1, 5, 0, 0, 0.28%, 0, 0, 1, 24.78, 17114, 184, 0, 0
690, 122, 1, 5, 0, 0, 0.28%, 0, 0, 1, 24.76, 17238, 184, 0, 0
695, 123, 1, 5, 0, 0, 0.28%, 0, 0, 1, 24.95, 17367, 184, 0, 0
700, 124, 1, 5, 0, 0, 0.28%, 0, 0, 1, 25.24, 17499, 184, 0, 0
705, 125, 1, 5, 0, 0, 0.28%, 0, 0, 1, 25.27, 17627, 184, 0, 0
711, 126, 1, 5, 0, 0, 0.28%, 0, 0, 1, 25.54, 17759, 184, 0, 0
716, 127, 1, 5, 0, 0, 0.28%, 0, 0, 1, 25.67, 17891, 184, 0, 0
721, 128, 1, 5, 0, 0, 0.28%, 0, 0, 1, 25.64, 18022, 184, 0, 0
726, 129, 1, 5, 0, 0, 0.28%, 0, 0, 1, 25.04, 18147, 184, 0, 0
731, 130, 1, 5, 0, 0, 0.28%, 0, 0, 1, 25.18, 18279, 184, 0, 0
736, 131, 1, 5, 0, 0, 0.28%, 0, 0, 1, 24.76, 18403, 184, 0, 0
741, 132, 1, 5, 0, 0, 0.28%, 0, 0, 1, 24.80, 18532, 184, 0, 0
746, 133, 1, 5, 0, 0, 0.28%, 0, 0, 1, 24.86, 18660, 184, 0, 0
751, 133, 1, 5, 0, 0, 0.28%, 0, 0, 1, 24.63, 18785, 184, 0, 0
757, 134, 1, 5, 0, 0, 0.28%, 0, 0, 1, 24.39, 18910, 184, 0, 0
762, 135, 1, 5, 0, 0, 0.28%, 0, 0, 1, 25.44, 19043, 184, 0, 0
767, 136, 1, 5, 0, 0, 0.28%, 0, 0, 1, 25.57, 19173, 184, 0, 0
772, 137, 1, 5, 0, 0, 0.28%, 0, 0, 1, 24.60, 19295, 184, 0, 0
777, 138, 1, 5, 0, 0, 0.28%, 0, 0, 1, 24.51, 19420, 184, 0, 0
782, 139, 1, 5, 0, 0, 0.28%, 0, 0, 1, 24.53, 19546, 184, 0, 0
787, 140, 1, 5, 0, 0, 0.28%, 0, 0, 1, 24.40, 19671, 184, 0, 0
792, 141, 1, 5, 0, 0, 0.28%, 0, 0, 1, 24.68, 19798, 184, 0, 0
797, 142, 1, 5, 0, 0, 0.28%, 0, 0, 1, 25.15, 19927, 184, 0, 0
802, 142, 1, 5, 0, 0, 0.28%, 0, 0, 1, 25.16, 20055, 184, 0, 0
808, 143, 1, 5, 0, 0, 0.28%, 0, 0, 1, 25.59, 20187, 184, 0, 0
813, 144, 1, 5, 0, 0, 0.28%, 0, 0, 1, 25.80, 20319, 184, 0, 0
818, 145, 1, 5, 0, 0, 0.28%, 0, 0, 1, 24.97, 20448, 184, 0, 0
823, 146, 1, 5, 0, 0, 0.28%, 0, 0, 1, 24.73, 20576, 184, 0, 0
828, 147, 1, 5, 0, 0, 0.28%, 0, 0, 1, 24.47, 20701, 184, 0, 0
833, 148, 1, 5, 0, 0, 0.28%, 0, 0, 1, 25.28, 20832, 184, 0, 0
839, 149, 1, 5, 0, 0, 0.28%, 0, 0, 1, 25.07, 20963, 184, 0, 0
844, 150, 1, 5, 0, 0, 0.28%, 0, 0, 1, 24.91, 21092, 184, 0, 0
849, 151, 1, 5, 0, 0, 0.28%, 0, 0, 1, 25.17, 21222, 184, 0, 0
854, 152, 1, 5, 0, 0, 0.28%, 0, 0, 1, 25.30, 21354, 184, 0, 0
859, 153, 1, 5, 0, 0, 0.28%, 0, 0, 1, 25.46, 21483, 184, 0, 0
864, 154, 1, 5, 0, 0, 0.28%, 0, 0, 1, 25.07, 21612, 184, 0, 0
869, 155, 1, 5, 0, 0, 0.28%, 0, 0, 1, 25.45, 21744, 184, 0, 0
875, 155, 1, 5, 0, 0, 0.28%, 0, 0, 1, 24.71, 21871, 184, 0, 0
880, 156, 1, 5, 0, 0, 0.28%, 0, 0, 1, 25.51, 22003, 184, 0, 0
885, 157, 1, 5, 0, 0, 0.28%, 0, 0, 1, 24.92, 22131, 184, 0, 0
890, 158, 1, 5, 0, 0, 0.28%, 0, 0, 1, 24.95, 22259, 184, 0, 0
895, 159, 1, 5, 0, 0, 0.28%, 0, 0, 1, 24.63, 22386, 184, 0, 0
897, 159, 1, 5, 0, 0, 0.28%, 0, 0, 1, 24.21, 22422, 184, 0, 0
