# relative_time, cycles_done, cur_item, corpus_count, pending_total, pending_favs, map_size, saved_crashes, saved_hangs, max_depth, execs_per_sec, total_execs, edges_found, total_crashes, servers_count
61, 8, 1, 5, 0, 0, 0.31%, 0, 0, 1, 11.14, 737, 201, 0, 0
66, 9, 1, 5, 0, 0, 0.31%, 0, 0, 1, 11.14, 794, 201, 0, 0
71, 9, 1, 5, 0, 0, 0.31%, 0, 0, 1, 11.07, 851, 201, 0, 0
76, 10, 1, 5, 0, 0, 0.31%, 0, 0, 1, 11.04, 908, 201, 0, 0
82, 11, 1, 5, 0, 0, 0.31%, 0, 0, 1, 11.04, 965, 201, 0, 0
87, 11, 1, 5, 0, 0, 0.31%, 0, 0, 1, 11.04, 1022, 201, 0, 0
92, 12, 1, 5, 0, 0, 0.31%, 0, 0, 1, 11.03, 1079, 201, 0, 0
97, 13, 1, 5, 0, 0, 0.31%, 0, 0, 1, 11.04, 1136, 201, 0, 0
102, 13, 1, 5, 0, 0, 0.31%, 0, 0, 1, 11.04, 1193, 201, 0, 0
107, 14, 1, 5, 0, 0, 0.31%, 0, 0, 1, 11.04, 1250, 201, 0, 0
113, 15, 1, 5, 0, 0, 0.31%, 0, 0, 1, 11.07, 1307, 201, 0, 0
118, 15, 1, 5, 0, 0, 0.31%, 0, 0, 1, 11.41, 1364, 201, 0, 0
123, 16, 1, 5, 0, 0, 0.31%, 0, 0, 1, 11.95, 1427, 201, 0, 0
128, 17, 1, 5, 0, 0, 0.31%, 0, 0, 1, 12.17, 1490, 201, 0, 0
133, 18, 1, 5, 0, 0, 0.31%, 0, 0, 1, 12.57, 1556, 201, 0, 0
138, 18, 1, 5, 0, 0, 0.31%, 0, 0, 1, 12.66, 1622, 201, 0, 0
144, 19, 1, 5, 0, 0, 0.31%, 0, 0, 1, 12.68, 1688, 201, 0, 0
149, 20, 1, 5, 0, 0, 0.31%, 0, 0, 1, 12.70, 1754, 201, 0, 0
154, 21, 1, 5, 0, 0, 0.31%, 0, 0, 1, 12.70, 1820, 201, 0, 0
159, 22, 1, 5, 0, 0, 0.31%, 0, 0, 1, 12.69, 1886, 201, 0, 0
164, 22, 1, 5, 0, 0, 0.31%, 0, 0, 1, 12.69, 1952, 201, 0, 0
170, 23, 1, 5, 0, 0, 0.31%, 0, 0, 1, 12.68, 2018, 201, 0, 0
175, 24, 1, 5, 0, 0, 0.31%, 0, 0, 1, 12.70, 2084, 201, 0, 0
180, 25, 1, 5, 0, 0, 0.31%, 0, 0, 1, 12.70, 2150, 201, 0, 0
185, 25, 1, 5, 0, 0, 0.31%, 0, 0, 1, 12.67, 2216, 201, 0, 0
190, 26, 1, 5, 0, 0, 0.31%, 0, 0, 1, 12.69, 2282, 201, 0, 0
196, 27, 1, 5, 0, 0, 0.31%, 0, 0, 1, 12.67, 2348, 201, 0, 0
201, 28, 1, 5, 0, 0, 0.31%, 0, 0, 1, 12.70, 2414, 201, 0, 0
206, 29, 1, 5, 0, 0, 0.31%, 0, 0, 1, 12.68, 2480, 201, 0, 0
211, 29, 1, 5, 0, 0, 0.31%, 0, 0, 1, 12.69, 2546, 201, 0, 0
216, 30, 1, 5, 0, 0, 0.31%, 0, 0, 1, 12.70, 2612, 201, 0, 0
222, 31, 1, 5, 0, 0, 0.31%, 0, 0, 1, 12.70, 2678, 201, 0, 0
227, 32, 1, 5, 0, 0, 0.31%, 0, 0, 1, 11.88, 2739, 201, 0, 0
232, 32, 1, 5, 0, 0, 0.31%, 0, 0, 1, 12.30, 2801, 201, 0, 0
237, 33, 1, 5, 0, 0, 0.31%, 0, 0, 1, 12.44, 2864, 201, 0, 0
242, 34, 1, 5, 0, 0, 0.31%, 0, 0, 1, 12.35, 2927, 201, 0, 0
247, 35, 1, 5, 0, 0, 0.31%, 0, 0, 1, 12.33, 2990, 201, 0, 0
252, 35, 1, 5, 0, 0, 0.31%, 0, 0, 1, 12.31, 3053, 201, 0, 0
257, 36, 1, 5, 0, 0, 0.31%, 0, 0, 1, 12.33, 3116, 201, 0, 0
262, 37, 1, 5, 0, 0, 0.31%, 0, 0, 1, 12.34, 3179, 201, 0, 0
267, 38, 1, 5, 0, 0, 0.31%, 0, 0, 1, 12.34, 3242, 201, 0, 0
273, 38, 1, 5, 0, 0, 0.31%, 0, 0, 1, 12.36, 3305, 201, 0, 0
278, 39, 1, 5, 0, 0, 0.31%, 0, 0, 1, 12.37, 3368, 201, 0, 0
283, 40, 1, 5, 0, 0, 0.31%, 0, 0, 1, 12.37, 3431, 201, 0, 0
288, 41, 1, 5, 0, 0, 0.31%, 0, 0, 1, 12.36, 3494, 201, 0, 0
293, 41, 1, 5, 0, 0, 0.31%, 0, 0, 1, 12.38, 3557, 201, 0, 0
298, 42, 1, 5, 0, 0, 0.31%, 0, 0, 1, 12.38, 3620, 201, 0, 0
303, 43, 1, 5, 0, 0, 0.31%, 0, 0, 1, 12.37, 3683, 201, 0, 0
308, 44, 1, 5, 0, 0, 0.31%, 0, 0, 1, 12.38, 3746, 201, 0, 0
313, 44, 1, 5, 0, 0, 0.31%, 0, 0, 1, 12.36, 3809, 201, 0, 0
318, 45, 1, 5, 0, 0, 0.31%, 0, 0, 1, 12.36, 3872, 201, 0, 0
323, 46, 1, 5, 0, 0, 0.31%, 0, 0, 1, 12.36, 3935, 201, 0, 0
329, 47, 1, 5, 0, 0, 0.31%, 0, 0, 1, 12.37, 3998, 201, 0, 0
334, 47, 1, 5, 0, 0, 0.31%, 0, 0, 1, 12.37, 4061, 201, 0, 0
339, 48, 1, 5, 0, 0, 0.31%, 0, 0, 1, 12.38, 4124, 201, 0, 0
344, 49, 1, 5, 0, 0, 0.31%, 0, 0, 1, 12.37, 4187, 201, 0, 0
349, 50, 1, 5, 0, 0, 0.31%, 0, 0, 1, 12.39, 4250, 201, 0, 0
354, 50, 1, 5, 0, 0, 0.31%, 0, 0, 1, 12.38, 4313, 201, 0, 0
359, 51, 1, 5, 0, 0, 0.31%, 0, 0, 1, 12.26, 4376, 201, 0, 0
364, 52, 1, 5, 0, 0, 0.31%, 0, 0, 1, 12.21, 4439, 201, 0, 0
369, 53, 1, 5, 0, 0, 0.31%, 0, 0, 1, 12.24, 4502, 201, 0, 0
375, 53, 1, 5, 0, 0, 0.31%, 0, 0, 1, 12.21, 4565, 201, 0, 0
380, 54, 1, 5, 0, 0, 0.31%, 0, 0, 1, 12.23, 4628, 201, 0, 0
385, 55, 1, 5, 0, 0, 0.31%, 0, 0, 1, 12.24, 4691, 201, 0, 0
390, 56, 1, 5, 0, 0, 0.31%, 0, 0, 1, 12.24, 4754, 201, 0, 0
395, 56, 1, 5, 0, 0, 0.31%, 0, 0, 1, 12.24, 4817, 201, 0, 0
400, 57, 1, 5, 0, 0, 0.31%, 0, 0, 1, 12.27, 4880, 201, 0, 0
405, 58, 1, 5, 0, 0, 0.31%, 0, 0, 1, 12.47, 4943, 201, 0, 0
410, 59, 1, 5, 0, 0, 0.31%, 0, 0, 1, 12.52, 5006, 201, 0, 0
415, 59, 1, 5, 0, 0, 0.31%, 0, 0, 1, 12.55, 5069, 201, 0, 0
420, 60, 1, 5, 0, 0, 0.31%, 0, 0, 1, 12.55, 5132, 201, 0, 0
425, 61, 1, 5, 0, 0, 0.31%, 0, 0, 1, 12.55, 5195, 201, 0, 0
431, 62, 1, 5, 0, 0, 0.31%, 0, 0, 1, 12.54, 5258, 201, 0, 0
436, 62, 1, 5, 0, 0, 0.31%, 0, 0, 1, 12.53, 5321, 201, 0, 0
441, 63, 1, 5, 0, 0, 0.31%, 0, 0, 1, 12.55, 5384, 201, 0, 0
446, 64, 1, 5, 0, 0, 0.31%, 0, 0, 1, 12.55, 5447, 201, 0, 0
451, 65, 1, 5, 0, 0, 0.31%, 0, 0, 1, 12.57, 5510, 201, 0, 0
456, 65, 1, 5, 0, 0, 0.31%, 0, 0, 1, 12.55, 5573, 201, 0, 0
461, 66, 1, 5, 0, 0, 0.31%, 0, 0, 1, 12.54, 5636, 201, 0, 0
466, 67, 1, 5, 0, 0, 0.31%, 0, 0, 1, 12.53, 5699, 201, 0, 0
471, 68, 1, 5, 0, 0, 0.31%, 0, 0, 1, 12.56, 5762, 201, 0, 0
476, 68, 1, 5, 0, 0, 0.31%, 0, 0, 1, 12.56, 5825, 201, 0, 0
481, 69, 1, 5, 0, 0, 0.31%, 0, 0, 1, 12.57, 5888, 201, 0, 0
486, 70, 1, 5, 0, 0, 0.31%, 0, 0, 1, 12.56, 5951, 201, 0, 0
491, 71, 1, 5, 0, 0, 0.31%, 0, 0, 1, 12.58, 6014, 201, 0, 0
496, 71, 1, 5, 0, 0, 0.31%, 0, 0, 1, 12.48, 6077, 201, 0, 0
501, 72, 1, 5, 0, 0, 0.31%, 0, 0, 1, 12.62, 6143, 201, 0, 0
506, 73, 1, 5, 0, 0, 0.31%, 0, 0, 1, 12.63, 6209, 201, 0, 0
511, 74, 1, 5, 0, 0, 0.31%, 0, 0, 1, 12.66, 6275, 201, 0, 0
517, 75, 1, 5, 0, 0, 0.31%, 0, 0, 1, 12.67, 6341, 201, 0, 0
522, 75, 1, 5, 0, 0, 0.31%, 0, 0, 1, 12.65, 6407, 201, 0, 0
527, 76, 1, 5, 0, 0, 0.31%, 0, 0, 1, 12.16, 6470, 201, 0, 0
532, 77, 1, 5, 0, 0, 0.31%, 0, 0, 1, 11.99, 6530, 201, 0, 0
537, 78, 1, 5, 0, 0, 0.31%, 0, 0, 1, 11.92, 6590, 201, 0, 0
542, 78, 1, 5, 0, 0, 0.31%, 0, 0, 1, 11.91, 6650, 201, 0, 0
547, 79, 1, 5, 0, 0, 0.31%, 0, 0, 1, 11.91, 6710, 201, 0, 0
552, 80, 1, 5, 0, 0, 0.31%, 0, 0, 1, 12.24, 6773, 201, 0, 0
557, 80, 1, 5, 0, 0, 0.31%, 0, 0, 1, 12.30, 6836, 201, 0, 0
563, 81, 1, 5, 0, 0, 0.31%, 0, 0, 1, 12.12, 6899, 201, 0, 0
568, 82, 1, 5, 0, 0, 0.31%, 0, 0, 1, 12.07, 6962, 201, 0, 0
573, 83, 1, 5, 0, 0, 0.31%, 0, 0, 1, 12.07, 7025, 201, 0, 0
578, 83, 1, 5, 0, 0, 0.31%, 0, 0, 1, 12.07, 7088, 201, 0, 0
584, 84, 1, 5, 0, 0, 0.31%, 0, 0, 1, 12.08, 7151, 201, 0, 0
589, 85, 1, 5, 0, 0, 0.31%, 0, 0, 1, 12.06, 7214, 201, 0, 0
594, 86, 1, 5, 0, 0, 0.31%, 0, 0, 1, 12.06, 7277, 201, 0, 0
599, 86, 1, 5, 0, 0, 0.31%, 0, 0, 1, 12.04, 7340, 201, 0, 0
605, 87, 1, 5, 0, 0, 0.31%, 0, 0, 1, 12.03, 7403, 201, 0, 0
610, 88, 1, 5, 0, 0, 0.31%, 0, 0, 1, 12.03, 7466, 201, 0, 0
615, 89, 1, 5, 0, 0, 0.31%, 0, 0, 1, 12.47, 7529, 201, 0, 0
620, 89, 1, 5, 0, 0, 0.31%, 0, 0, 1, 12.66, 7595, 201, 0, 0
625, 90, 1, 5, 0, 0, 0.31%, 0, 0, 1, 12.71, 7661, 201, 0, 0
630, 91, 1, 5, 0, 0, 0.31%, 0, 0, 1, 12.70, 7727, 201, 0, 0
636, 92, 1, 5, 0, 0, 0.31%, 0, 0, 1, 12.70, 7793, 201, 0, 0
641, 93, 1, 5, 0, 0, 0.31%, 0, 0, 1, 12.71, 7859, 201, 0, 0
646, 93, 1, 5, 0, 0, 0.31%, 0, 0, 1, 12.70, 7925, 201, 0, 0
651, 94, 1, 5, 0, 0, 0.31%, 0, 0, 1, 12.69, 7991, 201, 0, 0
656, 95, 1, 5, 0, 0, 0.31%, 0, 0, 1, 12.70, 8057, 201, 0, 0
662, 96, 1, 5, 0, 0, 0.31%, 0, 0, 1, 12.70, 8123, 201, 0, 0
667, 97, 1, 5, 0, 0, 0.31%, 0, 0, 1, 12.71, 8189, 201, 0, 0
672, 97, 1, 5, 0, 0, 0.31%, 0, 0, 1, 12.71, 8255, 201, 0, 0
677, 98, 1, 5, 0, 0, 0.31%, 0, 0, 1, 12.71, 8321, 201, 0, 0
682, 99, 1, 5, 0, 0, 0.31%, 0, 0, 1, 12.71, 8387, 201, 0, 0
687, 100, 1, 5, 0, 0, 0.31%, 0, 0, 1, 12.71, 8453, 201, 0, 0
693, 100, 1, 5, 0, 0, 0.31%, 0, 0, 1, 12.70, 8519, 201, 0, 0
698, 101, 1, 5, 0, 0, 0.31%, 0, 0, 1, 12.48, 8582, 201, 0, 0
703, 102, 1, 5, 0, 0, 0.31%, 0, 0, 1, 11.60, 8639, 201, 0, 0
708, 103, 1, 5, 0, 0, 0.31%, 0, 0, 1, 11.34, 8696, 201, 0, 0
713, 103, 1, 5, 0, 0, 0.31%, 0, 0, 1, 11.26, 8753, 201, 0, 0
718, 104, 1, 5, 0, 0, 0.31%, 0, 0, 1, 11.22, 8810, 201, 0, 0
723, 105, 1, 5, 0, 0, 0.31%, 0, 0, 1, 11.80, 8870, 201, 0, 0
728, 105, 1, 5, 0, 0, 0.31%, 0, 0, 1, 12.14, 8933, 201, 0, 0
733, 106, 1, 5, 0, 0, 0.31%, 0, 0, 1, 12.23, 8996, 201, 0, 0
738, 107, 1, 5, 0, 0, 0.31%, 0, 0, 1, 12.46, 9059, 201, 0, 0
743, 108, 1, 5, 0, 0, 0.31%, 0, 0, 1, 12.40, 9122, 201, 0, 0
749, 108, 1, 5, 0, 0, 0.31%, 0, 0, 1, 12.37, 9185, 201, 0, 0
754, 109, 1, 5, 0, 0, 0.31%, 0, 0, 1, 12.36, 9248, 201, 0, 0
759, 110, 1, 5, 0, 0, 0.31%, 0, 0, 1, 12.35, 9311, 201, 0, 0
764, 111, 1, 5, 0, 0, 0.31%, 0, 0, 1, 12.34, 9374, 201, 0, 0
769, 111, 1, 5, 0, 0, 0.31%, 0, 0, 1, 12.35, 9437, 201, 0, 0
774, 112, 1, 5, 0, 0, 0.31%, 0, 0, 1, 12.34, 9500, 201, 0, 0
779, 113, 1, 5, 0, 0, 0.31%, 0, 0, 1, 12.34, 9563, 201, 0, 0
784, 114, 1, 5, 0, 0, 0.31%, 0, 0, 1, 12.35, 9626, 201, 0, 0
789, 114, 1, 5, 0, 0, 0.31%, 0, 0, 1, 12.34, 9689, 201, 0, 0
794, 115, 1, 5, 0, 0, 0.31%, 0, 0, 1, 12.36, 9752, 201, 0, 0
800, 116, 1, 5, 0, 0, 0.31%, 0, 0, 1, 12.35, 9815, 201, 0, 0
805, 117, 1, 5, 0, 0, 0.31%, 0, 0, 1, 12.34, 9878, 201, 0, 0
810, 117, 1, 5, 0, 0, 0.31%, 0, 0, 1, 12.24, 9941, 201, 0, 0
815, 118, 1, 5, 0, 0, 0.31%, 0, 0, 1, 12.22, 10004, 201, 0, 0
820, 119, 1, 5, 0, 0, 0.31%, 0, 0, 1, 12.18, 10067, 201, 0, 0
825, 120, 1, 5, 0, 0, 0.31%, 0, 0, 1, 12.18, 10130, 201, 0, 0
831, 120, 1, 5, 0, 0, 0.31%, 0, 0, 1, 12.17, 10193, 201, 0, 0
836, 121, 1, 5, 0, 0, 0.31%, 0, 0, 1, 12.16, 10256, 201, 0, 0
841, 122, 1, 5, 0, 0, 0.31%, 0, 0, 1, 12.16, 10319, 201, 0, 0
846, 123, 1, 5, 0, 0, 0.31%, 0, 0, 1, 12.17, 10382, 201, 0, 0
851, 123, 1, 5, 0, 0, 0.31%, 0, 0, 1, 12.17, 10445, 201, 0, 0
856, 124, 1, 5, 0, 0, 0.31%, 0, 0, 1, 12.15, 10508, 201, 0, 0
862, 125, 1, 5, 0, 0, 0.31%, 0, 0, 1, 12.18, 10571, 201, 0, 0
867, 126, 1, 5, 0, 0, 0.31%, 0, 0, 1, 12.17, 10634, 201, 0, 0
872, 126, 1, 5, 0, 0, 0.31%, 0, 0, 1, 12.18, 10697, 201, 0, 0
877, 127, 1, 5, 0, 0, 0.31%, 0, 0, 1, 12.17, 10760, 201, 0, 0
882, 128, 1, 5, 0, 0, 0.31%, 0, 0, 1, 12.18, 10823, 201, 0, 0
887, 129, 1, 5, 0, 0, 0.31%, 0, 0, 1, 12.15, 10886, 201, 0, 0
893, 129, 1, 5, 0, 0, 0.31%, 0, 0, 1, 12.17, 10949, 201, 0, 0
895, 130, 1, 5, 0, 0, 0.31%, 0, 0, 1, 11.96, 10983, 201, 0, 0
