# relative_time, cycles_done, cur_item, corpus_count, pending_total, pending_favs, map_size, saved_crashes, saved_hangs, max_depth, execs_per_sec, total_execs, edges_found, total_crashes, servers_count
61, 8, 1, 5, 0, 0, 0.31%, 0, 0, 1, 12.40, 778, 201, 0, 0
66, 9, 1, 5, 0, 0, 0.31%, 0, 0, 1, 12.39, 841, 201, 0, 0
71, 10, 1, 5, 0, 0, 0.31%, 0, 0, 1, 12.40, 904, 201, 0, 0
76, 11, 1, 5, 0, 0, 0.31%, 0, 0, 1, 12.32, 967, 201, 0, 0
81, 11, 1, 5, 0, 0, 0.31%, 0, 0, 1, 12.38, 1030, 201, 0, 0
86, 12, 1, 5, 0, 0, 0.31%, 0, 0, 1, 12.32, 1093, 201, 0, 0
92, 13, 1, 5, 0, 0, 0.31%, 0, 0, 1, 12.26, 1156, 201, 0, 0
97, 14, 1, 5, 0, 0, 0.31%, 0, 0, 1, 12.26, 1219, 201, 0, 0
102, 14, 1, 5, 0, 0, 0.31%, 0, 0, 1, 12.27, 1282, 201, 0, 0
107, 15, 1, 5, 0, 0, 0.31%, 0, 0, 1, 12.28, 1345, 201, 0, 0
112, 16, 1, 5, 0, 0, 0.31%, 0, 0, 1, 12.27, 1408, 201, 0, 0
117, 17, 1, 5, 0, 0, 0.31%, 0, 0, 1, 12.25, 1471, 201, 0, 0
122, 17, 1, 5, 0, 0, 0.31%, 0, 0, 1, 12.23, 1534, 201, 0, 0
128, 18, 1, 5, 0, 0, 0.31%, 0, 0, 1, 12.20, 1597, 201, 0, 0
133, 19, 1, 5, 0, 0, 0.31%, 0, 0, 1, 12.21, 1660, 201, 0, 0
138, 20, 1, 5, 0, 0, 0.31%, 0, 0, 1, 12.20, 1723, 201, 0, 0
143, 20, 1, 5, 0, 0, 0.31%, 0, 0, 1, 12.21, 1786, 201, 0, 0
148, 21, 1, 5, 0, 0, 0.31%, 0, 0, 1, 12.22, 1849, 201, 0, 0
153, 22, 1, 5, 0, 0, 0.31%, 0, 0, 1, 12.20, 1912, 201, 0, 0
159, 23, 1, 5, 0, 0, 0.31%, 0, 0, 1, 12.20, 1975, 201, 0, 0
164, 23, 1, 5, 0, 0, 0.31%, 0, 0, 1, 12.20, 2038, 201, 0, 0
169, 24, 1, 5, 0, 0, 0.31%, 0, 0, 1, 12.23, 2101, 201, 0, 0
174, 25, 1, 5, 0, 0, 0.31%, 0, 0, 1, 12.21, 2164, 201, 0, 0
179, 26, 1, 5, 0, 0, 0.31%, 0, 0, 1, 12.19, 2227, 201, 0, 0
184, 26, 1, 5, 0, 0, 0.31%, 0, 0, 1, 12.36, 2290, 201, 0, 0
189, 27, 1, 5, 0, 0, 0.31%, 0, 0, 1, 12.19, 2353, 201, 0, 0
195, 28, 1, 5, 0, 0, 0.31%, 0, 0, 1, 12.06, 2416, 201, 0, 0
200, 29, 1, 5, 0, 0, 0.31%, 0, 0, 1, 12.02, 2479, 201, 0, 0
205, 29, 1, 5, 0, 0, 0.31%, 0, 0, 1, 12.00, 2539, 201, 0, 0
210, 30, 1, 5, 0, 0, 0.31%, 0, 0, 1, 11.97, 2599, 201, 0, 0
215, 31, 1, 5, 0, 0, 0.31%, 0, 0, 1, 11.98, 2659, 201, 0, 0
220, 31, 1, 5, 0, 0, 0.31%, 0, 0, 1, 11.97, 2719, 201, 0, 0
225, 32, 1, 5, 0, 0, 0.31%, 0, 0, 1, 12.25, 2782, 201, 0, 0
230, 33, 1, 5, 0, 0, 0.31%, 0, 0, 1, 12.44, 2845, 201, 0, 0
235, 34, 1, 5, 0, 0, 0.31%, 0, 0, 1, 12.33, 2908, 201, 0, 0
240, 34, 1, 5, 0, 0, 0.31%, 0, 0, 1, 12.31, 2971, 201, 0, 0
245, 35, 1, 5, 0, 0, 0.31%, 0, 0, 1, 12.34, 3034, 201, 0, 0
251, 36, 1, 5, 0, 0, 0.31%, 0, 0, 1, 12.33, 3097, 201, 0, 0
256, 37, 1, 5, 0, 0, 0.31%, 0, 0, 1, 12.31, 3160, 201, 0, 0
261, 37, 1, 5, 0, 0, 0.31%, 0, 0, 1, 12.29, 3223, 201, 0, 0
266, 38, 1, 5, 0, 0, 0.31%, 0, 0, 1, 12.28, 3286, 201, 0, 0
271, 39, 1, 5, 0, 0, 0.31%, 0, 0, 1, 12.30, 3349, 201, 0, 0
276, 40, 1, 5, 0, 0, 0.31%, 0, 0, 1, 12.31, 3412, 201, 0, 0
281, 40, 1, 5, 0, 0, 0.31%, 0, 0, 1, 12.31, 3475, 201, 0, 0
286, 41, 1, 5, 0, 0, 0.31%, 0, 0, 1, 12.33, 3538, 201, 0, 0
292, 42, 1, 5, 0, 0, 0.31%, 0, 0, 1, 12.32, 3601, 201, 0, 0
297, 43, 1, 5, 0, 0, 0.31%, 0, 0, 1, 12.41, 3664, 201, 0, 0
302, 43, 1, 5, 0, 0, 0.31%, 0, 0, 1, 12.44, 3727, 201, 0, 0
307, 44, 1, 5, 0, 0, 0.31%, 0, 0, 1, 12.46, 3790, 201, 0, 0
312, 45, 1, 5, 0, 0, 0.31%, 0, 0, 1, 12.47, 3853, 201, 0, 0
317, 46, 1, 5, 0, 0, 0.31%, 0, 0, 1, 12.35, 3916, 201, 0, 0
322, 46, 1, 5, 0, 0, 0.31%, 0, 0, 1, 12.05, 3976, 201, 0, 0
327, 47, 1, 5, 0, 0, 0.31%, 0, 0, 1, 12.35, 4039, 201, 0, 0
332, 48, 1, 5, 0, 0, 0.31%, 0, 0, 1, 12.42, 4102, 201, 0, 0
337, 49, 1, 5, 0, 0, 0.31%, 0, 0, 1, 12.40, 4165, 201, 0, 0
342, 49, 1, 5, 0, 0, 0.31%, 0, 0, 1, 12.41, 4228, 201, 0, 0
347, 50, 1, 5, 0, 0, 0.31%, 0, 0, 1, 12.39, 4291, 201, 0, 0
353, 51, 1, 5, 0, 0, 0.31%, 0, 0, 1, 12.09, 4354, 201, 0, 0
358, 52, 1, 5, 0, 0, 0.31%, 0, 0, 1, 11.95, 4414, 201, 0, 0
363, 52, 1, 5, 0, 0, 0.31%, 0, 0, 1, 11.94, 4474, 201, 0, 0
368, 53, 1, 5, 0, 0, 0.31%, 0, 0, 1, 11.93, 4534, 201, 0, 0
373, 54, 1, 5, 0, 0, 0.31%, 0, 0, 1, 11.93, 4594, 201, 0, 0
378, 54, 1, 5, 0, 0, 0.31%, 0, 0, 1, 11.99, 4654, 201, 0, 0
383, 55, 1, 5, 0, 0, 0.31%, 0, 0, 1, 12.06, 4717, 201, 0, 0
388, 56, 1, 5, 0, 0, 0.31%, 0, 0, 1, 12.22, 4780, 201, 0, 0
393, 57, 1, 5, 0, 0, 0.31%, 0, 0, 1, 11.88, 4840, 201, 0, 0
398, 57, 1, 5, 0, 0, 0.31%, 0, 0, 1, 11.83, 4900, 201, 0, 0
403, 58, 1, 5, 0, 0, 0.31%, 0, 0, 1, 11.83, 4960, 201, 0, 0
408, 59, 1, 5, 0, 0, 0.31%, 0, 0, 1, 11.79, 5020, 201, 0, 0
413, 60, 1, 5, 0, 0, 0.31%, 0, 0, 1, 11.77, 5080, 201, 0, 0
419, 60, 1, 5, 0, 0, 0.31%, 0, 0, 1, 11.77, 5140, 201, 0, 0
424, 61, 1, 5, 0, 0, 0.31%, 0, 0, 1, 11.77, 5200, 201, 0, 0
429, 62, 1, 5, 0, 0, 0.31%, 0, 0, 1, 11.75, 5260, 201, 0, 0
434, 62, 1, 5, 0, 0, 0.31%, 0, 0, 1, 11.75, 5320, 201, 0, 0
439, 63, 1, 5, 0, 0, 0.31%, 0, 0, 1, 11.77, 5380, 201, 0, 0
444, 64, 1, 5, 0, 0, 0.31%, 0, 0, 1, 11.82, 5440, 201, 0, 0
449, 65, 1, 5, 0, 0, 0.31%, 0, 0, 1, 11.74, 5500, 201, 0, 0
454, 65, 1, 5, 0, 0, 0.31%, 0, 0, 1, 11.66, 5560, 201, 0, 0
459, 66, 1, 5, 0, 0, 0.31%, 0, 0, 1, 11.66, 5620, 201, 0, 0
465, 67, 1, 5, 0, 0, 0.31%, 0, 0, 1, 11.66, 5680, 201, 0, 0
470, 67, 1, 5, 0, 0, 0.31%, 0, 0, 1, 11.65, 5740, 201, 0, 0
475, 68, 1, 5, 0, 0, 0.31%, 0, 0, 1, 11.65, 5800, 201, 0, 0
480, 69, 1, 5, 0, 0, 0.31%, 0, 0, 1, 11.80, 5860, 201, 0, 0
485, 70, 1, 5, 0, 0, 0.31%, 0, 0, 1, 11.85, 5920, 201, 0, 0
490, 70, 1, 5, 0, 0, 0.31%, 0, 0, 1, 11.86, 5980, 201, 0, 0
495, 71, 1, 5, 0, 0, 0.31%, 0, 0, 1, 11.85, 6040, 201, 0, 0
500, 72, 1, 5, 0, 0, 0.31%, 0, 0, 1, 11.85, 6100, 201, 0, 0
505, 72, 1, 5, 0, 0, 0.31%, 0, 0, 1, 11.85, 6160, 201, 0, 0
510, 73, 1, 5, 0, 0, 0.31%, 0, 0, 1, 11.85, 6220, 201, 0, 0
515, 74, 1, 5, 0, 0, 0.31%, 0, 0, 1, 11.86, 6280, 201, 0, 0
520, 75, 1, 5, 0, 0, 0.31%, 0, 0, 1, 11.85, 6340, 201, 0, 0
526, 75, 1, 5, 0, 0, 0.31%, 0, 0, 1, 11.84, 6400, 201, 0, 0
531, 76, 1, 5, 0, 0, 0.31%, 0, 0, 1, 11.84, 6460, 201, 0, 0
536, 77, 1, 5, 0, 0, 0.31%, 0, 0, 1, 11.83, 6520, 201, 0, 0
541, 77, 1, 5, 0, 0, 0.31%, 0, 0, 1, 11.84, 6580, 201, 0, 0
546, 78, 1, 5, 0, 0, 0.31%, 0, 0, 1, 11.86, 6640, 201, 0, 0
551, 79, 1, 5, 0, 0, 0.31%, 0, 0, 1, 11.96, 6700, 201, 0, 0
556, 80, 1, 5, 0, 0, 0.31%, 0, 0, 1, 12.27, 6763, 201, 0, 0
561, 80, 1, 5, 0, 0, 0.31%, 0, 0, 1, 12.34, 6826, 201, 0, 0
566, 81, 1, 5, 0, 0, 0.31%, 0, 0, 1, 12.35, 6889, 201, 0, 0
571, 82, 1, 5, 0, 0, 0.31%, 0, 0, 1, 12.37, 6952, 201, 0, 0
576, 83, 1, 5, 0, 0, 0.31%, 0, 0, 1, 12.35, 7015, 201, 0, 0
581, 83, 1, 5, 0, 0, 0.31%, 0, 0, 1, 12.50, 7078, 201, 0, 0
586, 84, 1, 5, 0, 0, 0.31%, 0, 0, 1, 12.57, 7141, 201, 0, 0
591, 85, 1, 5, 0, 0, 0.31%, 0, 0, 1, 12.58, 7204, 201, 0, 0
596, 86, 1, 5, 0, 0, 0.31%, 0, 0, 1, 12.46, 7267, 201, 0, 0
602, 86, 1, 5, 0, 0, 0.31%, 0, 0, 1, 12.38, 7330, 201, 0, 0
607, 87, 1, 5, 0, 0, 0.31%, 0, 0, 1, 12.36, 7393, 201, 0, 0
612, 88, 1, 5, 0, 0, 0.31%, 0, 0, 1, 12.37, 7456, 201, 0, 0
617, 89, 1, 5, 0, 0, 0.31%, 0, 0, 1, 12.40, 7519, 201, 0, 0
622, 89, 1, 5, 0, 0, 0.31%, 0, 0, 1, 12.43, 7582, 201, 0, 0
627, 90, 1, 5, 0, 0, 0.31%, 0, 0, 1, 12.20, 7645, 201, 0, 0
632, 91, 1, 5, 0, 0, 0.31%, 0, 0, 1, 12.13, 7708, 201, 0, 0
637, 92, 1, 5, 0, 0, 0.31%, 0, 0, 1, 12.09, 7771, 201, 0, 0
643, 92, 1, 5, 0, 0, 0.31%, 0, 0, 1, 12.13, 7834, 201, 0, 0
648, 93, 1, 5, 0, 0, 0.31%, 0, 0, 1, 12.08, 7897, 201, 0, 0
653, 94, 1, 5, 0, 0, 0.31%, 0, 0, 1, 12.18, 7960, 201, 0, 0
658, 95, 1, 5, 0, 0, 0.31%, 0, 0, 1, 12.17, 8023, 201, 0, 0
663, 95, 1, 5, 0, 0, 0.31%, 0, 0, 1, 12.23, 8086, 201, 0, 0
668, 96, 1, 5, 0, 0, 0.31%, 0, 0, 1, 12.24, 8149, 201, 0, 0
674, 97, 1, 5, 0, 0, 0.31%, 0, 0, 1, 12.24, 8212, 201, 0, 0
679, 98, 1, 5, 0, 0, 0.31%, 0, 0, 1, 12.16, 8275, 201, 0, 0
684, 98, 1, 5, 0, 0, 0.31%, 0, 0, 1, 12.04, 8338, 201, 0, 0
689, 99, 1, 5, 0, 0, 0.31%, 0, 0, 1, 11.93, 8398, 201, 0, 0
694, 100, 1, 5, 0, 0, 0.31%, 0, 0, 1, 11.89, 8458, 201, 0, 0
699, 100, 1, 5, 0, 0, 0.31%, 0, 0, 1, 11.89, 8518, 201, 0, 0
704, 101, 1, 5, 0, 0, 0.31%, 0, 0, 1, 11.89, 8578, 201, 0, 0
709, 102, 1, 5, 0, 0, 0.31%, 0, 0, 1, 11.90, 8638, 201, 0, 0
714, 103, 1, 5, 0, 0, 0.31%, 0, 0, 1, 12.15, 8701, 201, 0, 0
720, 103, 1, 5, 0, 0, 0.31%, 0, 0, 1, 12.35, 8764, 201, 0, 0
725, 104, 1, 5, 0, 0, 0.31%, 0, 0, 1, 12.32, 8827, 201, 0, 0
730, 105, 1, 5, 0, 0, 0.31%, 0, 0, 1, 11.94, 8887, 201, 0, 0
735, 106, 1, 5, 0, 0, 0.31%, 0, 0, 1, 11.85, 8947, 201, 0, 0
740, 106, 1, 5, 0, 0, 0.31%, 0, 0, 1, 11.81, 9007, 201, 0, 0
745, 107, 1, 5, 0, 0, 0.31%, 0, 0, 1, 11.80, 9067, 201, 0, 0
750, 108, 1, 5, 0, 0, 0.31%, 0, 0, 1, 11.81, 9127, 201, 0, 0
755, 108, 1, 5, 0, 0, 0.31%, 0, 0, 1, 11.80, 9187, 201, 0, 0
760, 109, 1, 5, 0, 0, 0.31%, 0, 0, 1, 11.96, 9250, 201, 0, 0
766, 110, 1, 5, 0, 0, 0.31%, 0, 0, 1, 12.00, 9313, 201, 0, 0
771, 111, 1, 5, 0, 0, 0.31%, 0, 0, 1, 12.00, 9376, 201, 0, 0
776, 111, 1, 5, 0, 0, 0.31%, 0, 0, 1, 12.00, 9439, 201, 0, 0
781, 112, 1, 5, 0, 0, 0.31%, 0, 0, 1, 11.97, 9499, 201, 0, 0
786, 113, 1, 5, 0, 0, 0.31%, 0, 0, 1, 12.25, 9562, 201, 0, 0
791, 114, 1, 5, 0, 0, 0.31%, 0, 0, 1, 12.38, 9625, 201, 0, 0
796, 114, 1, 5, 0, 0, 0.31%, 0, 0, 1, 12.38, 9688, 201, 0, 0
802, 115, 1, 5, 0, 0, 0.31%, 0, 0, 1, 12.39, 9751, 201, 0, 0
807, 116, 1, 5, 0, 0, 0.31%, 0, 0, 1, 12.39, 9814, 201, 0, 0
812, 117, 1, 5, 0, 0, 0.31%, 0, 0, 1, 12.42, 9877, 201, 0, 0
817, 117, 1, 5, 0, 0, 0.31%, 0, 0, 1, 12.40, 9940, 201, 0, 0
822, 118, 1, 5, 0, 0, 0.31%, 0, 0, 1, 12.41, 10003, 201, 0, 0
827, 119, 1, 5, 0, 0, 0.31%, 0, 0, 1, 12.41, 10066, 201, 0, 0
832, 120, 1, 5, 0, 0, 0.31%, 0, 0, 1, 12.39, 10129, 201, 0, 0
837, 120, 1, 5, 0, 0, 0.31%, 0, 0, 1, 12.38, 10192, 201, 0, 0
842, 121, 1, 5, 0, 0, 0.31%, 0, 0, 1, 12.38, 10255, 201, 0, 0
847, 122, 1, 5, 0, 0, 0.31%, 0, 0, 1, 12.37, 10318, 201, 0, 0
852, 123, 1, 5, 0, 0, 0.31%, 0, 0, 1, 12.37, 10381, 201, 0, 0
857, 123, 1, 5, 0, 0, 0.31%, 0, 0, 1, 12.35, 10444, 201, 0, 0
863, 124, 1, 5, 0, 0, 0.31%, 0, 0, 1, 12.28, 10507, 201, 0, 0
868, 125, 1, 5, 0, 0, 0.31%, 0, 0, 1, 12.28, 10570, 201, 0, 0
873, 126, 1, 5, 0, 0, 0.31%, 0, 0, 1, 12.31, 10633, 201, 0, 0
878, 126, 1, 5, 0, 0, 0.31%, 0, 0, 1, 12.20, 10696, 201, 0, 0
883, 127, 1, 5, 0, 0, 0.31%, 0, 0, 1, 12.07, 10759, 201, 0, 0
888, 128, 1, 5, 0, 0, 0.31%, 0, 0, 1, 11.97, 10819, 201, 0, 0
893, 129, 1, 5, 0, 0, 0.31%, 0, 0, 1, 12.03, 10882, 201, 0, 0
895, 129, 1, 5, 0, 0, 0.31%, 0, 0, 1, 11.93, 10905, 201, 0, 0
