# relative_time, cycles_done, cur_item, corpus_count, pending_total, pending_favs, map_size, saved_crashes, saved_hangs, max_depth, execs_per_sec, total_execs, edges_found, total_crashes, servers_count
61, 9, 1, 5, 0, 0, 0.10%, 0, 0, 1, 22.46, 1384, 63, 0, 0
66, 10, 1, 5, 0, 0, 0.10%, 0, 0, 1, 22.17, 1499, 63, 0, 0
71, 11, 1, 5, 0, 0, 0.10%, 0, 0, 1, 22.17, 1614, 63, 0, 0
76, 12, 1, 5, 0, 0, 0.10%, 0, 0, 1, 22.31, 1729, 63, 0, 0
81, 12, 1, 5, 0, 0, 0.10%, 0, 0, 1, 21.96, 1839, 63, 0, 0
87, 13, 1, 5, 0, 0, 0.10%, 0, 0, 1, 21.76, 1949, 63, 0, 0
92, 14, 1, 5, 0, 0, 0.10%, 0, 0, 1, 21.85, 2059, 63, 0, 0
97, 15, 1, 5, 0, 0, 0.10%, 0, 0, 1, 22.26, 2174, 63, 0, 0
102, 16, 1, 5, 0, 0, 0.10%, 0, 0, 1, 22.55, 2289, 63, 0, 0
107, 16, 1, 5, 0, 0, 0.10%, 0, 0, 1, 22.63, 2404, 63, 0, 0
112, 17, 1, 5, 0, 0, 0.10%, 0, 0, 1, 22.52, 2519, 63, 0, 0
117, 18, 1, 5, 0, 0, 0.10%, 0, 0, 1, 22.29, 2634, 63, 0, 0
122, 19, 1, 5, 0, 0, 0.10%, 0, 0, 1, 22.26, 2748, 63, 0, 0
127, 20, 1, 5, 0, 0, 0.10%, 0, 0, 1, 22.43, 2863, 63, 0, 0
132, 20, 1, 5, 0, 0, 0.10%, 0, 0, 1, 22.00, 2973, 63, 0, 0
138, 21, 1, 5, 0, 0, 0.10%, 0, 0, 1, 22.30, 3088, 63, 0, 0
143, 22, 1, 5, 0, 0, 0.10%, 0, 0, 1, 22.54, 3203, 63, 0, 0
148, 23, 1, 5, 0, 0, 0.10%, 0, 0, 1, 22.32, 3318, 63, 0, 0
153, 24, 1, 5, 0, 0, 0.10%, 0, 0, 1, 22.38, 3433, 63, 0, 0
158, 25, 1, 5, 0, 0, 0.10%, 0, 0, 1, 22.41, 3548, 63, 0, 0
163, 25, 1, 5, 0, 0, 0.10%, 0, 0, 1, 22.49, 3663, 63, 0, 0
168, 26, 1, 5, 0, 0, 0.10%, 0, 0, 1, 22.00, 3773, 63, 0, 0
173, 27, 1, 5, 0, 0, 0.10%, 0, 0, 1, 21.84, 3883, 63, 0, 0
178, 28, 1, 5, 0, 0, 0.10%, 0, 0, 1, 21.96, 3993, 63, 0, 0
183, 29, 1, 5, 0, 0, 0.10%, 0, 0, 1, 21.85, 4103, 63, 0, 0
189, 29, 1, 5, 0, 0, 0.10%, 0, 0, 1, 22.07, 4218, 63, 0, 0
194, 30, 1, 5, 0, 0, 0.10%, 0, 0, 1, 22.18, 4333, 63, 0, 0
199, 31, 1, 5, 0, 0, 0.10%, 0, 0, 1, 22.31, 4448, 63, 0, 0
204, 32, 1, 5, 0, 0, 0.10%, 0, 0, 1, 22.37, 4563, 63, 0, 0
209, 33, 1, 5, 0, 0, 0.10%, 0, 0, 1, 22.04, 4673, 63, 0, 0
214, 33, 1, 5, 0, 0, 0.10%, 0, 0, 1, 22.32, 4788, 63, 0, 0
219, 34, 1, 5, 0, 0, 0.10%, 0, 0, 1, 22.37, 4903, 63, 0, 0
225, 35, 1, 5, 0, 0, 0.10%, 0, 0, 1, 22.38, 5018, 63, 0, 0
230, 36, 1, 5, 0, 0, 0.10%, 0, 0, 1, 22.33, 5133, 63, 0, 0
235, 37, 1, 5, 0, 0, 0.10%, 0, 0, 1, 22.25, 5248, 63, 0, 0
240, 38, 1, 5, 0, 0, 0.10%, 0, 0, 1, 22.12, 5363, 63, 0, 0
245, 38, 1, 5, 0, 0, 0.10%, 0, 0, 1, 22.37, 5478, 63, 0, 0
250, 39, 1, 5, 0, 0, 0.10%, 0, 0, 1, 22.42, 5593, 63, 0, 0
255, 40, 1, 5, 0, 0, 0.10%, 0, 0, 1, 22.09, 5708, 63, 0, 0
261, 41, 1, 5, 0, 0, 0.10%, 0, 0, 1, 21.78, 5818, 63, 0, 0
266, 42, 1, 5, 0, 0, 0.10%, 0, 0, 1, 21.68, 5928, 63, 0, 0
271, 42, 1, 5, 0, 0, 0.10%, 0, 0, 1, 21.64, 6038, 63, 0, 0
276, 43, 1, 5, 0, 0, 0.10%, 0, 0, 1, 21.66, 6148, 63, 0, 0
281, 44, 1, 5, 0, 0, 0.10%, 0, 0, 1, 22.05, 6263, 63, 0, 0
286, 45, 1, 5, 0, 0, 0.10%, 0, 0, 1, 22.39, 6378, 63, 0, 0
291, 46, 1, 5, 0, 0, 0.10%, 0, 0, 1, 22.45, 6493, 63, 0, 0
296, 46, 1, 5, 0, 0, 0.10%, 0, 0, 1, 22.41, 6608, 63, 0, 0
301, 47, 1, 5, 0, 0, 0.10%, 0, 0, 1, 21.83, 6718, 63, 0, 0
306, 48, 1, 5, 0, 0, 0.10%, 0, 0, 1, 21.80, 6828, 63, 0, 0
312, 49, 1, 5, 0, 0, 0.10%, 0, 0, 1, 21.79, 6938, 63, 0, 0
317, 50, 1, 5, 0, 0, 0.10%, 0, 0, 1, 22.19, 7053, 63, 0, 0
322, 50, 1, 5, 0, 0, 0.10%, 0, 0, 1, 22.27, 7168, 63, 0, 0
327, 51, 1, 5, 0, 0, 0.10%, 0, 0, 1, 22.18, 7283, 63, 0, 0
332, 52, 1, 5, 0, 0, 0.10%, 0, 0, 1, 21.82, 7393, 63, 0, 0
337, 53, 1, 5, 0, 0, 0.10%, 0, 0, 1, 21.69, 7503, 63, 0, 0
342, 54, 1, 5, 0, 0, 0.10%, 0, 0, 1, 21.54, 7613, 63, 0, 0
347, 54, 1, 5, 0, 0, 0.10%, 0, 0, 1, 21.77, 7723, 63, 0, 0
353, 55, 1, 5, 0, 0, 0.10%, 0, 0, 1, 22.23, 7838, 63, 0, 0
358, 56, 1, 5, 0, 0, 0.10%, 0, 0, 1, 21.88, 7948, 63, 0, 0
363, 57, 1, 5, 0, 0, 0.10%, 0, 0, 1, 21.96, 8058, 63, 0, 0
368, 58, 1, 5, 0, 0, 0.10%, 0, 0, 1, 22.10, 8173, 63, 0, 0
373, 58, 1, 5, 0, 0, 0.10%, 0, 0, 1, 22.32, 8288, 63, 0, 0
378, 59, 1, 5, 0, 0, 0.10%, 0, 0, 1, 22.32, 8403, 63, 0, 0
383, 60, 1, 5, 0, 0, 0.10%, 0, 0, 1, 21.87, 8513, 63, 0, 0
388, 61, 1, 5, 0, 0, 0.10%, 0, 0, 1, 22.27, 8628, 63, 0, 0
393, 62, 1, 5, 0, 0, 0.10%, 0, 0, 1, 22.17, 8743, 63, 0, 0
399, 63, 1, 5, 0, 0, 0.10%, 0, 0, 1, 22.39, 8858, 63, 0, 0
404, 63, 1, 5, 0, 0, 0.10%, 0, 0, 1, 21.85, 8968, 63, 0, 0
409, 64, 1, 5, 0, 0, 0.10%, 0, 0, 1, 21.69, 9078, 63, 0, 0
414, 65, 1, 5, 0, 0, 0.10%, 0, 0, 1, 21.62, 9188, 63, 0, 0
419, 66, 1, 5, 0, 0, 0.10%, 0, 0, 1, 22.10, 9303, 63, 0, 0
424, 66, 1, 5, 0, 0, 0.10%, 0, 0, 1, 21.75, 9413, 63, 0, 0
429, 67, 1, 5, 0, 0, 0.10%, 0, 0, 1, 21.88, 9528, 63, 0, 0
434, 68, 1, 5, 0, 0, 0.10%, 0, 0, 1, 21.78, 9638, 63, 0, 0
440, 69, 1, 5, 0, 0, 0.10%, 0, 0, 1, 22.13, 9753, 63, 0, 0
445, 70, 1, 5, 0, 0, 0.10%, 0, 0, 1, 22.11, 9867, 63, 0, 0
450, 70, 1, 5, 0, 0, 0.10%, 0, 0, 1, 21.69, 9977, 63, 0, 0
455, 71, 1, 5, 0, 0, 0.10%, 0, 0, 1, 21.68, 10087, 63, 0, 0
460, 72, 1, 5, 0, 0, 0.10%, 0, 0, 1, 21.80, 10197, 63, 0, 0
465, 73, 1, 5, 0, 0, 0.10%, 0, 0, 1, 21.83, 10307, 63, 0, 0
470, 74, 1, 5, 0, 0, 0.10%, 0, 0, 1, 21.86, 10417, 63, 0, 0
475, 74, 1, 5, 0, 0, 0.10%, 0, 0, 1, 21.75, 10527, 63, 0, 0
480, 75, 1, 5, 0, 0, 0.10%, 0, 0, 1, 20.90, 10634, 63, 0, 0
485, 76, 1, 5, 0, 0, 0.10%, 0, 0, 1, 20.89, 10738, 63, 0, 0
490, 77, 1, 5, 0, 0, 0.10%, 0, 0, 1, 21.71, 10848, 63, 0, 0
495, 78, 1, 5, 0, 0, 0.10%, 0, 0, 1, 22.30, 10963, 63, 0, 0
500, 78, 1, 5, 0, 0, 0.10%, 0, 0, 1, 22.31, 11078, 63, 0, 0
506, 79, 1, 5, 0, 0, 0.10%, 0, 0, 1, 22.23, 11193, 63, 0, 0
511, 80, 1, 5, 0, 0, 0.10%, 0, 0, 1, 21.98, 11308, 63, 0, 0
516, 81, 1, 5, 0, 0, 0.10%, 0, 0, 1, 21.81, 11418, 63, 0, 0
521, 82, 1, 5, 0, 0, 0.10%, 0, 0, 1, 21.66, 11528, 63, 0, 0
526, 82, 1, 5, 0, 0, 0.10%, 0, 0, 1, 21.67, 11638, 63, 0, 0
531, 83, 1, 5, 0, 0, 0.10%, 0, 0, 1, 21.78, 11748, 63, 0, 0
536, 84, 1, 5, 0, 0, 0.10%, 0, 0, 1, 21.80, 11858, 63, 0, 0
541, 85, 1, 5, 0, 0, 0.10%, 0, 0, 1, 21.77, 11968, 63, 0, 0
546, 86, 1, 5, 0, 0, 0.10%, 0, 0, 1, 21.62, 12078, 63, 0, 0
551, 86, 1, 5, 0, 0, 0.10%, 0, 0, 1, 21.69, 12188, 63, 0, 0
556, 87, 1, 5, 0, 0, 0.10%, 0, 0, 1, 21.76, 12298, 63, 0, 0
562, 88, 1, 5, 0, 0, 0.10%, 0, 0, 1, 22.28, 12413, 63, 0, 0
567, 89, 1, 5, 0, 0, 0.10%, 0, 0, 1, 22.14, 12528, 63, 0, 0
572, 90, 1, 5, 0, 0, 0.10%, 0, 0, 1, 22.10, 12643, 63, 0, 0
577, 90, 1, 5, 0, 0, 0.10%, 0, 0, 1, 22.14, 12758, 63, 0, 0
582, 91, 1, 5, 0, 0, 0.10%, 0, 0, 1, 20.41, 12863, 63, 0, 0
588, 92, 1, 5, 0, 0, 0.10%, 0, 0, 1, 20.13, 12968, 63, 0, 0
593, 93, 1, 5, 0, 0, 0.10%, 0, 0, 1, 21.46, 13078, 63, 0, 0
598, 93, 1, 5, 0, 0, 0.10%, 0, 0, 1, 21.84, 13188, 63, 0, 0
603, 94, 1, 5, 0, 0, 0.10%, 0, 0, 1, 22.38, 13303, 63, 0, 0
608, 95, 1, 5, 0, 0, 0.10%, 0, 0, 1, 22.60, 13418, 63, 0, 0
613, 96, 1, 5, 0, 0, 0.10%, 0, 0, 1, 21.90, 13531, 63, 0, 0
618, 97, 1, 5, 0, 0, 0.10%, 0, 0, 1, 21.54, 13641, 63, 0, 0
623, 97, 1, 5, 0, 0, 0.10%, 0, 0, 1, 21.53, 13751, 63, 0, 0
629, 98, 1, 5, 0, 0, 0.10%, 0, 0, 1, 21.63, 13861, 63, 0, 0
634, 99, 1, 5, 0, 0, 0.10%, 0, 0, 1, 21.80, 13971, 63, 0, 0
639, 100, 1, 5, 0, 0, 0.10%, 0, 0, 1, 21.58, 14081, 63, 0, 0
644, 101, 1, 5, 0, 0, 0.10%, 0, 0, 1, 21.51, 14191, 63, 0, 0
649, 101, 1, 5, 0, 0, 0.10%, 0, 0, 1, 21.81, 14301, 63, 0, 0
654, 102, 1, 5, 0, 0, 0.10%, 0, 0, 1, 20.99, 14410, 63, 0, 0
659, 103, 1, 5, 0, 0, 0.10%, 0, 0, 1, 22.19, 14525, 63, 0, 0
664, 104, 1, 5, 0, 0, 0.10%, 0, 0, 1, 22.15, 14640, 63, 0, 0
669, 105, 1, 5, 0, 0, 0.10%, 0, 0, 1, 22.14, 14755, 63, 0, 0
675, 105, 1, 5, 0, 0, 0.10%, 0, 0, 1, 22.09, 14870, 63, 0, 0
680, 106, 1, 5, 0, 0, 0.10%, 0, 0, 1, 22.04, 14980, 63, 0, 0
685, 107, 1, 5, 0, 0, 0.10%, 0, 0, 1, 22.35, 15095, 63, 0, 0
690, 108, 1, 5, 0, 0, 0.10%, 0, 0, 1, 22.39, 15210, 63, 0, 0
695, 109, 1, 5, 0, 0, 0.10%, 0, 0, 1, 22.48, 15325, 63, 0, 0
700, 110, 1, 5, 0, 0, 0.10%, 0, 0, 1, 22.34, 15440, 63, 0, 0
705, 110, 1, 5, 0, 0, 0.10%, 0, 0, 1, 21.83, 15550, 63, 0, 0
710, 111, 1, 5, 0, 0, 0.10%, 0, 0, 1, 22.27, 15665, 63, 0, 0
716, 112, 1, 5, 0, 0, 0.10%, 0, 0, 1, 22.37, 15780, 63, 0, 0
721, 113, 1, 5, 0, 0, 0.10%, 0, 0, 1, 22.28, 15895, 63, 0, 0
726, 114, 1, 5, 0, 0, 0.10%, 0, 0, 1, 22.54, 16010, 63, 0, 0
731, 114, 1, 5, 0, 0, 0.10%, 0, 0, 1, 22.37, 16125, 63, 0, 0
736, 115, 1, 5, 0, 0, 0.10%, 0, 0, 1, 22.35, 16240, 63, 0, 0
741, 116, 1, 5, 0, 0, 0.10%, 0, 0, 1, 22.41, 16355, 63, 0, 0
746, 117, 1, 5, 0, 0, 0.10%, 0, 0, 1, 22.48, 16470, 63, 0, 0
751, 118, 1, 5, 0, 0, 0.10%, 0, 0, 1, 22.53, 16585, 63, 0, 0
757, 118, 1, 5, 0, 0, 0.10%, 0, 0, 1, 21.97, 16695, 63, 0, 0
762, 119, 1, 5, 0, 0, 0.10%, 0, 0, 1, 22.06, 16810, 63, 0, 0
767, 120, 1, 5, 0, 0, 0.10%, 0, 0, 1, 22.03, 16925, 63, 0, 0
772, 121, 1, 5, 0, 0, 0.10%, 0, 0, 1, 21.72, 17035, 63, 0, 0
777, 122, 1, 5, 0, 0, 0.10%, 0, 0, 1, 21.50, 17145, 63, 0, 0
782, 122, 1, 5, 0, 0, 0.10%, 0, 0, 1, 21.48, 17255, 63, 0, 0
787, 123, 1, 5, 0, 0, 0.10%, 0, 0, 1, 21.56, 17365, 63, 0, 0
792, 124, 1, 5, 0, 0, 0.10%, 0, 0, 1, 21.71, 17475, 63, 0, 0
797, 125, 1, 5, 0, 0, 0.10%, 0, 0, 1, 21.76, 17585, 63, 0, 0
803, 126, 1, 5, 0, 0, 0.10%, 0, 0, 1, 22.12, 17700, 63, 0, 0
808, 126, 1, 5, 0, 0, 0.10%, 0, 0, 1, 22.49, 17815, 63, 0, 0
813, 127, 1, 5, 0, 0, 0.10%, 0, 0, 1, 22.55, 17930, 63, 0, 0
818, 128, 1, 5, 0, 0, 0.10%, 0, 0, 1, 22.48, 18045, 63, 0, 0
823, 129, 1, 5, 0, 0, 0.10%, 0, 0, 1, 22.57, 18160, 63, 0, 0
828, 130, 1, 5, 0, 0, 0.10%, 0, 0, 1, 22.17, 18275, 63, 0, 0
833, 131, 1, 5, 0, 0, 0.10%, 0, 0, 1, 21.79, 18385, 63, 0, 0
838, 131, 1, 5, 0, 0, 0.10%, 0, 0, 1, 21.75, 18495, 63, 0, 0
844, 132, 1, 5, 0, 0, 0.10%, 0, 0, 1, 22.35, 18610, 63, 0, 0
849, 133, 1, 5, 0, 0, 0.10%, 0, 0, 1, 22.54, 18725, 63, 0, 0
854, 134, 1, 5, 0, 0, 0.10%, 0, 0, 1, 22.47, 18840, 63, 0, 0
859, 135, 1, 5, 0, 0, 0.10%, 0, 0, 1, 22.57, 18955, 63, 0, 0
864, 135, 1, 5, 0, 0, 0.10%, 0, 0, 1, 22.39, 19070, 63, 0, 0
869, 136, 1, 5, 0, 0, 0.10%, 0, 0, 1, 22.27, 19185, 63, 0, 0
874, 137, 1, 5, 0, 0, 0.10%, 0, 0, 1, 22.18, 19300, 63, 0, 0
879, 138, 1, 5, 0, 0, 0.10%, 0, 0, 1, 22.30, 19415, 63, 0, 0
885, 139, 1, 5, 0, 0, 0.10%, 0, 0, 1, 22.08, 19530, 63, 0, 0
890, 140, 1, 5, 0, 0, 0.10%, 0, 0, 1, 21.67, 19640, 63, 0, 0
895, 140, 1, 5, 0, 0, 0.10%, 0, 0, 1, 21.41, 19751, 63, 0, 0
897, 141, 1, 5, 0, 0, 0.10%, 0, 0, 1, 0.00, 19786, 63, 0, 0
