# relative_time, cycles_done, cur_item, corpus_count, pending_total, pending_favs, map_size, saved_crashes, saved_hangs, max_depth, execs_per_sec, total_execs, edges_found, total_crashes, servers_count
61, 4, 1, 5, 0, 0, 0.24%, 1, 0, 1, 9.49, 618, 157, 225, 0
66, 4, 1, 5, 0, 0, 0.24%, 1, 0, 1, 7.96, 656, 157, 246, 0
71, 4, 1, 5, 0, 0, 0.24%, 1, 0, 1, 7.63, 696, 157, 267, 0
76, 5, 1, 5, 0, 0, 0.24%, 1, 0, 1, 7.10, 739, 157, 287, 0
82, 5, 1, 5, 0, 0, 0.24%, 1, 0, 1, 7.62, 785, 157, 307, 0
87, 5, 1, 5, 0, 0, 0.24%, 1, 0, 1, 6.40, 817, 157, 330, 0
92, 5, 1, 5, 0, 0, 0.24%, 1, 0, 1, 6.61, 854, 157, 351, 0
97, 6, 1, 5, 0, 0, 0.24%, 1, 0, 1, 8.21, 900, 157, 371, 0
102, 6, 1, 5, 0, 0, 0.24%, 1, 0, 1, 8.06, 942, 157, 392, 0
107, 6, 1, 5, 0, 0, 0.24%, 1, 0, 1, 7.67, 986, 157, 412, 0
112, 7, 1, 5, 0, 0, 0.24%, 1, 0, 1, 8.76, 1036, 157, 430, 0
118, 7, 1, 5, 0, 0, 0.24%, 1, 0, 1, 8.24, 1080, 157, 449, 0
123, 7, 1, 5, 0, 0, 0.24%, 1, 0, 1, 6.88, 1115, 157, 470, 0
128, 8, 1, 5, 0, 0, 0.24%, 1, 0, 1, 9.15, 1161, 157, 488, 0
133, 8, 1, 5, 0, 0, 0.24%, 1, 0, 1, 9.97, 1219, 157, 505, 0
138, 8, 1, 5, 0, 0, 0.24%, 1, 0, 1, 9.31, 1263, 157, 525, 0
143, 9, 1, 5, 0, 0, 0.24%, 1, 0, 1, 8.83, 1316, 157, 544, 0
149, 9, 1, 5, 0, 0, 0.24%, 1, 0, 1, 7.35, 1356, 157, 565, 0
154, 9, 1, 5, 0, 0, 0.24%, 1, 0, 1, 5.78, 1386, 157, 587, 0
159, 10, 1, 5, 0, 0, 0.24%, 1, 0, 1, 7.64, 1432, 157, 605, 0
164, 10, 1, 5, 0, 0, 0.24%, 1, 0, 1, 6.35, 1469, 157, 626, 0
169, 10, 1, 5, 0, 0, 0.24%, 1, 0, 1, 7.03, 1507, 157, 646, 0
174, 10, 1, 5, 0, 0, 0.24%, 1, 0, 1, 6.27, 1541, 157, 666, 0
179, 11, 1, 5, 0, 0, 0.24%, 1, 0, 1, 6.36, 1574, 157, 688, 0
185, 11, 1, 5, 0, 0, 0.24%, 1, 0, 1, 7.04, 1613, 157, 709, 0
190, 11, 1, 5, 0, 0, 0.24%, 1, 0, 1, 8.29, 1660, 157, 728, 0
195, 11, 1, 5, 0, 0, 0.24%, 1, 0, 1, 7.15, 1694, 157, 749, 0
200, 12, 1, 5, 0, 0, 0.24%, 1, 0, 1, 8.23, 1741, 157, 768, 0
205, 12, 1, 5, 0, 0, 0.24%, 1, 0, 1, 9.33, 1789, 157, 788, 0
210, 12, 1, 5, 0, 0, 0.24%, 1, 0, 1, 6.59, 1821, 157, 809, 0
216, 13, 1, 5, 0, 0, 0.24%, 1, 0, 1, 7.56, 1862, 157, 829, 0
221, 13, 1, 5, 0, 0, 0.24%, 1, 0, 1, 7.38, 1903, 157, 849, 0
226, 13, 1, 5, 0, 0, 0.24%, 1, 0, 1, 7.20, 1942, 157, 869, 0
231, 13, 1, 5, 0, 0, 0.24%, 1, 0, 1, 6.80, 1980, 157, 889, 0
236, 14, 1, 5, 0, 0, 0.24%, 1, 0, 1, 6.61, 2014, 157, 909, 0
241, 14, 1, 5, 0, 0, 0.24%, 1, 0, 1, 6.20, 2045, 157, 931, 0
246, 14, 1, 5, 0, 0, 0.24%, 1, 0, 1, 6.66, 2084, 157, 952, 0
252, 15, 1, 5, 0, 0, 0.24%, 1, 0, 1, 10.40, 2141, 157, 970, 0
257, 15, 1, 5, 0, 0, 0.24%, 1, 0, 1, 8.73, 2185, 157, 990, 0
262, 15, 1, 5, 0, 0, 0.24%, 1, 0, 1, 7.20, 2222, 157, 1011, 0
267, 15, 1, 5, 0, 0, 0.24%, 1, 0, 1, 7.40, 2262, 157, 1031, 0
272, 16, 1, 5, 0, 0, 0.24%, 1, 0, 1, 7.27, 2299, 157, 1051, 0
277, 16, 1, 5, 0, 0, 0.24%, 1, 0, 1, 7.44, 2341, 157, 1071, 0
283, 16, 1, 5, 0, 0, 0.24%, 1, 0, 1, 7.60, 2381, 157, 1091, 0
288, 17, 1, 5, 0, 0, 0.24%, 1, 0, 1, 6.82, 2419, 157, 1111, 0
293, 17, 1, 5, 0, 0, 0.24%, 1, 0, 1, 8.24, 2462, 157, 1132, 0
298, 17, 1, 5, 0, 0, 0.24%, 1, 0, 1, 8.77, 2510, 157, 1150, 0
303, 18, 1, 5, 0, 0, 0.24%, 1, 0, 1, 7.94, 2553, 157, 1169, 0
308, 18, 1, 5, 0, 0, 0.24%, 1, 0, 1, 7.41, 2594, 157, 1189, 0
313, 18, 1, 5, 0, 0, 0.24%, 1, 0, 1, 8.60, 2649, 157, 1206, 0
318, 19, 1, 5, 0, 0, 0.24%, 1, 0, 1, 8.14, 2694, 157, 1225, 0
324, 19, 1, 5, 0, 0, 0.24%, 1, 0, 1, 6.92, 2729, 157, 1246, 0
329, 19, 1, 5, 0, 0, 0.24%, 1, 0, 1, 7.03, 2768, 157, 1266, 0
334, 19, 1, 5, 0, 0, 0.24%, 1, 0, 1, 6.26, 2800, 157, 1287, 0
339, 20, 1, 5, 0, 0, 0.24%, 1, 0, 1, 8.51, 2852, 157, 1306, 0
344, 20, 1, 5, 0, 0, 0.24%, 1, 0, 1, 7.32, 2887, 157, 1326, 0
349, 20, 1, 5, 0, 0, 0.24%, 1, 0, 1, 8.71, 2931, 157, 1344, 0
354, 21, 1, 5, 0, 0, 0.24%, 1, 0, 1, 8.26, 2975, 157, 1363, 0
360, 21, 1, 5, 0, 0, 0.24%, 1, 0, 1, 8.91, 3021, 157, 1381, 0
365, 21, 1, 5, 0, 0, 0.24%, 1, 0, 1, 7.47, 3059, 157, 1401, 0
370, 21, 1, 5, 0, 0, 0.24%, 1, 0, 1, 8.84, 3105, 157, 1419, 0
375, 22, 1, 5, 0, 0, 0.24%, 1, 0, 1, 8.07, 3148, 157, 1438, 0
380, 22, 1, 5, 0, 0, 0.24%, 1, 0, 1, 7.51, 3189, 157, 1458, 0
385, 22, 1, 5, 0, 0, 0.24%, 1, 0, 1, 6.88, 3227, 157, 1480, 0
390, 23, 1, 5, 0, 0, 0.24%, 1, 0, 1, 7.29, 3267, 157, 1501, 0
395, 23, 1, 5, 0, 0, 0.24%, 1, 0, 1, 7.91, 3309, 157, 1522, 0
401, 23, 1, 5, 0, 0, 0.24%, 1, 0, 1, 6.76, 3343, 157, 1544, 0
406, 24, 1, 5, 0, 0, 0.24%, 1, 0, 1, 9.32, 3396, 157, 1562, 0
411, 24, 1, 5, 0, 0, 0.24%, 1, 0, 1, 6.98, 3430, 157, 1585, 0
416, 24, 1, 5, 0, 0, 0.24%, 1, 0, 1, 8.49, 3475, 157, 1606, 0
421, 24, 1, 5, 0, 0, 0.24%, 1, 0, 1, 7.81, 3520, 157, 1627, 0
426, 25, 1, 5, 0, 0, 0.24%, 1, 0, 1, 7.48, 3558, 157, 1649, 0
431, 25, 1, 5, 0, 0, 0.24%, 1, 0, 1, 8.93, 3610, 157, 1668, 0
437, 25, 1, 5, 0, 0, 0.24%, 1, 0, 1, 7.38, 3651, 157, 1689, 0
442, 26, 1, 5, 0, 0, 0.24%, 1, 0, 1, 6.85, 3688, 157, 1710, 0
447, 26, 1, 5, 0, 0, 0.24%, 1, 0, 1, 9.35, 3742, 157, 1729, 0
452, 26, 1, 5, 0, 0, 0.24%, 1, 0, 1, 9.27, 3795, 157, 1748, 0
457, 27, 1, 5, 0, 0, 0.24%, 1, 0, 1, 9.08, 3841, 157, 1767, 0
462, 27, 1, 5, 0, 0, 0.24%, 1, 0, 1, 7.18, 3880, 157, 1787, 0
467, 27, 1, 5, 0, 0, 0.24%, 1, 0, 1, 9.63, 3927, 157, 1806, 0
473, 28, 1, 5, 0, 0, 0.24%, 1, 0, 1, 8.44, 3972, 157, 1825, 0
478, 28, 1, 5, 0, 0, 0.24%, 1, 0, 1, 9.79, 4022, 157, 1843, 0
483, 28, 1, 5, 0, 0, 0.24%, 1, 0, 1, 8.25, 4061, 157, 1863, 0
488, 29, 1, 5, 0, 0, 0.24%, 1, 0, 1, 7.88, 4101, 157, 1883, 0
493, 29, 1, 5, 0, 0, 0.24%, 1, 0, 1, 10.34, 4149, 157, 1901, 0
498, 29, 1, 5, 0, 0, 0.24%, 1, 0, 1, 7.50, 4186, 157, 1922, 0
503, 29, 1, 5, 0, 0, 0.24%, 1, 0, 1, 7.90, 4223, 157, 1942, 0
509, 30, 1, 5, 0, 0, 0.24%, 1, 0, 1, 9.91, 4276, 157, 1960, 0
514, 30, 1, 5, 0, 0, 0.24%, 1, 0, 1, 11.16, 4333, 157, 1977, 0
519, 31, 1, 5, 0, 0, 0.24%, 1, 0, 1, 8.90, 4375, 157, 1997, 0
524, 31, 1, 5, 0, 0, 0.24%, 1, 0, 1, 10.89, 4432, 157, 2014, 0
529, 31, 1, 5, 0, 0, 0.24%, 1, 0, 1, 9.08, 4474, 157, 2034, 0
534, 32, 1, 5, 0, 0, 0.24%, 1, 0, 1, 7.98, 4520, 157, 2054, 0
539, 32, 1, 5, 0, 0, 0.24%, 1, 0, 1, 6.76, 4555, 157, 2075, 0
544, 32, 1, 5, 0, 0, 0.24%, 1, 0, 1, 8.15, 4596, 157, 2095, 0
550, 32, 1, 5, 0, 0, 0.24%, 1, 0, 1, 7.39, 4641, 157, 2115, 0
555, 33, 1, 5, 0, 0, 0.24%, 1, 0, 1, 6.44, 4674, 157, 2137, 0
560, 33, 1, 5, 0, 0, 0.24%, 1, 0, 1, 5.95, 4706, 157, 2159, 0
565, 33, 1, 5, 0, 0, 0.24%, 1, 0, 1, 6.45, 4741, 157, 2180, 0
570, 33, 1, 5, 0, 0, 0.24%, 1, 0, 1, 7.33, 4782, 157, 2201, 0
575, 34, 1, 5, 0, 0, 0.24%, 1, 0, 1, 7.43, 4826, 157, 2221, 0
580, 34, 1, 5, 0, 0, 0.24%, 1, 0, 1, 7.15, 4867, 157, 2241, 0
585, 34, 1, 5, 0, 0, 0.24%, 1, 0, 1, 8.16, 4914, 157, 2261, 0
590, 35, 1, 5, 0, 0, 0.24%, 1, 0, 1, 7.23, 4955, 157, 2281, 0
596, 35, 1, 5, 0, 0, 0.24%, 1, 0, 1, 8.70, 5001, 157, 2301, 0
601, 35, 1, 5, 0, 0, 0.24%, 1, 0, 1, 7.00, 5035, 157, 2322, 0
606, 36, 1, 5, 0, 0, 0.24%, 1, 0, 1, 7.17, 5075, 157, 2342, 0
611, 36, 1, 5, 0, 0, 0.24%, 1, 0, 1, 5.86, 5102, 157, 2364, 0
616, 36, 1, 5, 0, 0, 0.24%, 1, 0, 1, 7.47, 5148, 157, 2383, 0
621, 36, 1, 5, 0, 0, 0.24%, 1, 0, 1, 9.12, 5197, 157, 2402, 0
626, 37, 1, 5, 0, 0, 0.24%, 1, 0, 1, 7.98, 5239, 157, 2423, 0
631, 37, 1, 5, 0, 0, 0.24%, 1, 0, 1, 9.30, 5285, 157, 2443, 0
637, 37, 1, 5, 0, 0, 0.24%, 1, 0, 1, 8.57, 5332, 157, 2463, 0
642, 38, 1, 5, 0, 0, 0.24%, 1, 0, 1, 6.74, 5366, 157, 2485, 0
647, 38, 1, 5, 0, 0, 0.24%, 1, 0, 1, 8.19, 5406, 157, 2505, 0
652, 38, 1, 5, 0, 0, 0.24%, 1, 0, 1, 7.70, 5446, 157, 2526, 0
657, 38, 1, 5, 0, 0, 0.24%, 1, 0, 1, 6.81, 5484, 157, 2547, 0
662, 39, 1, 5, 0, 0, 0.24%, 1, 0, 1, 8.63, 5535, 157, 2566, 0
667, 39, 1, 5, 0, 0, 0.24%, 1, 0, 1, 8.35, 5582, 157, 2586, 0
672, 40, 1, 5, 0, 0, 0.24%, 1, 0, 1, 10.05, 5637, 157, 2604, 0
677, 40, 1, 5, 0, 0, 0.24%, 1, 0, 1, 8.37, 5680, 157, 2623, 0
683, 40, 1, 5, 0, 0, 0.24%, 1, 0, 1, 8.03, 5718, 157, 2643, 0
688, 40, 1, 5, 0, 0, 0.24%, 1, 0, 1, 6.77, 5754, 157, 2663, 0
693, 41, 1, 5, 0, 0, 0.24%, 1, 0, 1, 8.60, 5800, 157, 2682, 0
698, 41, 1, 5, 0, 0, 0.24%, 1, 0, 1, 7.06, 5834, 157, 2704, 0
703, 41, 1, 5, 0, 0, 0.24%, 1, 0, 1, 6.63, 5871, 157, 2725, 0
709, 42, 1, 5, 0, 0, 0.24%, 1, 0, 1, 7.65, 5914, 157, 2745, 0
714, 42, 1, 5, 0, 0, 0.24%, 1, 0, 1, 9.04, 5962, 157, 2764, 0
719, 42, 1, 5, 0, 0, 0.24%, 1, 0, 1, 7.73, 6005, 157, 2783, 0
724, 42, 1, 5, 0, 0, 0.24%, 1, 0, 1, 7.07, 6043, 157, 2803, 0
729, 43, 1, 5, 0, 0, 0.24%, 1, 0, 1, 5.77, 6072, 157, 2824, 0
734, 43, 1, 5, 0, 0, 0.24%, 1, 0, 1, 7.54, 6116, 157, 2843, 0
739, 43, 1, 5, 0, 0, 0.24%, 1, 0, 1, 8.14, 6160, 157, 2861, 0
744, 44, 1, 5, 0, 0, 0.24%, 1, 0, 1, 10.85, 6214, 157, 2877, 0
749, 44, 1, 5, 0, 0, 0.24%, 1, 0, 1, 8.63, 6260, 157, 2895, 0
754, 44, 1, 5, 0, 0, 0.24%, 1, 0, 1, 8.31, 6306, 157, 2914, 0
759, 45, 1, 5, 0, 0, 0.24%, 1, 0, 1, 7.64, 6348, 157, 2935, 0
765, 45, 1, 5, 0, 0, 0.24%, 1, 0, 1, 7.14, 6386, 157, 2956, 0
770, 45, 1, 5, 0, 0, 0.24%, 1, 0, 1, 6.37, 6418, 157, 2977, 0
775, 45, 1, 5, 0, 0, 0.24%, 1, 0, 1, 7.72, 6459, 157, 2997, 0
780, 46, 1, 5, 0, 0, 0.24%, 1, 0, 1, 7.03, 6496, 157, 3019, 0
785, 46, 1, 5, 0, 0, 0.24%, 1, 0, 1, 7.21, 6534, 157, 3039, 0
790, 46, 1, 5, 0, 0, 0.24%, 1, 0, 1, 8.34, 6582, 157, 3057, 0
795, 47, 1, 5, 0, 0, 0.24%, 1, 0, 1, 8.09, 6624, 157, 3077, 0
801, 47, 1, 5, 0, 0, 0.24%, 1, 0, 1, 7.05, 6661, 157, 3099, 0
806, 47, 1, 5, 0, 0, 0.24%, 1, 0, 1, 5.94, 6691, 157, 3122, 0
811, 47, 1, 5, 0, 0, 0.24%, 1, 0, 1, 7.95, 6739, 157, 3142, 0
816, 48, 1, 5, 0, 0, 0.24%, 1, 0, 1, 7.20, 6775, 157, 3164, 0
821, 48, 1, 5, 0, 0, 0.24%, 1, 0, 1, 8.60, 6820, 157, 3184, 0
826, 48, 1, 5, 0, 0, 0.24%, 1, 0, 1, 8.07, 6865, 157, 3203, 0
832, 49, 1, 5, 0, 0, 0.24%, 1, 0, 1, 7.59, 6910, 157, 3222, 0
837, 49, 1, 5, 0, 0, 0.24%, 1, 0, 1, 7.83, 6951, 157, 3242, 0
842, 49, 1, 5, 0, 0, 0.24%, 1, 0, 1, 9.24, 7004, 157, 3259, 0
847, 50, 1, 5, 0, 0, 0.24%, 1, 0, 1, 9.09, 7045, 157, 3278, 0
852, 50, 1, 5, 0, 0, 0.24%, 1, 0, 1, 7.71, 7086, 157, 3297, 0
857, 50, 1, 5, 0, 0, 0.24%, 1, 0, 1, 7.22, 7123, 157, 3318, 0
862, 50, 1, 5, 0, 0, 0.24%, 1, 0, 1, 7.57, 7163, 157, 3338, 0
868, 51, 1, 5, 0, 0, 0.24%, 1, 0, 1, 9.38, 7214, 157, 3356, 0
873, 51, 1, 5, 0, 0, 0.24%, 1, 0, 1, 7.60, 7251, 157, 3376, 0
878, 51, 1, 5, 0, 0, 0.24%, 1, 0, 1, 8.27, 7294, 157, 3395, 0
883, 52, 1, 5, 0, 0, 0.24%, 1, 0, 1, 7.16, 7331, 157, 3415, 0
888, 52, 1, 5, 0, 0, 0.24%, 1, 0, 1, 13.69, 7402, 157, 3429, 0
893, 52, 1, 5, 0, 0, 0.24%, 1, 0, 1, 8.40, 7440, 157, 3449, 0
897, 53, 1, 5, 0, 0, 0.24%, 1, 0, 1, 6.92, 7464, 157, 3464, 0
