# relative_time, cycles_done, cur_item, corpus_count, pending_total, pending_favs, map_size, saved_crashes, saved_hangs, max_depth, execs_per_sec, total_execs, edges_found, total_crashes, servers_count
61, 3, 1, 5, 0, 0, 0.24%, 1, 0, 1, 10.03, 586, 159, 231, 0
66, 4, 1, 5, 0, 0, 0.24%, 1, 0, 1, 8.38, 626, 159, 252, 0
71, 4, 1, 5, 0, 0, 0.24%, 1, 0, 1, 7.81, 669, 159, 273, 0
76, 4, 1, 5, 0, 0, 0.24%, 1, 0, 1, 6.60, 704, 159, 295, 0
82, 5, 1, 5, 0, 0, 0.24%, 1, 0, 1, 7.44, 746, 159, 315, 0
87, 5, 1, 5, 0, 0, 0.24%, 1, 0, 1, 6.23, 781, 159, 336, 0
92, 5, 1, 5, 0, 0, 0.24%, 1, 0, 1, 6.17, 814, 159, 357, 0
97, 5, 1, 5, 0, 0, 0.24%, 1, 0, 1, 6.33, 846, 159, 378, 0
102, 6, 1, 5, 0, 0, 0.24%, 1, 0, 1, 7.66, 891, 159, 398, 0
107, 6, 1, 5, 0, 0, 0.24%, 1, 0, 1, 8.12, 937, 159, 418, 0
112, 6, 1, 5, 0, 0, 0.24%, 1, 0, 1, 10.07, 989, 159, 436, 0
117, 7, 1, 5, 0, 0, 0.24%, 1, 0, 1, 9.50, 1034, 159, 456, 0
122, 7, 1, 5, 0, 0, 0.24%, 1, 0, 1, 9.30, 1079, 159, 476, 0
128, 7, 1, 5, 0, 0, 0.24%, 1, 0, 1, 7.63, 1116, 159, 497, 0
133, 8, 1, 5, 0, 0, 0.24%, 1, 0, 1, 10.39, 1172, 159, 514, 0
138, 8, 1, 5, 0, 0, 0.24%, 1, 0, 1, 7.78, 1210, 159, 535, 0
143, 8, 1, 5, 0, 0, 0.24%, 1, 0, 1, 8.23, 1261, 159, 553, 0
148, 9, 1, 5, 0, 0, 0.24%, 1, 0, 1, 7.35, 1301, 159, 573, 0
153, 9, 1, 5, 0, 0, 0.24%, 1, 0, 1, 9.16, 1349, 159, 592, 0
158, 9, 1, 5, 0, 0, 0.24%, 1, 0, 1, 7.40, 1390, 159, 613, 0
163, 10, 1, 5, 0, 0, 0.24%, 1, 0, 1, 8.33, 1441, 159, 632, 0
169, 10, 1, 5, 0, 0, 0.24%, 1, 0, 1, 8.16, 1482, 159, 653, 0
174, 10, 1, 5, 0, 0, 0.24%, 1, 0, 1, 6.64, 1518, 159, 674, 0
179, 10, 1, 5, 0, 0, 0.24%, 1, 0, 1, 6.16, 1549, 159, 695, 0
184, 11, 1, 5, 0, 0, 0.24%, 1, 0, 1, 7.01, 1584, 159, 716, 0
189, 11, 1, 5, 0, 0, 0.24%, 1, 0, 1, 8.86, 1635, 159, 735, 0
194, 11, 1, 5, 0, 0, 0.24%, 1, 0, 1, 7.47, 1677, 159, 756, 0
199, 12, 1, 5, 0, 0, 0.24%, 1, 0, 1, 7.14, 1712, 159, 778, 0
204, 12, 1, 5, 0, 0, 0.24%, 1, 0, 1, 8.62, 1762, 159, 797, 0
210, 12, 1, 5, 0, 0, 0.24%, 1, 0, 1, 7.33, 1800, 159, 819, 0
215, 13, 1, 5, 0, 0, 0.24%, 1, 0, 1, 9.87, 1852, 159, 838, 0
220, 13, 1, 5, 0, 0, 0.24%, 1, 0, 1, 10.83, 1912, 159, 855, 0
225, 13, 1, 5, 0, 0, 0.24%, 1, 0, 1, 7.92, 1948, 159, 877, 0
230, 14, 1, 5, 0, 0, 0.24%, 1, 0, 1, 9.27, 2000, 159, 895, 0
235, 14, 1, 5, 0, 0, 0.24%, 1, 0, 1, 7.75, 2039, 159, 916, 0
241, 14, 1, 5, 0, 0, 0.24%, 1, 0, 1, 7.40, 2076, 159, 938, 0
246, 14, 1, 5, 0, 0, 0.24%, 1, 0, 1, 7.19, 2113, 159, 960, 0
251, 15, 1, 5, 0, 0, 0.24%, 1, 0, 1, 8.14, 2158, 159, 980, 0
256, 15, 1, 5, 0, 0, 0.24%, 1, 0, 1, 7.20, 2191, 159, 1002, 0
261, 15, 1, 5, 0, 0, 0.24%, 1, 0, 1, 7.68, 2239, 159, 1021, 0
266, 16, 1, 5, 0, 0, 0.24%, 1, 0, 1, 7.05, 2278, 159, 1042, 0
272, 16, 1, 5, 0, 0, 0.24%, 1, 0, 1, 6.24, 2313, 159, 1064, 0
277, 16, 1, 5, 0, 0, 0.24%, 1, 0, 1, 8.41, 2362, 159, 1083, 0
282, 16, 1, 5, 0, 0, 0.24%, 1, 0, 1, 8.11, 2410, 159, 1102, 0
287, 17, 1, 5, 0, 0, 0.24%, 1, 0, 1, 9.83, 2471, 159, 1119, 0
292, 17, 1, 5, 0, 0, 0.24%, 1, 0, 1, 8.21, 2517, 159, 1139, 0
298, 18, 1, 5, 0, 0, 0.24%, 1, 0, 1, 7.63, 2559, 159, 1161, 0
303, 18, 1, 5, 0, 0, 0.24%, 1, 0, 1, 6.30, 2588, 159, 1184, 0
308, 18, 1, 5, 0, 0, 0.24%, 1, 0, 1, 7.10, 2628, 159, 1205, 0
313, 18, 1, 5, 0, 0, 0.24%, 1, 0, 1, 9.46, 2685, 159, 1223, 0
318, 19, 1, 5, 0, 0, 0.24%, 1, 0, 1, 8.23, 2731, 159, 1242, 0
323, 19, 1, 5, 0, 0, 0.24%, 1, 0, 1, 7.70, 2772, 159, 1264, 0
329, 19, 1, 5, 0, 0, 0.24%, 1, 0, 1, 9.09, 2824, 159, 1283, 0
334, 20, 1, 5, 0, 0, 0.24%, 1, 0, 1, 6.83, 2854, 159, 1305, 0
339, 20, 1, 5, 0, 0, 0.24%, 1, 0, 1, 7.79, 2900, 159, 1324, 0
344, 20, 1, 5, 0, 0, 0.24%, 1, 0, 1, 7.35, 2941, 159, 1344, 0
349, 20, 1, 5, 0, 0, 0.24%, 1, 0, 1, 5.53, 2968, 159, 1367, 0
354, 21, 1, 5, 0, 0, 0.24%, 1, 0, 1, 7.68, 3016, 159, 1385, 0
359, 21, 1, 5, 0, 0, 0.24%, 1, 0, 1, 6.23, 3047, 159, 1407, 0
364, 21, 1, 5, 0, 0, 0.24%, 1, 0, 1, 8.48, 3092, 159, 1427, 0
369, 22, 1, 5, 0, 0, 0.24%, 1, 0, 1, 9.39, 3138, 159, 1447, 0
375, 22, 1, 5, 0, 0, 0.24%, 1, 0, 1, 7.80, 3181, 159, 1467, 0
380, 22, 1, 5, 0, 0, 0.24%, 1, 0, 1, 6.61, 3214, 159, 1490, 0
385, 23, 1, 5, 0, 0, 0.24%, 1, 0, 1, 6.95, 3254, 159, 1510, 0
390, 23, 1, 5, 0, 0, 0.24%, 1, 0, 1, 6.58, 3288, 159, 1531, 0
395, 23, 1, 5, 0, 0, 0.24%, 1, 0, 1, 6.31, 3322, 159, 1552, 0
400, 23, 1, 5, 0, 0, 0.24%, 1, 0, 1, 9.02, 3375, 159, 1570, 0
405, 24, 1, 5, 0, 0, 0.24%, 1, 0, 1, 11.67, 3442, 159, 1586, 0
410, 24, 1, 5, 0, 0, 0.24%, 1, 0, 1, 8.18, 3479, 159, 1607, 0
415, 24, 1, 5, 0, 0, 0.24%, 1, 0, 1, 7.81, 3519, 159, 1627, 0
421, 25, 1, 5, 0, 0, 0.24%, 1, 0, 1, 7.37, 3559, 159, 1647, 0
426, 25, 1, 5, 0, 0, 0.24%, 1, 0, 1, 7.23, 3596, 159, 1668, 0
431, 25, 1, 5, 0, 0, 0.24%, 1, 0, 1, 6.99, 3635, 159, 1689, 0
436, 26, 1, 5, 0, 0, 0.24%, 1, 0, 1, 9.20, 3685, 159, 1707, 0
441, 26, 1, 5, 0, 0, 0.24%, 1, 0, 1, 7.86, 3726, 159, 1727, 0
446, 26, 1, 5, 0, 0, 0.24%, 1, 0, 1, 8.41, 3776, 159, 1746, 0
451, 27, 1, 5, 0, 0, 0.24%, 1, 0, 1, 7.59, 3816, 159, 1767, 0
456, 27, 1, 5, 0, 0, 0.24%, 1, 0, 1, 7.39, 3854, 159, 1788, 0
461, 27, 1, 5, 0, 0, 0.24%, 1, 0, 1, 9.67, 3908, 159, 1806, 0
467, 28, 1, 5, 0, 0, 0.24%, 1, 0, 1, 9.35, 3957, 159, 1826, 0
472, 28, 1, 5, 0, 0, 0.24%, 1, 0, 1, 9.28, 4001, 159, 1846, 0
477, 28, 1, 5, 0, 0, 0.24%, 1, 0, 1, 8.21, 4047, 159, 1866, 0
482, 29, 1, 5, 0, 0, 0.24%, 1, 0, 1, 8.83, 4092, 159, 1886, 0
487, 29, 1, 5, 0, 0, 0.24%, 1, 0, 1, 6.90, 4128, 159, 1907, 0
492, 29, 1, 5, 0, 0, 0.24%, 1, 0, 1, 6.69, 4167, 159, 1928, 0
497, 29, 1, 5, 0, 0, 0.24%, 1, 0, 1, 7.98, 4214, 159, 1948, 0
502, 30, 1, 5, 0, 0, 0.24%, 1, 0, 1, 8.85, 4264, 159, 1967, 0
508, 30, 1, 5, 0, 0, 0.24%, 1, 0, 1, 9.71, 4316, 159, 1985, 0
513, 30, 1, 5, 0, 0, 0.24%, 1, 0, 1, 7.80, 4355, 159, 2006, 0
518, 31, 1, 5, 0, 0, 0.24%, 1, 0, 1, 6.46, 4390, 159, 2028, 0
523, 31, 1, 5, 0, 0, 0.24%, 1, 0, 1, 7.67, 4433, 159, 2048, 0
528, 31, 1, 5, 0, 0, 0.24%, 1, 0, 1, 7.50, 4475, 159, 2069, 0
533, 32, 1, 5, 0, 0, 0.24%, 1, 0, 1, 7.28, 4514, 159, 2090, 0
539, 32, 1, 5, 0, 0, 0.24%, 1, 0, 1, 6.82, 4547, 159, 2111, 0
544, 32, 1, 5, 0, 0, 0.24%, 1, 0, 1, 6.94, 4586, 159, 2131, 0
549, 32, 1, 5, 0, 0, 0.24%, 1, 0, 1, 7.45, 4629, 159, 2150, 0
554, 33, 1, 5, 0, 0, 0.24%, 1, 0, 1, 7.84, 4671, 159, 2170, 0
559, 33, 1, 5, 0, 0, 0.24%, 1, 0, 1, 7.91, 4718, 159, 2189, 0
564, 33, 1, 5, 0, 0, 0.24%, 1, 0, 1, 7.44, 4760, 159, 2209, 0
569, 34, 1, 5, 0, 0, 0.24%, 1, 0, 1, 6.34, 4793, 159, 2231, 0
574, 34, 1, 5, 0, 0, 0.24%, 1, 0, 1, 7.26, 4834, 159, 2251, 0
579, 34, 1, 5, 0, 0, 0.24%, 1, 0, 1, 7.93, 4880, 159, 2270, 0
585, 34, 1, 5, 0, 0, 0.24%, 1, 0, 1, 7.33, 4921, 159, 2290, 0
590, 35, 1, 5, 0, 0, 0.24%, 1, 0, 1, 8.02, 4966, 159, 2309, 0
595, 35, 1, 5, 0, 0, 0.24%, 1, 0, 1, 8.03, 5011, 159, 2329, 0
600, 35, 1, 5, 0, 0, 0.24%, 1, 0, 1, 6.93, 5050, 159, 2350, 0
605, 36, 1, 5, 0, 0, 0.24%, 1, 0, 1, 6.55, 5084, 159, 2372, 0
610, 36, 1, 5, 0, 0, 0.24%, 1, 0, 1, 8.59, 5135, 159, 2390, 0
615, 36, 1, 5, 0, 0, 0.24%, 1, 0, 1, 7.00, 5170, 159, 2411, 0
620, 36, 1, 5, 0, 0, 0.24%, 1, 0, 1, 6.81, 5205, 159, 2432, 0
625, 37, 1, 5, 0, 0, 0.24%, 1, 0, 1, 7.08, 5243, 159, 2453, 0
631, 37, 1, 5, 0, 0, 0.24%, 1, 0, 1, 7.97, 5290, 159, 2474, 0
636, 37, 1, 5, 0, 0, 0.24%, 1, 0, 1, 7.62, 5335, 159, 2494, 0
641, 38, 1, 5, 0, 0, 0.24%, 1, 0, 1, 6.98, 5371, 159, 2515, 0
646, 38, 1, 5, 0, 0, 0.24%, 1, 0, 1, 7.58, 5414, 159, 2535, 0
651, 38, 1, 5, 0, 0, 0.24%, 1, 0, 1, 7.80, 5456, 159, 2554, 0
656, 39, 1, 5, 0, 0, 0.24%, 1, 0, 1, 8.51, 5502, 159, 2573, 0
661, 39, 1, 5, 0, 0, 0.24%, 1, 0, 1, 8.04, 5538, 159, 2594, 0
666, 39, 1, 5, 0, 0, 0.24%, 1, 0, 1, 7.95, 5581, 159, 2614, 0
671, 39, 1, 5, 0, 0, 0.24%, 1, 0, 1, 7.40, 5621, 159, 2635, 0
677, 40, 1, 5, 0, 0, 0.24%, 1, 0, 1, 8.72, 5671, 159, 2654, 0
682, 40, 1, 5, 0, 0, 0.24%, 1, 0, 1, 8.55, 5718, 159, 2673, 0
687, 40, 1, 5, 0, 0, 0.24%, 1, 0, 1, 7.21, 5753, 159, 2695, 0
692, 41, 1, 5, 0, 0, 0.24%, 1, 0, 1, 8.94, 5805, 159, 2714, 0
697, 41, 1, 5, 0, 0, 0.24%, 1, 0, 1, 9.04, 5852, 159, 2734, 0
702, 41, 1, 5, 0, 0, 0.24%, 1, 0, 1, 7.75, 5889, 159, 2755, 0
707, 42, 1, 5, 0, 0, 0.24%, 1, 0, 1, 8.84, 5939, 159, 2774, 0
713, 42, 1, 5, 0, 0, 0.24%, 1, 0, 1, 7.23, 5974, 159, 2795, 0
718, 42, 1, 5, 0, 0, 0.24%, 1, 0, 1, 6.78, 6010, 159, 2816, 0
723, 43, 1, 5, 0, 0, 0.24%, 1, 0, 1, 7.48, 6052, 159, 2836, 0
728, 43, 1, 5, 0, 0, 0.24%, 1, 0, 1, 8.12, 6094, 159, 2856, 0
733, 43, 1, 5, 0, 0, 0.24%, 1, 0, 1, 7.14, 6134, 159, 2877, 0
738, 43, 1, 5, 0, 0, 0.24%, 1, 0, 1, 6.14, 6167, 159, 2899, 0
744, 44, 1, 5, 0, 0, 0.24%, 1, 0, 1, 8.76, 6213, 159, 2919, 0
749, 44, 1, 5, 0, 0, 0.24%, 1, 0, 1, 7.95, 6254, 159, 2939, 0
754, 44, 1, 5, 0, 0, 0.24%, 1, 0, 1, 8.12, 6299, 159, 2958, 0
759, 45, 1, 5, 0, 0, 0.24%, 1, 0, 1, 10.06, 6356, 159, 2975, 0
764, 45, 1, 5, 0, 0, 0.24%, 1, 0, 1, 9.93, 6405, 159, 2994, 0
769, 45, 1, 5, 0, 0, 0.24%, 1, 0, 1, 9.03, 6449, 159, 3013, 0
774, 46, 1, 5, 0, 0, 0.24%, 1, 0, 1, 7.59, 6488, 159, 3033, 0
779, 46, 1, 5, 0, 0, 0.24%, 1, 0, 1, 8.69, 6538, 159, 3051, 0
784, 46, 1, 5, 0, 0, 0.24%, 1, 0, 1, 8.92, 6585, 159, 3070, 0
789, 47, 1, 5, 0, 0, 0.24%, 1, 0, 1, 7.26, 6621, 159, 3091, 0
794, 47, 1, 5, 0, 0, 0.24%, 1, 0, 1, 6.48, 6657, 159, 3112, 0
799, 47, 1, 5, 0, 0, 0.24%, 1, 0, 1, 7.78, 6700, 159, 3131, 0
804, 47, 1, 5, 0, 0, 0.24%, 1, 0, 1, 6.03, 6729, 159, 3153, 0
810, 48, 1, 5, 0, 0, 0.24%, 1, 0, 1, 7.38, 6771, 159, 3173, 0
815, 48, 1, 5, 0, 0, 0.24%, 1, 0, 1, 7.05, 6810, 159, 3193, 0
820, 48, 1, 5, 0, 0, 0.24%, 1, 0, 1, 8.83, 6859, 159, 3212, 0
825, 49, 1, 5, 0, 0, 0.24%, 1, 0, 1, 9.79, 6913, 159, 3229, 0
830, 49, 1, 5, 0, 0, 0.24%, 1, 0, 1, 7.31, 6946, 159, 3251, 0
835, 49, 1, 5, 0, 0, 0.24%, 1, 0, 1, 9.74, 6998, 159, 3270, 0
840, 50, 1, 5, 0, 0, 0.24%, 1, 0, 1, 8.97, 7046, 159, 3289, 0
845, 50, 1, 5, 0, 0, 0.24%, 1, 0, 1, 9.80, 7096, 159, 3307, 0
850, 50, 1, 5, 0, 0, 0.24%, 1, 0, 1, 8.73, 7141, 159, 3327, 0
856, 51, 1, 5, 0, 0, 0.24%, 1, 0, 1, 7.93, 7182, 159, 3348, 0
861, 51, 1, 5, 0, 0, 0.24%, 1, 0, 1, 7.51, 7224, 159, 3369, 0
866, 51, 1, 5, 0, 0, 0.24%, 1, 0, 1, 7.52, 7270, 159, 3388, 0
871, 51, 1, 5, 0, 0, 0.24%, 1, 0, 1, 7.19, 7311, 159, 3408, 0
876, 52, 1, 5, 0, 0, 0.24%, 1, 0, 1, 7.57, 7351, 159, 3429, 0
881, 52, 1, 5, 0, 0, 0.24%, 1, 0, 1, 7.18, 7387, 159, 3450, 0
886, 52, 1, 5, 0, 0, 0.24%, 1, 0, 1, 6.94, 7426, 159, 3471, 0
891, 53, 1, 5, 0, 0, 0.24%, 1, 0, 1, 7.12, 7466, 159, 3491, 0
896, 53, 1, 5, 0, 0, 0.24%, 1, 0, 1, 6.49, 7501, 159, 3512, 0
897, 53, 1, 5, 0, 0, 0.24%, 1, 0, 1, 0.00, 7504, 159, 3514, 0
