# relative_time, cycles_done, cur_item, corpus_count, pending_total, pending_favs, map_size, saved_crashes, saved_hangs, max_depth, execs_per_sec, total_execs, edges_found, total_crashes, servers_count
66, 0, 1, 5, 0, 0, 0.02%, 1, 0, 1, 0.26, 111, 12, 47, 0
73, 0, 1, 5, 0, 0, 0.02%, 1, 0, 1, 0.26, 113, 12, 49, 0
79, 0, 1, 5, 0, 0, 0.02%, 1, 0, 1, 0.31, 116, 12, 52, 0
84, 0, 1, 5, 0, 0, 0.02%, 1, 0, 1, 0.33, 118, 12, 54, 0
91, 0, 1, 5, 0, 0, 0.02%, 1, 0, 1, 0.74, 125, 12, 59, 0
97, 0, 1, 5, 0, 0, 0.02%, 1, 0, 1, 0.74, 128, 12, 62, 0
103, 0, 1, 5, 0, 0, 0.02%, 1, 0, 1, 0.69, 130, 12, 64, 0
111, 0, 1, 5, 0, 0, 0.02%, 1, 0, 1, 0.29, 140, 12, 68, 0
119, 0, 1, 5, 0, 0, 0.02%, 1, 0, 1, 0.33, 145, 12, 70, 0
124, 0, 1, 5, 0, 0, 0.02%, 1, 0, 1, 1.78, 151, 12, 74, 0
130, 0, 1, 5, 0, 0, 0.02%, 1, 0, 1, 1.87, 158, 12, 78, 0
135, 0, 1, 5, 0, 0, 0.02%, 1, 0, 1, 1.91, 164, 12, 82, 0
143, 0, 1, 5, 0, 0, 0.02%, 1, 0, 1, 0.25, 167, 12, 85, 0
149, 0, 1, 5, 0, 0, 0.02%, 1, 0, 1, 0.75, 176, 12, 89, 0
155, 0, 1, 5, 0, 0, 0.02%, 1, 0, 1, 0.27, 184, 12, 93, 0
163, 0, 1, 5, 0, 0, 0.02%, 1, 0, 1, 0.26, 188, 12, 96, 0
168, 0, 1, 5, 0, 0, 0.02%, 1, 0, 1, 0.30, 192, 12, 99, 0
174, 0, 1, 5, 0, 0, 0.02%, 1, 0, 1, 0.34, 195, 12, 101, 0
180, 0, 1, 5, 0, 0, 0.02%, 1, 0, 1, 0.56, 202, 12, 104, 0
186, 0, 1, 5, 0, 0, 0.02%, 1, 0, 1, 2.10, 212, 12, 108, 0
195, 0, 1, 5, 0, 0, 0.02%, 1, 0, 1, 2.19, 220, 12, 112, 0
201, 0, 1, 5, 0, 0, 0.02%, 1, 0, 1, 1.98, 227, 12, 115, 0
207, 0, 1, 5, 0, 0, 0.02%, 1, 0, 1, 0.27, 231, 12, 119, 0
213, 0, 1, 5, 0, 0, 0.02%, 1, 0, 1, 0.28, 233, 12, 121, 0
221, 0, 1, 5, 0, 0, 0.02%, 1, 0, 1, 0.25, 238, 12, 125, 0
228, 0, 1, 5, 0, 0, 0.02%, 1, 0, 1, 0.26, 240, 12, 127, 0
233, 0, 1, 5, 0, 0, 0.02%, 1, 0, 1, 1.64, 245, 12, 131, 0
239, 0, 1, 5, 0, 0, 0.02%, 1, 0, 1, 0.31, 250, 12, 135, 0
246, 0, 1, 5, 0, 0, 0.02%, 1, 0, 1, 0.27, 254, 12, 138, 0
251, 0, 1, 5, 0, 0, 0.02%, 1, 0, 1, 2.89, 260, 12, 142, 0
258, 0, 1, 5, 0, 0, 0.02%, 1, 0, 1, 2.43, 267, 12, 148, 0
265, 0, 1, 5, 0, 0, 0.02%, 1, 0, 1, 0.25, 275, 12, 152, 0
271, 0, 1, 5, 0, 0, 0.02%, 1, 0, 1, 0.30, 278, 12, 154, 0
276, 0, 1, 5, 0, 0, 0.02%, 1, 0, 1, 3.32, 286, 12, 159, 0
282, 0, 1, 5, 0, 0, 0.02%, 1, 0, 1, 3.38, 300, 12, 167, 0
289, 0, 1, 5, 0, 0, 0.02%, 1, 0, 1, 0.29, 304, 12, 170, 0
296, 0, 1, 5, 0, 0, 0.02%, 1, 0, 1, 0.31, 307, 12, 172, 0
301, 0, 1, 5, 0, 0, 0.02%, 1, 0, 1, 1.85, 312, 12, 176, 0
307, 0, 1, 5, 0, 0, 0.02%, 1, 0, 1, 0.26, 314, 12, 178, 0
312, 0, 1, 5, 0, 0, 0.02%, 1, 0, 1, 2.84, 319, 12, 181, 0
320, 0, 1, 5, 0, 0, 0.02%, 1, 0, 1, 0.32, 323, 12, 185, 0
327, 0, 1, 5, 0, 0, 0.02%, 1, 0, 1, 0.50, 330, 12, 189, 0
333, 0, 1, 5, 0, 0, 0.02%, 1, 0, 1, 0.51, 333, 12, 192, 0
339, 0, 1, 5, 0, 0, 0.02%, 1, 0, 1, 4.15, 338, 12, 195, 0
344, 0, 1, 5, 0, 0, 0.02%, 1, 0, 1, 0.30, 340, 12, 197, 0
351, 0, 1, 5, 0, 0, 0.02%, 1, 0, 1, 2.27, 347, 12, 201, 0
357, 0, 1, 5, 0, 0, 0.02%, 1, 0, 1, 0.26, 350, 12, 203, 0
364, 0, 1, 5, 0, 0, 0.02%, 1, 0, 1, 1.37, 355, 12, 206, 0
371, 0, 1, 5, 0, 0, 0.02%, 1, 0, 1, 1.30, 360, 12, 209, 0
376, 0, 1, 5, 0, 0, 0.02%, 1, 0, 1, 1.38, 367, 12, 212, 0
381, 0, 1, 5, 0, 0, 0.02%, 1, 0, 1, 0.25, 369, 12, 214, 0
389, 0, 1, 5, 0, 0, 0.02%, 1, 0, 1, 0.62, 375, 12, 218, 0
397, 0, 1, 5, 0, 0, 0.02%, 1, 0, 1, 0.58, 378, 12, 221, 0
403, 1, 1, 5, 0, 0, 0.02%, 1, 0, 1, 0.48, 385, 12, 225, 0
411, 1, 1, 5, 0, 0, 0.02%, 1, 0, 1, 2.17, 397, 12, 229, 0
417, 1, 1, 5, 0, 0, 0.02%, 1, 0, 1, 2.17, 405, 12, 232, 0
424, 1, 1, 5, 0, 0, 0.02%, 1, 0, 1, 0.28, 407, 12, 234, 0
433, 1, 1, 5, 0, 0, 0.02%, 1, 0, 1, 1.38, 415, 12, 238, 0
440, 1, 1, 5, 0, 0, 0.02%, 1, 0, 1, 1.86, 424, 12, 242, 0
446, 1, 1, 5, 0, 0, 0.02%, 1, 0, 1, 0.25, 427, 12, 244, 0
453, 1, 1, 5, 0, 0, 0.02%, 1, 0, 1, 0.27, 430, 12, 246, 0
460, 1, 1, 5, 0, 0, 0.02%, 1, 0, 1, 0.34, 439, 12, 252, 0
466, 1, 1, 5, 0, 0, 0.02%, 1, 0, 1, 0.34, 441, 12, 254, 0
472, 1, 1, 5, 0, 0, 0.02%, 1, 0, 1, 0.28, 447, 12, 258, 0
479, 1, 1, 5, 0, 0, 0.02%, 1, 0, 1, 0.32, 450, 12, 261, 0
487, 1, 1, 5, 0, 0, 0.02%, 1, 0, 1, 0.51, 455, 12, 264, 0
495, 1, 1, 5, 0, 0, 0.02%, 1, 0, 1, 0.76, 463, 12, 268, 0
500, 1, 1, 5, 0, 0, 0.02%, 1, 0, 1, 0.71, 465, 12, 270, 0
507, 1, 1, 5, 0, 0, 0.02%, 1, 0, 1, 0.34, 480, 12, 277, 0
515, 1, 1, 5, 0, 0, 0.02%, 1, 0, 1, 1.51, 484, 12, 281, 0
522, 1, 1, 5, 0, 0, 0.02%, 1, 0, 1, 0.27, 488, 12, 284, 0
529, 1, 1, 5, 0, 0, 0.02%, 1, 0, 1, 1.03, 497, 12, 291, 0
536, 1, 1, 5, 0, 0, 0.02%, 1, 0, 1, 0.97, 501, 12, 293, 0
542, 1, 1, 5, 0, 0, 0.02%, 1, 0, 1, 0.30, 505, 12, 296, 0
550, 1, 1, 5, 0, 0, 0.02%, 1, 0, 1, 0.66, 511, 12, 300, 0
555, 1, 1, 5, 0, 0, 0.02%, 1, 0, 1, 0.70, 515, 12, 303, 0
561, 1, 1, 5, 0, 0, 0.02%, 1, 0, 1, 0.67, 518, 12, 306, 0
568, 1, 1, 5, 0, 0, 0.02%, 1, 0, 1, 0.85, 527, 12, 309, 0
573, 1, 1, 5, 0, 0, 0.02%, 1, 0, 1, 1.06, 534, 12, 312, 0
579, 1, 1, 5, 0, 0, 0.02%, 1, 0, 1, 0.25, 539, 12, 316, 0
587, 1, 1, 5, 0, 0, 0.02%, 1, 0, 1, 0.26, 543, 12, 319, 0
592, 1, 1, 5, 0, 0, 0.02%, 1, 0, 1, 1.68, 548, 12, 322, 0
597, 1, 1, 5, 0, 0, 0.02%, 1, 0, 1, 3.40, 553, 12, 326, 0
602, 1, 1, 5, 0, 0, 0.02%, 1, 0, 1, 3.08, 557, 12, 328, 0
611, 1, 1, 5, 0, 0, 0.02%, 1, 0, 1, 0.25, 570, 12, 334, 0
616, 1, 1, 5, 0, 0, 0.02%, 1, 0, 1, 1.42, 573, 12, 337, 0
623, 1, 1, 5, 0, 0, 0.02%, 1, 0, 1, 1.34, 578, 12, 340, 0
631, 1, 1, 5, 0, 0, 0.02%, 1, 0, 1, 0.73, 584, 12, 343, 0
636, 1, 1, 5, 0, 0, 0.02%, 1, 0, 1, 1.04, 592, 12, 348, 0
642, 1, 1, 5, 0, 0, 0.02%, 1, 0, 1, 1.17, 598, 12, 351, 0
650, 1, 1, 5, 0, 0, 0.02%, 1, 0, 1, 0.25, 602, 12, 354, 0
657, 1, 1, 5, 0, 0, 0.02%, 1, 0, 1, 0.27, 605, 12, 356, 0
665, 1, 1, 5, 0, 0, 0.02%, 1, 0, 1, 0.25, 609, 12, 360, 0
674, 1, 1, 5, 0, 0, 0.02%, 1, 0, 1, 6.56, 624, 12, 365, 0
679, 1, 1, 5, 0, 0, 0.02%, 1, 0, 1, 0.59, 635, 12, 373, 0
687, 1, 1, 5, 0, 0, 0.02%, 1, 0, 1, 0.64, 645, 12, 377, 0
695, 1, 1, 5, 0, 0, 0.02%, 1, 0, 1, 0.69, 655, 12, 381, 0
702, 1, 1, 5, 0, 0, 0.02%, 1, 0, 1, 0.79, 666, 12, 383, 0
709, 1, 1, 5, 0, 0, 0.02%, 1, 0, 1, 1.39, 684, 12, 389, 0
714, 1, 1, 5, 0, 0, 0.02%, 1, 0, 1, 1.30, 687, 12, 392, 0
719, 1, 1, 5, 0, 0, 0.02%, 1, 0, 1, 1.66, 697, 12, 398, 0
724, 1, 1, 5, 0, 0, 0.02%, 1, 0, 1, 1.59, 701, 12, 401, 0
732, 1, 1, 5, 0, 0, 0.02%, 1, 0, 1, 0.32, 705, 12, 405, 0
740, 1, 1, 5, 0, 0, 0.02%, 1, 0, 1, 0.29, 710, 12, 410, 0
746, 1, 1, 5, 0, 0, 0.02%, 1, 0, 1, 2.68, 715, 12, 414, 0
753, 1, 1, 5, 0, 0, 0.02%, 1, 0, 1, 0.28, 717, 12, 416, 0
761, 1, 1, 5, 0, 0, 0.02%, 1, 0, 1, 0.25, 722, 12, 420, 0
766, 1, 1, 5, 0, 0, 0.02%, 1, 0, 1, 4.19, 729, 12, 425, 0
771, 2, 1, 5, 0, 0, 0.02%, 1, 0, 1, 5.39, 734, 12, 428, 0
779, 2, 1, 5, 0, 0, 0.02%, 1, 0, 1, 0.26, 736, 12, 430, 0
786, 2, 1, 5, 0, 0, 0.02%, 1, 0, 1, 0.26, 738, 12, 432, 0
792, 2, 1, 5, 0, 0, 0.02%, 1, 0, 1, 1.49, 742, 12, 435, 0
799, 2, 1, 5, 0, 0, 0.02%, 1, 0, 1, 0.25, 748, 12, 439, 0
806, 2, 1, 5, 0, 0, 0.02%, 1, 0, 1, 0.30, 751, 12, 442, 0
813, 2, 1, 5, 0, 0, 0.02%, 1, 0, 1, 0.28, 756, 12, 446, 0
819, 2, 1, 5, 0, 0, 0.02%, 1, 0, 1, 0.30, 758, 12, 448, 0
826, 2, 1, 5, 0, 0, 0.02%, 1, 0, 1, 0.29, 763, 12, 451, 0
834, 2, 1, 5, 0, 0, 0.02%, 1, 0, 1, 0.26, 768, 12, 455, 0
842, 2, 1, 5, 0, 0, 0.02%, 1, 0, 1, 0.29, 780, 12, 461, 0
847, 2, 1, 5, 0, 0, 0.02%, 1, 0, 1, 0.32, 782, 12, 463, 0
855, 2, 1, 5, 0, 0, 0.02%, 1, 0, 1, 0.33, 785, 12, 466, 0
863, 2, 1, 5, 0, 0, 0.02%, 1, 0, 1, 0.31, 791, 12, 471, 0
868, 2, 1, 5, 0, 0, 0.02%, 1, 0, 1, 0.58, 796, 12, 475, 0
876, 2, 1, 5, 0, 0, 0.02%, 1, 0, 1, 0.54, 798, 12, 477, 0
882, 2, 1, 5, 0, 0, 0.02%, 1, 0, 1, 0.54, 801, 12, 479, 0
889, 2, 1, 5, 0, 0, 0.02%, 1, 0, 1, 0.60, 805, 12, 482, 0
896, 2, 1, 5, 0, 0, 0.02%, 1, 0, 1, 0.00, 807, 12, 484, 0
