# relative_time, cycles_done, cur_item, corpus_count, pending_total, pending_favs, map_size, saved_crashes, saved_hangs, max_depth, execs_per_sec, total_execs, edges_found, total_crashes, servers_count
61, 17, 1, 5, 0, 0, 0.15%, 0, 0, 1, 41.04, 2547, 99, 0, 0
66, 19, 1, 5, 0, 0, 0.15%, 0, 0, 1, 41.72, 2763, 99, 0, 0
71, 21, 1, 5, 0, 0, 0.15%, 0, 0, 1, 41.79, 2979, 99, 0, 0
76, 22, 1, 5, 0, 0, 0.15%, 0, 0, 1, 41.89, 3195, 99, 0, 0
81, 24, 1, 5, 0, 0, 0.15%, 0, 0, 1, 40.35, 3403, 99, 0, 0
87, 25, 1, 5, 0, 0, 0.15%, 0, 0, 1, 40.10, 3611, 99, 0, 0
92, 27, 1, 5, 0, 0, 0.15%, 0, 0, 1, 41.17, 3825, 99, 0, 0
97, 28, 1, 5, 0, 0, 0.15%, 0, 0, 1, 41.63, 4041, 99, 0, 0
102, 30, 1, 5, 0, 0, 0.15%, 0, 0, 1, 41.99, 4256, 99, 0, 0
107, 31, 1, 5, 0, 0, 0.15%, 0, 0, 1, 41.15, 4462, 99, 0, 0
112, 33, 1, 5, 0, 0, 0.15%, 0, 0, 1, 40.33, 4670, 99, 0, 0
117, 34, 1, 5, 0, 0, 0.15%, 0, 0, 1, 40.20, 4872, 99, 0, 0
123, 36, 1, 5, 0, 0, 0.15%, 0, 0, 1, 40.14, 5078, 99, 0, 0
128, 37, 1, 5, 0, 0, 0.15%, 0, 0, 1, 41.08, 5288, 99, 0, 0
133, 39, 1, 5, 0, 0, 0.15%, 0, 0, 1, 41.54, 5503, 99, 0, 0
138, 40, 1, 5, 0, 0, 0.15%, 0, 0, 1, 41.61, 5719, 99, 0, 0
143, 42, 1, 5, 0, 0, 0.15%, 0, 0, 1, 41.63, 5935, 99, 0, 0
148, 43, 1, 5, 0, 0, 0.15%, 0, 0, 1, 41.46, 6150, 99, 0, 0
154, 45, 1, 5, 0, 0, 0.15%, 0, 0, 1, 41.57, 6366, 99, 0, 0
159, 46, 1, 5, 0, 0, 0.15%, 0, 0, 1, 41.63, 6582, 99, 0, 0
164, 48, 1, 5, 0, 0, 0.15%, 0, 0, 1, 41.88, 6798, 99, 0, 0
169, 49, 1, 5, 0, 0, 0.15%, 0, 0, 1, 41.40, 7011, 99, 0, 0
174, 51, 1, 5, 0, 0, 0.15%, 0, 0, 1, 40.31, 7213, 99, 0, 0
179, 52, 1, 5, 0, 0, 0.15%, 0, 0, 1, 40.02, 7420, 99, 0, 0
184, 54, 1, 5, 0, 0, 0.15%, 0, 0, 1, 39.81, 7621, 99, 0, 0
189, 55, 1, 5, 0, 0, 0.15%, 0, 0, 1, 40.53, 7830, 99, 0, 0
195, 57, 1, 5, 0, 0, 0.15%, 0, 0, 1, 41.57, 8046, 99, 0, 0
200, 58, 1, 5, 0, 0, 0.15%, 0, 0, 1, 41.80, 8262, 99, 0, 0
205, 60, 1, 5, 0, 0, 0.15%, 0, 0, 1, 41.22, 8477, 99, 0, 0
210, 61, 1, 5, 0, 0, 0.15%, 0, 0, 1, 40.55, 8681, 99, 0, 0
215, 63, 1, 5, 0, 0, 0.15%, 0, 0, 1, 40.34, 8889, 99, 0, 0
220, 64, 1, 5, 0, 0, 0.15%, 0, 0, 1, 40.34, 9094, 99, 0, 0
225, 66, 1, 5, 0, 0, 0.15%, 0, 0, 1, 40.58, 9300, 99, 0, 0
231, 67, 1, 5, 0, 0, 0.15%, 0, 0, 1, 40.56, 9512, 99, 0, 0
236, 69, 1, 5, 0, 0, 0.15%, 0, 0, 1, 40.56, 9723, 99, 0, 0
241, 70, 1, 5, 0, 0, 0.15%, 0, 0, 1, 41.64, 9938, 99, 0, 0
246, 72, 1, 5, 0, 0, 0.15%, 0, 0, 1, 41.76, 10154, 99, 0, 0
251, 73, 1, 5, 0, 0, 0.15%, 0, 0, 1, 41.53, 10367, 99, 0, 0
256, 75, 1, 5, 0, 0, 0.15%, 0, 0, 1, 41.83, 10583, 99, 0, 0
262, 76, 1, 5, 0, 0, 0.15%, 0, 0, 1, 41.87, 10799, 99, 0, 0
267, 78, 1, 5, 0, 0, 0.15%, 0, 0, 1, 41.92, 11015, 99, 0, 0
272, 79, 1, 5, 0, 0, 0.15%, 0, 0, 1, 41.90, 11231, 99, 0, 0
277, 81, 1, 5, 0, 0, 0.15%, 0, 0, 1, 41.19, 11436, 99, 0, 0
282, 82, 1, 5, 0, 0, 0.15%, 0, 0, 1, 41.90, 11651, 99, 0, 0
287, 84, 1, 5, 0, 0, 0.15%, 0, 0, 1, 42.26, 11867, 99, 0, 0
292, 86, 1, 5, 0, 0, 0.15%, 0, 0, 1, 42.33, 12083, 99, 0, 0
297, 87, 1, 5, 0, 0, 0.15%, 0, 0, 1, 42.32, 12299, 99, 0, 0
302, 89, 1, 5, 0, 0, 0.15%, 0, 0, 1, 42.23, 12515, 99, 0, 0
308, 90, 1, 5, 0, 0, 0.15%, 0, 0, 1, 41.33, 12728, 99, 0, 0
313, 92, 1, 5, 0, 0, 0.15%, 0, 0, 1, 41.55, 12944, 99, 0, 0
318, 93, 1, 5, 0, 0, 0.15%, 0, 0, 1, 41.64, 13160, 99, 0, 0
323, 95, 1, 5, 0, 0, 0.15%, 0, 0, 1, 41.55, 13376, 99, 0, 0
328, 96, 1, 5, 0, 0, 0.15%, 0, 0, 1, 41.46, 13591, 99, 0, 0
334, 98, 1, 5, 0, 0, 0.15%, 0, 0, 1, 41.50, 13807, 99, 0, 0
339, 99, 1, 5, 0, 0, 0.15%, 0, 0, 1, 41.07, 14014, 99, 0, 0
344, 101, 1, 5, 0, 0, 0.15%, 0, 0, 1, 41.01, 14221, 99, 0, 0
349, 102, 1, 5, 0, 0, 0.15%, 0, 0, 1, 40.87, 14426, 99, 0, 0
354, 104, 1, 5, 0, 0, 0.15%, 0, 0, 1, 41.21, 14633, 99, 0, 0
359, 105, 1, 5, 0, 0, 0.15%, 0, 0, 1, 41.22, 14840, 99, 0, 0
364, 107, 1, 5, 0, 0, 0.15%, 0, 0, 1, 41.04, 15047, 99, 0, 0
369, 108, 1, 5, 0, 0, 0.15%, 0, 0, 1, 40.67, 15252, 99, 0, 0
374, 110, 1, 5, 0, 0, 0.15%, 0, 0, 1, 40.36, 15462, 99, 0, 0
379, 111, 1, 5, 0, 0, 0.15%, 0, 0, 1, 40.37, 15666, 99, 0, 0
384, 113, 1, 5, 0, 0, 0.15%, 0, 0, 1, 40.41, 15873, 99, 0, 0
389, 114, 1, 5, 0, 0, 0.15%, 0, 0, 1, 40.40, 16077, 99, 0, 0
394, 116, 1, 5, 0, 0, 0.15%, 0, 0, 1, 40.20, 16285, 99, 0, 0
399, 117, 1, 5, 0, 0, 0.15%, 0, 0, 1, 39.84, 16487, 99, 0, 0
405, 118, 1, 5, 0, 0, 0.15%, 0, 0, 1, 39.84, 16692, 99, 0, 0
410, 120, 1, 5, 0, 0, 0.15%, 0, 0, 1, 39.82, 16894, 99, 0, 0
415, 121, 1, 5, 0, 0, 0.15%, 0, 0, 1, 39.85, 17098, 99, 0, 0
420, 123, 1, 5, 0, 0, 0.15%, 0, 0, 1, 40.06, 17300, 99, 0, 0
425, 124, 1, 5, 0, 0, 0.15%, 0, 0, 1, 40.48, 17505, 99, 0, 0
430, 126, 1, 5, 0, 0, 0.15%, 0, 0, 1, 40.66, 17712, 99, 0, 0
435, 127, 1, 5, 0, 0, 0.15%, 0, 0, 1, 40.86, 17919, 99, 0, 0
440, 129, 1, 5, 0, 0, 0.15%, 0, 0, 1, 41.24, 18126, 99, 0, 0
445, 130, 1, 5, 0, 0, 0.15%, 0, 0, 1, 41.74, 18342, 99, 0, 0
450, 132, 1, 5, 0, 0, 0.15%, 0, 0, 1, 41.73, 18558, 99, 0, 0
456, 133, 1, 5, 0, 0, 0.15%, 0, 0, 1, 41.82, 18774, 99, 0, 0
461, 135, 1, 5, 0, 0, 0.15%, 0, 0, 1, 41.77, 18990, 99, 0, 0
466, 136, 1, 5, 0, 0, 0.15%, 0, 0, 1, 41.75, 19206, 99, 0, 0
471, 138, 1, 5, 0, 0, 0.15%, 0, 0, 1, 41.87, 19422, 99, 0, 0
476, 140, 1, 5, 0, 0, 0.15%, 0, 0, 1, 42.01, 19638, 99, 0, 0
481, 141, 1, 5, 0, 0, 0.15%, 0, 0, 1, 42.04, 19854, 99, 0, 0
486, 143, 1, 5, 0, 0, 0.15%, 0, 0, 1, 41.78, 20070, 99, 0, 0
492, 144, 1, 5, 0, 0, 0.15%, 0, 0, 1, 41.08, 20282, 99, 0, 0
497, 146, 1, 5, 0, 0, 0.15%, 0, 0, 1, 40.81, 20487, 99, 0, 0
502, 147, 1, 5, 0, 0, 0.15%, 0, 0, 1, 40.88, 20694, 99, 0, 0
507, 149, 1, 5, 0, 0, 0.15%, 0, 0, 1, 41.26, 20909, 99, 0, 0
512, 150, 1, 5, 0, 0, 0.15%, 0, 0, 1, 40.77, 21115, 99, 0, 0
517, 152, 1, 5, 0, 0, 0.15%, 0, 0, 1, 41.50, 21331, 99, 0, 0
522, 153, 1, 5, 0, 0, 0.15%, 0, 0, 1, 40.66, 21541, 99, 0, 0
527, 155, 1, 5, 0, 0, 0.15%, 0, 0, 1, 40.37, 21743, 99, 0, 0
532, 156, 1, 5, 0, 0, 0.15%, 0, 0, 1, 40.15, 21947, 99, 0, 0
538, 157, 1, 5, 0, 0, 0.15%, 0, 0, 1, 40.36, 22153, 99, 0, 0
543, 159, 1, 5, 0, 0, 0.15%, 0, 0, 1, 40.45, 22358, 99, 0, 0
548, 160, 1, 5, 0, 0, 0.15%, 0, 0, 1, 40.45, 22563, 99, 0, 0
553, 162, 1, 5, 0, 0, 0.15%, 0, 0, 1, 40.68, 22770, 99, 0, 0
558, 163, 1, 5, 0, 0, 0.15%, 0, 0, 1, 40.75, 22977, 99, 0, 0
563, 165, 1, 5, 0, 0, 0.15%, 0, 0, 1, 40.88, 23184, 99, 0, 0
568, 166, 1, 5, 0, 0, 0.15%, 0, 0, 1, 40.87, 23391, 99, 0, 0
573, 168, 1, 5, 0, 0, 0.15%, 0, 0, 1, 40.73, 23597, 99, 0, 0
578, 169, 1, 5, 0, 0, 0.15%, 0, 0, 1, 41.02, 23802, 99, 0, 0
583, 171, 1, 5, 0, 0, 0.15%, 0, 0, 1, 40.94, 24007, 99, 0, 0
588, 172, 1, 5, 0, 0, 0.15%, 0, 0, 1, 41.46, 24222, 99, 0, 0
593, 174, 1, 5, 0, 0, 0.15%, 0, 0, 1, 40.80, 24429, 99, 0, 0
598, 175, 1, 5, 0, 0, 0.15%, 0, 0, 1, 40.81, 24636, 99, 0, 0
604, 177, 1, 5, 0, 0, 0.15%, 0, 0, 1, 41.79, 24851, 99, 0, 0
609, 178, 1, 5, 0, 0, 0.15%, 0, 0, 1, 41.02, 25057, 99, 0, 0
614, 180, 1, 5, 0, 0, 0.15%, 0, 0, 1, 41.72, 25273, 99, 0, 0
619, 181, 1, 5, 0, 0, 0.15%, 0, 0, 1, 41.23, 25480, 99, 0, 0
624, 183, 1, 5, 0, 0, 0.15%, 0, 0, 1, 41.05, 25686, 99, 0, 0
629, 184, 1, 5, 0, 0, 0.15%, 0, 0, 1, 40.95, 25893, 99, 0, 0
634, 186, 1, 5, 0, 0, 0.15%, 0, 0, 1, 41.47, 26109, 99, 0, 0
639, 187, 1, 5, 0, 0, 0.15%, 0, 0, 1, 40.99, 26315, 99, 0, 0
644, 189, 1, 5, 0, 0, 0.15%, 0, 0, 1, 41.81, 26531, 99, 0, 0
649, 190, 1, 5, 0, 0, 0.15%, 0, 0, 1, 42.25, 26747, 99, 0, 0
654, 192, 1, 5, 0, 0, 0.15%, 0, 0, 1, 42.36, 26963, 99, 0, 0
660, 193, 1, 5, 0, 0, 0.15%, 0, 0, 1, 42.41, 27179, 99, 0, 0
665, 195, 1, 5, 0, 0, 0.15%, 0, 0, 1, 42.47, 27395, 99, 0, 0
670, 196, 1, 5, 0, 0, 0.15%, 0, 0, 1, 41.52, 27602, 99, 0, 0
675, 198, 1, 5, 0, 0, 0.15%, 0, 0, 1, 41.24, 27809, 99, 0, 0
680, 199, 1, 5, 0, 0, 0.15%, 0, 0, 1, 41.03, 28015, 99, 0, 0
685, 201, 1, 5, 0, 0, 0.15%, 0, 0, 1, 41.14, 28222, 99, 0, 0
690, 202, 1, 5, 0, 0, 0.15%, 0, 0, 1, 41.32, 28429, 99, 0, 0
695, 204, 1, 5, 0, 0, 0.15%, 0, 0, 1, 41.74, 28645, 99, 0, 0
700, 205, 1, 5, 0, 0, 0.15%, 0, 0, 1, 41.47, 28860, 99, 0, 0
705, 207, 1, 5, 0, 0, 0.15%, 0, 0, 1, 41.30, 29067, 99, 0, 0
710, 208, 1, 5, 0, 0, 0.15%, 0, 0, 1, 40.97, 29274, 99, 0, 0
715, 210, 1, 5, 0, 0, 0.15%, 0, 0, 1, 41.05, 29481, 99, 0, 0
720, 211, 1, 5, 0, 0, 0.15%, 0, 0, 1, 41.30, 29688, 99, 0, 0
725, 213, 1, 5, 0, 0, 0.15%, 0, 0, 1, 40.87, 29895, 99, 0, 0
730, 214, 1, 5, 0, 0, 0.15%, 0, 0, 1, 40.74, 30102, 99, 0, 0
735, 216, 1, 5, 0, 0, 0.15%, 0, 0, 1, 40.94, 30309, 99, 0, 0
740, 217, 1, 5, 0, 0, 0.15%, 0, 0, 1, 41.08, 30516, 99, 0, 0
746, 219, 1, 5, 0, 0, 0.15%, 0, 0, 1, 40.83, 30723, 99, 0, 0
751, 220, 1, 5, 0, 0, 0.15%, 0, 0, 1, 40.93, 30929, 99, 0, 0
756, 222, 1, 5, 0, 0, 0.15%, 0, 0, 1, 41.16, 31136, 99, 0, 0
761, 223, 1, 5, 0, 0, 0.15%, 0, 0, 1, 41.18, 31343, 99, 0, 0
766, 225, 1, 5, 0, 0, 0.15%, 0, 0, 1, 41.29, 31559, 99, 0, 0
771, 226, 1, 5, 0, 0, 0.15%, 0, 0, 1, 41.22, 31766, 99, 0, 0
776, 228, 1, 5, 0, 0, 0.15%, 0, 0, 1, 41.12, 31973, 99, 0, 0
781, 229, 1, 5, 0, 0, 0.15%, 0, 0, 1, 41.18, 32180, 99, 0, 0
786, 231, 1, 5, 0, 0, 0.15%, 0, 0, 1, 41.40, 32396, 99, 0, 0
791, 232, 1, 5, 0, 0, 0.15%, 0, 0, 1, 41.46, 32612, 99, 0, 0
796, 234, 1, 5, 0, 0, 0.15%, 0, 0, 1, 40.73, 32816, 99, 0, 0
801, 235, 1, 5, 0, 0, 0.15%, 0, 0, 1, 40.46, 33021, 99, 0, 0
806, 237, 1, 5, 0, 0, 0.15%, 0, 0, 1, 40.63, 33226, 99, 0, 0
812, 238, 1, 5, 0, 0, 0.15%, 0, 0, 1, 40.62, 33433, 99, 0, 0
817, 240, 1, 5, 0, 0, 0.15%, 0, 0, 1, 40.75, 33640, 99, 0, 0
822, 241, 1, 5, 0, 0, 0.15%, 0, 0, 1, 40.20, 33844, 99, 0, 0
827, 242, 1, 5, 0, 0, 0.15%, 0, 0, 1, 39.62, 34044, 99, 0, 0
832, 244, 1, 5, 0, 0, 0.15%, 0, 0, 1, 40.17, 34249, 99, 0, 0
837, 245, 1, 5, 0, 0, 0.15%, 0, 0, 1, 40.53, 34456, 99, 0, 0
842, 247, 1, 5, 0, 0, 0.15%, 0, 0, 1, 41.16, 34669, 99, 0, 0
847, 248, 1, 5, 0, 0, 0.15%, 0, 0, 1, 42.01, 34885, 99, 0, 0
852, 250, 1, 5, 0, 0, 0.15%, 0, 0, 1, 42.14, 35101, 99, 0, 0
858, 251, 1, 5, 0, 0, 0.15%, 0, 0, 1, 42.15, 35317, 99, 0, 0
863, 253, 1, 5, 0, 0, 0.15%, 0, 0, 1, 42.18, 35533, 99, 0, 0
868, 255, 1, 5, 0, 0, 0.15%, 0, 0, 1, 41.35, 35740, 99, 0, 0
873, 256, 1, 5, 0, 0, 0.15%, 0, 0, 1, 41.02, 35947, 99, 0, 0
878, 257, 1, 5, 0, 0, 0.15%, 0, 0, 1, 40.87, 36154, 99, 0, 0
883, 259, 1, 5, 0, 0, 0.15%, 0, 0, 1, 40.29, 36360, 99, 0, 0
888, 260, 1, 5, 0, 0, 0.15%, 0, 0, 1, 39.86, 36560, 99, 0, 0
893, 262, 1, 5, 0, 0, 0.15%, 0, 0, 1, 40.15, 36767, 99, 0, 0
897, 263, 1, 5, 0, 0, 0.15%, 0, 0, 1, 38.81, 36933, 99, 0, 0
