# relative_time, cycles_done, cur_item, corpus_count, pending_total, pending_favs, map_size, saved_crashes, saved_hangs, max_depth, execs_per_sec, total_execs, edges_found, total_crashes, servers_count
61, 13, 1, 5, 0, 0, 0.24%, 0, 0, 1, 32.57, 1995, 157, 0, 0
66, 15, 1, 5, 0, 0, 0.24%, 0, 0, 1, 32.82, 2163, 157, 0, 0
71, 16, 1, 5, 0, 0, 0.24%, 0, 0, 1, 32.93, 2331, 157, 0, 0
76, 17, 1, 5, 0, 0, 0.24%, 0, 0, 1, 33.04, 2499, 157, 0, 0
81, 18, 1, 5, 0, 0, 0.24%, 0, 0, 1, 32.21, 2660, 157, 0, 0
86, 19, 1, 5, 0, 0, 0.24%, 0, 0, 1, 32.34, 2828, 157, 0, 0
91, 21, 1, 5, 0, 0, 0.24%, 0, 0, 1, 32.44, 2996, 157, 0, 0
97, 22, 1, 5, 0, 0, 0.24%, 0, 0, 1, 32.49, 3164, 157, 0, 0
102, 23, 1, 5, 0, 0, 0.24%, 0, 0, 1, 32.62, 3332, 157, 0, 0
107, 24, 1, 5, 0, 0, 0.24%, 0, 0, 1, 31.27, 3493, 157, 0, 0
112, 25, 1, 5, 0, 0, 0.24%, 0, 0, 1, 32.29, 3654, 157, 0, 0
117, 27, 1, 5, 0, 0, 0.24%, 0, 0, 1, 32.25, 3822, 157, 0, 0
122, 28, 1, 5, 0, 0, 0.24%, 0, 0, 1, 32.40, 3990, 157, 0, 0
127, 29, 1, 5, 0, 0, 0.24%, 0, 0, 1, 31.90, 4151, 157, 0, 0
132, 30, 1, 5, 0, 0, 0.24%, 0, 0, 1, 31.75, 4312, 157, 0, 0
138, 31, 1, 5, 0, 0, 0.24%, 0, 0, 1, 32.38, 4480, 157, 0, 0
143, 32, 1, 5, 0, 0, 0.24%, 0, 0, 1, 32.37, 4648, 157, 0, 0
148, 34, 1, 5, 0, 0, 0.24%, 0, 0, 1, 32.34, 4816, 157, 0, 0
153, 35, 1, 5, 0, 0, 0.24%, 0, 0, 1, 32.08, 4977, 157, 0, 0
158, 36, 1, 5, 0, 0, 0.24%, 0, 0, 1, 31.94, 5138, 157, 0, 0
163, 37, 1, 5, 0, 0, 0.24%, 0, 0, 1, 31.90, 5299, 157, 0, 0
168, 38, 1, 5, 0, 0, 0.24%, 0, 0, 1, 32.39, 5466, 157, 0, 0
173, 39, 1, 5, 0, 0, 0.24%, 0, 0, 1, 32.65, 5634, 157, 0, 0
179, 41, 1, 5, 0, 0, 0.24%, 0, 0, 1, 33.04, 5802, 157, 0, 0
184, 42, 1, 5, 0, 0, 0.24%, 0, 0, 1, 32.97, 5970, 157, 0, 0
189, 43, 1, 5, 0, 0, 0.24%, 0, 0, 1, 33.01, 6138, 157, 0, 0
194, 44, 1, 5, 0, 0, 0.24%, 0, 0, 1, 31.76, 6299, 157, 0, 0
199, 45, 1, 5, 0, 0, 0.24%, 0, 0, 1, 32.01, 6460, 157, 0, 0
204, 47, 1, 5, 0, 0, 0.24%, 0, 0, 1, 32.42, 6628, 157, 0, 0
209, 48, 1, 5, 0, 0, 0.24%, 0, 0, 1, 32.43, 6796, 157, 0, 0
214, 49, 1, 5, 0, 0, 0.24%, 0, 0, 1, 32.16, 6957, 157, 0, 0
219, 50, 1, 5, 0, 0, 0.24%, 0, 0, 1, 32.02, 7118, 157, 0, 0
224, 51, 1, 5, 0, 0, 0.24%, 0, 0, 1, 32.02, 7279, 157, 0, 0
229, 52, 1, 5, 0, 0, 0.24%, 0, 0, 1, 32.42, 7447, 157, 0, 0
235, 54, 1, 5, 0, 0, 0.24%, 0, 0, 1, 32.45, 7615, 157, 0, 0
240, 55, 1, 5, 0, 0, 0.24%, 0, 0, 1, 31.92, 7776, 157, 0, 0
245, 56, 1, 5, 0, 0, 0.24%, 0, 0, 1, 31.87, 7937, 157, 0, 0
250, 57, 1, 5, 0, 0, 0.24%, 0, 0, 1, 32.61, 8105, 157, 0, 0
255, 58, 1, 5, 0, 0, 0.24%, 0, 0, 1, 32.08, 8266, 157, 0, 0
260, 59, 1, 5, 0, 0, 0.24%, 0, 0, 1, 31.95, 8427, 157, 0, 0
265, 61, 1, 5, 0, 0, 0.24%, 0, 0, 1, 31.95, 8588, 157, 0, 0
270, 62, 1, 5, 0, 0, 0.24%, 0, 0, 1, 32.50, 8756, 157, 0, 0
275, 63, 1, 5, 0, 0, 0.24%, 0, 0, 1, 32.68, 8924, 157, 0, 0
280, 64, 1, 5, 0, 0, 0.24%, 0, 0, 1, 32.58, 9092, 157, 0, 0
285, 65, 1, 5, 0, 0, 0.24%, 0, 0, 1, 32.22, 9253, 157, 0, 0
291, 67, 1, 5, 0, 0, 0.24%, 0, 0, 1, 32.23, 9421, 157, 0, 0
296, 68, 1, 5, 0, 0, 0.24%, 0, 0, 1, 32.21, 9582, 157, 0, 0
301, 69, 1, 5, 0, 0, 0.24%, 0, 0, 1, 32.27, 9750, 157, 0, 0
306, 70, 1, 5, 0, 0, 0.24%, 0, 0, 1, 32.34, 9918, 157, 0, 0
311, 71, 1, 5, 0, 0, 0.24%, 0, 0, 1, 32.33, 10086, 157, 0, 0
316, 72, 1, 5, 0, 0, 0.24%, 0, 0, 1, 32.57, 10254, 157, 0, 0
322, 74, 1, 5, 0, 0, 0.24%, 0, 0, 1, 32.81, 10422, 157, 0, 0
327, 75, 1, 5, 0, 0, 0.24%, 0, 0, 1, 32.41, 10590, 157, 0, 0
332, 76, 1, 5, 0, 0, 0.24%, 0, 0, 1, 32.61, 10758, 157, 0, 0
337, 77, 1, 5, 0, 0, 0.24%, 0, 0, 1, 32.82, 10926, 157, 0, 0
342, 78, 1, 5, 0, 0, 0.24%, 0, 0, 1, 32.31, 11094, 157, 0, 0
347, 80, 1, 5, 0, 0, 0.24%, 0, 0, 1, 32.54, 11262, 157, 0, 0
352, 81, 1, 5, 0, 0, 0.24%, 0, 0, 1, 32.59, 11430, 157, 0, 0
358, 82, 1, 5, 0, 0, 0.24%, 0, 0, 1, 32.06, 11591, 157, 0, 0
363, 83, 1, 5, 0, 0, 0.24%, 0, 0, 1, 32.64, 11759, 157, 0, 0
368, 84, 1, 5, 0, 0, 0.24%, 0, 0, 1, 32.73, 11927, 157, 0, 0
373, 86, 1, 5, 0, 0, 0.24%, 0, 0, 1, 32.82, 12095, 157, 0, 0
378, 87, 1, 5, 0, 0, 0.24%, 0, 0, 1, 32.68, 12263, 157, 0, 0
383, 88, 1, 5, 0, 0, 0.24%, 0, 0, 1, 32.47, 12431, 157, 0, 0
388, 89, 1, 5, 0, 0, 0.24%, 0, 0, 1, 32.62, 12599, 157, 0, 0
394, 90, 1, 5, 0, 0, 0.24%, 0, 0, 1, 32.39, 12767, 157, 0, 0
399, 92, 1, 5, 0, 0, 0.24%, 0, 0, 1, 32.10, 12928, 157, 0, 0
404, 93, 1, 5, 0, 0, 0.24%, 0, 0, 1, 31.64, 13089, 157, 0, 0
409, 94, 1, 5, 0, 0, 0.24%, 0, 0, 1, 32.63, 13257, 157, 0, 0
414, 95, 1, 5, 0, 0, 0.24%, 0, 0, 1, 32.80, 13425, 157, 0, 0
419, 96, 1, 5, 0, 0, 0.24%, 0, 0, 1, 32.99, 13593, 157, 0, 0
424, 98, 1, 5, 0, 0, 0.24%, 0, 0, 1, 32.82, 13761, 157, 0, 0
429, 99, 1, 5, 0, 0, 0.24%, 0, 0, 1, 32.67, 13929, 157, 0, 0
434, 100, 1, 5, 0, 0, 0.24%, 0, 0, 1, 32.69, 14097, 157, 0, 0
440, 101, 1, 5, 0, 0, 0.24%, 0, 0, 1, 32.64, 14265, 157, 0, 0
445, 102, 1, 5, 0, 0, 0.24%, 0, 0, 1, 32.37, 14433, 157, 0, 0
450, 103, 1, 5, 0, 0, 0.24%, 0, 0, 1, 32.02, 14594, 157, 0, 0
455, 105, 1, 5, 0, 0, 0.24%, 0, 0, 1, 32.05, 14755, 157, 0, 0
460, 106, 1, 5, 0, 0, 0.24%, 0, 0, 1, 32.58, 14923, 157, 0, 0
465, 107, 1, 5, 0, 0, 0.24%, 0, 0, 1, 32.43, 15091, 157, 0, 0
470, 108, 1, 5, 0, 0, 0.24%, 0, 0, 1, 32.01, 15252, 157, 0, 0
475, 109, 1, 5, 0, 0, 0.24%, 0, 0, 1, 32.48, 15420, 157, 0, 0
481, 111, 1, 5, 0, 0, 0.24%, 0, 0, 1, 32.76, 15588, 157, 0, 0
486, 112, 1, 5, 0, 0, 0.24%, 0, 0, 1, 32.48, 15756, 157, 0, 0
491, 113, 1, 5, 0, 0, 0.24%, 0, 0, 1, 31.94, 15917, 157, 0, 0
496, 114, 1, 5, 0, 0, 0.24%, 0, 0, 1, 31.78, 16078, 157, 0, 0
501, 115, 1, 5, 0, 0, 0.24%, 0, 0, 1, 32.28, 16246, 157, 0, 0
506, 116, 1, 5, 0, 0, 0.24%, 0, 0, 1, 32.56, 16414, 157, 0, 0
511, 118, 1, 5, 0, 0, 0.24%, 0, 0, 1, 32.65, 16582, 157, 0, 0
516, 119, 1, 5, 0, 0, 0.24%, 0, 0, 1, 32.71, 16750, 157, 0, 0
522, 120, 1, 5, 0, 0, 0.24%, 0, 0, 1, 32.63, 16918, 157, 0, 0
527, 121, 1, 5, 0, 0, 0.24%, 0, 0, 1, 32.68, 17086, 157, 0, 0
532, 122, 1, 5, 0, 0, 0.24%, 0, 0, 1, 32.67, 17254, 157, 0, 0
537, 124, 1, 5, 0, 0, 0.24%, 0, 0, 1, 32.17, 17422, 157, 0, 0
542, 125, 1, 5, 0, 0, 0.24%, 0, 0, 1, 32.02, 17583, 157, 0, 0
547, 126, 1, 5, 0, 0, 0.24%, 0, 0, 1, 32.03, 17744, 157, 0, 0
552, 127, 1, 5, 0, 0, 0.24%, 0, 0, 1, 32.07, 17905, 157, 0, 0
557, 128, 1, 5, 0, 0, 0.24%, 0, 0, 1, 32.67, 18073, 157, 0, 0
562, 130, 1, 5, 0, 0, 0.24%, 0, 0, 1, 32.85, 18241, 157, 0, 0
568, 131, 1, 5, 0, 0, 0.24%, 0, 0, 1, 32.33, 18409, 157, 0, 0
573, 132, 1, 5, 0, 0, 0.24%, 0, 0, 1, 32.66, 18577, 157, 0, 0
578, 133, 1, 5, 0, 0, 0.24%, 0, 0, 1, 32.69, 18745, 157, 0, 0
583, 134, 1, 5, 0, 0, 0.24%, 0, 0, 1, 32.52, 18913, 157, 0, 0
588, 136, 1, 5, 0, 0, 0.24%, 0, 0, 1, 32.42, 19081, 157, 0, 0
593, 137, 1, 5, 0, 0, 0.24%, 0, 0, 1, 32.31, 19249, 157, 0, 0
598, 138, 1, 5, 0, 0, 0.24%, 0, 0, 1, 32.12, 19410, 157, 0, 0
604, 139, 1, 5, 0, 0, 0.24%, 0, 0, 1, 32.55, 19578, 157, 0, 0
609, 140, 1, 5, 0, 0, 0.24%, 0, 0, 1, 32.64, 19746, 157, 0, 0
614, 141, 1, 5, 0, 0, 0.24%, 0, 0, 1, 32.81, 19914, 157, 0, 0
619, 143, 1, 5, 0, 0, 0.24%, 0, 0, 1, 32.98, 20082, 157, 0, 0
624, 144, 1, 5, 0, 0, 0.24%, 0, 0, 1, 32.81, 20250, 157, 0, 0
629, 145, 1, 5, 0, 0, 0.24%, 0, 0, 1, 32.88, 20418, 157, 0, 0
634, 146, 1, 5, 0, 0, 0.24%, 0, 0, 1, 32.95, 20586, 157, 0, 0
639, 147, 1, 5, 0, 0, 0.24%, 0, 0, 1, 32.30, 20747, 157, 0, 0
644, 149, 1, 5, 0, 0, 0.24%, 0, 0, 1, 32.61, 20915, 157, 0, 0
650, 150, 1, 5, 0, 0, 0.24%, 0, 0, 1, 32.59, 21083, 157, 0, 0
655, 151, 1, 5, 0, 0, 0.24%, 0, 0, 1, 32.30, 21251, 157, 0, 0
660, 152, 1, 5, 0, 0, 0.24%, 0, 0, 1, 32.72, 21419, 157, 0, 0
665, 153, 1, 5, 0, 0, 0.24%, 0, 0, 1, 32.77, 21587, 157, 0, 0
670, 155, 1, 5, 0, 0, 0.24%, 0, 0, 1, 32.92, 21755, 157, 0, 0
675, 156, 1, 5, 0, 0, 0.24%, 0, 0, 1, 32.97, 21923, 157, 0, 0
680, 157, 1, 5, 0, 0, 0.24%, 0, 0, 1, 32.82, 22091, 157, 0, 0
686, 158, 1, 5, 0, 0, 0.24%, 0, 0, 1, 32.58, 22259, 157, 0, 0
691, 159, 1, 5, 0, 0, 0.24%, 0, 0, 1, 32.28, 22420, 157, 0, 0
696, 161, 1, 5, 0, 0, 0.24%, 0, 0, 1, 32.36, 22588, 157, 0, 0
701, 162, 1, 5, 0, 0, 0.24%, 0, 0, 1, 32.62, 22756, 157, 0, 0
706, 163, 1, 5, 0, 0, 0.24%, 0, 0, 1, 32.72, 22924, 157, 0, 0
711, 164, 1, 5, 0, 0, 0.24%, 0, 0, 1, 32.82, 23092, 157, 0, 0
716, 165, 1, 5, 0, 0, 0.24%, 0, 0, 1, 32.66, 23260, 157, 0, 0
721, 167, 1, 5, 0, 0, 0.24%, 0, 0, 1, 32.50, 23428, 157, 0, 0
726, 168, 1, 5, 0, 0, 0.24%, 0, 0, 1, 32.20, 23589, 157, 0, 0
732, 169, 1, 5, 0, 0, 0.24%, 0, 0, 1, 32.64, 23757, 157, 0, 0
737, 170, 1, 5, 0, 0, 0.24%, 0, 0, 1, 32.36, 23925, 157, 0, 0
742, 171, 1, 5, 0, 0, 0.24%, 0, 0, 1, 32.13, 24086, 157, 0, 0
747, 172, 1, 5, 0, 0, 0.24%, 0, 0, 1, 32.28, 24254, 157, 0, 0
752, 174, 1, 5, 0, 0, 0.24%, 0, 0, 1, 32.39, 24422, 157, 0, 0
757, 175, 1, 5, 0, 0, 0.24%, 0, 0, 1, 32.55, 24590, 157, 0, 0
762, 176, 1, 5, 0, 0, 0.24%, 0, 0, 1, 32.63, 24758, 157, 0, 0
768, 177, 1, 5, 0, 0, 0.24%, 0, 0, 1, 32.36, 24926, 157, 0, 0
773, 178, 1, 5, 0, 0, 0.24%, 0, 0, 1, 33.00, 25094, 157, 0, 0
778, 180, 1, 5, 0, 0, 0.24%, 0, 0, 1, 31.61, 25255, 157, 0, 0
783, 181, 1, 5, 0, 0, 0.24%, 0, 0, 1, 32.01, 25416, 157, 0, 0
788, 182, 1, 5, 0, 0, 0.24%, 0, 0, 1, 32.11, 25584, 157, 0, 0
793, 183, 1, 5, 0, 0, 0.24%, 0, 0, 1, 31.98, 25745, 157, 0, 0
798, 184, 1, 5, 0, 0, 0.24%, 0, 0, 1, 32.06, 25906, 157, 0, 0
803, 185, 1, 5, 0, 0, 0.24%, 0, 0, 1, 32.54, 26074, 157, 0, 0
808, 187, 1, 5, 0, 0, 0.24%, 0, 0, 1, 32.69, 26242, 157, 0, 0
814, 188, 1, 5, 0, 0, 0.24%, 0, 0, 1, 32.63, 26410, 157, 0, 0
819, 189, 1, 5, 0, 0, 0.24%, 0, 0, 1, 32.68, 26578, 157, 0, 0
824, 190, 1, 5, 0, 0, 0.24%, 0, 0, 1, 32.49, 26746, 157, 0, 0
829, 191, 1, 5, 0, 0, 0.24%, 0, 0, 1, 32.37, 26914, 157, 0, 0
834, 193, 1, 5, 0, 0, 0.24%, 0, 0, 1, 32.46, 27082, 157, 0, 0
840, 194, 1, 5, 0, 0, 0.24%, 0, 0, 1, 32.43, 27250, 157, 0, 0
845, 195, 1, 5, 0, 0, 0.24%, 0, 0, 1, 32.89, 27418, 157, 0, 0
850, 196, 1, 5, 0, 0, 0.24%, 0, 0, 1, 31.95, 27579, 157, 0, 0
855, 197, 1, 5, 0, 0, 0.24%, 0, 0, 1, 32.57, 27747, 157, 0, 0
860, 199, 1, 5, 0, 0, 0.24%, 0, 0, 1, 32.81, 27915, 157, 0, 0
865, 200, 1, 5, 0, 0, 0.24%, 0, 0, 1, 32.77, 28083, 157, 0, 0
870, 201, 1, 5, 0, 0, 0.24%, 0, 0, 1, 32.40, 28251, 157, 0, 0
875, 202, 1, 5, 0, 0, 0.24%, 0, 0, 1, 32.41, 28419, 157, 0, 0
881, 203, 1, 5, 0, 0, 0.24%, 0, 0, 1, 32.60, 28587, 157, 0, 0
886, 205, 1, 5, 0, 0, 0.24%, 0, 0, 1, 32.89, 28755, 157, 0, 0
891, 206, 1, 5, 0, 0, 0.24%, 0, 0, 1, 32.01, 28919, 157, 0, 0
896, 207, 1, 5, 0, 0, 0.24%, 0, 0, 1, 31.09, 29076, 157, 0, 0
897, 207, 1, 5, 0, 0, 0.24%, 0, 0, 1, 30.85, 29113, 157, 0, 0
