# relative_time, cycles_done, cur_item, corpus_count, pending_total, pending_favs, map_size, saved_crashes, saved_hangs, max_depth, execs_per_sec, total_execs, edges_found, total_crashes, servers_count
60, 10, 0, 5, 0, 0, 0.11%, 0, 0, 1, 14.33, 900, 75, 0, 0
65, 11, 0, 5, 0, 0, 0.11%, 0, 0, 1, 14.28, 972, 75, 0, 0
70, 11, 1, 5, 0, 0, 0.11%, 0, 0, 1, 14.33, 1045, 75, 0, 0
76, 12, 1, 5, 0, 0, 0.11%, 0, 0, 1, 14.32, 1118, 75, 0, 0
81, 13, 1, 5, 0, 0, 0.11%, 0, 0, 1, 14.49, 1193, 75, 0, 0
86, 14, 1, 5, 0, 0, 0.11%, 0, 0, 1, 13.99, 1265, 75, 0, 0
91, 15, 1, 5, 0, 0, 0.11%, 0, 0, 1, 13.88, 1337, 75, 0, 0
96, 16, 1, 5, 0, 0, 0.11%, 0, 0, 1, 13.86, 1409, 75, 0, 0
101, 17, 0, 5, 0, 0, 0.11%, 0, 0, 1, 13.78, 1478, 75, 0, 0
106, 17, 1, 5, 0, 0, 0.11%, 0, 0, 1, 13.88, 1550, 75, 0, 0
112, 18, 1, 5, 0, 0, 0.11%, 0, 0, 1, 13.86, 1622, 75, 0, 0
117, 19, 0, 5, 0, 0, 0.11%, 0, 0, 1, 13.83, 1694, 75, 0, 0
122, 20, 1, 5, 0, 0, 0.11%, 0, 0, 1, 13.79, 1763, 75, 0, 0
127, 21, 1, 5, 0, 0, 0.11%, 0, 0, 1, 14.01, 1835, 75, 0, 0
132, 22, 1, 5, 0, 0, 0.11%, 0, 0, 1, 14.17, 1907, 75, 0, 0
137, 23, 1, 5, 0, 0, 0.11%, 0, 0, 1, 14.22, 1979, 75, 0, 0
142, 23, 0, 5, 0, 0, 0.11%, 0, 0, 1, 14.17, 2051, 75, 0, 0
147, 24, 1, 5, 0, 0, 0.11%, 0, 0, 1, 14.31, 2123, 75, 0, 0
152, 25, 1, 5, 0, 0, 0.11%, 0, 0, 1, 14.33, 2197, 75, 0, 0
158, 26, 1, 5, 0, 0, 0.11%, 0, 0, 1, 14.39, 2272, 75, 0, 0
163, 27, 0, 5, 0, 0, 0.11%, 0, 0, 1, 14.38, 2347, 75, 0, 0
168, 28, 1, 5, 0, 0, 0.11%, 0, 0, 1, 14.36, 2419, 75, 0, 0
173, 29, 1, 5, 0, 0, 0.11%, 0, 0, 1, 14.45, 2494, 75, 0, 0
178, 30, 0, 5, 0, 0, 0.11%, 0, 0, 1, 14.37, 2566, 75, 0, 0
183, 30, 1, 5, 0, 0, 0.11%, 0, 0, 1, 14.36, 2638, 75, 0, 0
188, 31, 1, 5, 0, 0, 0.11%, 0, 0, 1, 14.40, 2711, 75, 0, 0
193, 32, 0, 5, 0, 0, 0.11%, 0, 0, 1, 14.42, 2785, 75, 0, 0
198, 33, 0, 5, 0, 0, 0.11%, 0, 0, 1, 14.35, 2857, 75, 0, 0
203, 34, 1, 5, 0, 0, 0.11%, 0, 0, 1, 14.51, 2932, 75, 0, 0
209, 35, 1, 5, 0, 0, 0.11%, 0, 0, 1, 14.50, 3007, 75, 0, 0
214, 36, 1, 5, 0, 0, 0.11%, 0, 0, 1, 14.44, 3080, 75, 0, 0
219, 37, 1, 5, 0, 0, 0.11%, 0, 0, 1, 14.43, 3155, 75, 0, 0
224, 37, 1, 5, 0, 0, 0.11%, 0, 0, 1, 14.48, 3228, 75, 0, 0
229, 38, 1, 5, 0, 0, 0.11%, 0, 0, 1, 14.11, 3300, 75, 0, 0
234, 39, 1, 5, 0, 0, 0.11%, 0, 0, 1, 14.08, 3372, 75, 0, 0
239, 40, 1, 5, 0, 0, 0.11%, 0, 0, 1, 14.04, 3444, 75, 0, 0
244, 41, 1, 5, 0, 0, 0.11%, 0, 0, 1, 13.94, 3516, 75, 0, 0
250, 42, 1, 5, 0, 0, 0.11%, 0, 0, 1, 14.01, 3588, 75, 0, 0
255, 43, 1, 5, 0, 0, 0.11%, 0, 0, 1, 13.88, 3660, 75, 0, 0
260, 43, 1, 5, 0, 0, 0.11%, 0, 0, 1, 14.03, 3732, 75, 0, 0
265, 44, 1, 5, 0, 0, 0.11%, 0, 0, 1, 13.95, 3804, 75, 0, 0
270, 45, 0, 5, 0, 0, 0.11%, 0, 0, 1, 13.90, 3876, 75, 0, 0
275, 46, 1, 5, 0, 0, 0.11%, 0, 0, 1, 13.89, 3948, 75, 0, 0
280, 47, 1, 5, 0, 0, 0.11%, 0, 0, 1, 14.04, 4020, 75, 0, 0
286, 48, 0, 5, 0, 0, 0.11%, 0, 0, 1, 13.99, 4092, 75, 0, 0
291, 49, 1, 5, 0, 0, 0.11%, 0, 0, 1, 13.92, 4164, 75, 0, 0
296, 49, 1, 5, 0, 0, 0.11%, 0, 0, 1, 14.20, 4236, 75, 0, 0
301, 50, 1, 5, 0, 0, 0.11%, 0, 0, 1, 14.10, 4308, 75, 0, 0
306, 51, 1, 5, 0, 0, 0.11%, 0, 0, 1, 13.97, 4380, 75, 0, 0
311, 52, 1, 5, 0, 0, 0.11%, 0, 0, 1, 13.95, 4452, 75, 0, 0
316, 53, 1, 5, 0, 0, 0.11%, 0, 0, 1, 14.01, 4524, 75, 0, 0
322, 54, 1, 5, 0, 0, 0.11%, 0, 0, 1, 13.98, 4596, 75, 0, 0
327, 55, 1, 5, 0, 0, 0.11%, 0, 0, 1, 13.93, 4668, 75, 0, 0
332, 55, 1, 5, 0, 0, 0.11%, 0, 0, 1, 14.11, 4740, 75, 0, 0
337, 56, 1, 5, 0, 0, 0.11%, 0, 0, 1, 14.17, 4812, 75, 0, 0
342, 57, 1, 5, 0, 0, 0.11%, 0, 0, 1, 14.17, 4884, 75, 0, 0
347, 58, 1, 5, 0, 0, 0.11%, 0, 0, 1, 14.24, 4957, 75, 0, 0
352, 59, 1, 5, 0, 0, 0.11%, 0, 0, 1, 14.16, 5029, 75, 0, 0
357, 60, 1, 5, 0, 0, 0.11%, 0, 0, 1, 13.96, 5101, 75, 0, 0
363, 61, 1, 5, 0, 0, 0.11%, 0, 0, 1, 13.93, 5173, 75, 0, 0
368, 61, 1, 5, 0, 0, 0.11%, 0, 0, 1, 14.10, 5245, 75, 0, 0
373, 62, 1, 5, 0, 0, 0.11%, 0, 0, 1, 14.24, 5317, 75, 0, 0
378, 63, 0, 5, 0, 0, 0.11%, 0, 0, 1, 14.19, 5389, 75, 0, 0
383, 64, 1, 5, 0, 0, 0.11%, 0, 0, 1, 14.28, 5461, 75, 0, 0
388, 65, 1, 5, 0, 0, 0.11%, 0, 0, 1, 14.29, 5533, 75, 0, 0
393, 66, 1, 5, 0, 0, 0.11%, 0, 0, 1, 14.17, 5605, 75, 0, 0
398, 67, 1, 5, 0, 0, 0.11%, 0, 0, 1, 14.13, 5677, 75, 0, 0
403, 67, 1, 5, 0, 0, 0.11%, 0, 0, 1, 14.11, 5749, 75, 0, 0
408, 68, 1, 5, 0, 0, 0.11%, 0, 0, 1, 14.17, 5821, 75, 0, 0
413, 69, 1, 5, 0, 0, 0.11%, 0, 0, 1, 14.15, 5893, 75, 0, 0
418, 70, 1, 5, 0, 0, 0.11%, 0, 0, 1, 14.22, 5965, 75, 0, 0
424, 71, 1, 5, 0, 0, 0.11%, 0, 0, 1, 14.14, 6037, 75, 0, 0
429, 72, 1, 5, 0, 0, 0.11%, 0, 0, 1, 14.13, 6109, 75, 0, 0
434, 73, 1, 5, 0, 0, 0.11%, 0, 0, 1, 14.08, 6181, 75, 0, 0
439, 73, 1, 5, 0, 0, 0.11%, 0, 0, 1, 14.10, 6253, 75, 0, 0
444, 74, 1, 5, 0, 0, 0.11%, 0, 0, 1, 14.07, 6325, 75, 0, 0
449, 75, 1, 5, 0, 0, 0.11%, 0, 0, 1, 14.14, 6397, 75, 0, 0
454, 76, 1, 5, 0, 0, 0.11%, 0, 0, 1, 14.03, 6469, 75, 0, 0
459, 77, 1, 5, 0, 0, 0.11%, 0, 0, 1, 14.08, 6541, 75, 0, 0
464, 78, 1, 5, 0, 0, 0.11%, 0, 0, 1, 14.01, 6613, 75, 0, 0
470, 79, 1, 5, 0, 0, 0.11%, 0, 0, 1, 13.87, 6685, 75, 0, 0
475, 79, 1, 5, 0, 0, 0.11%, 0, 0, 1, 13.89, 6757, 75, 0, 0
480, 80, 0, 5, 0, 0, 0.11%, 0, 0, 1, 13.90, 6829, 75, 0, 0
485, 81, 1, 5, 0, 0, 0.11%, 0, 0, 1, 13.96, 6901, 75, 0, 0
490, 82, 1, 5, 0, 0, 0.11%, 0, 0, 1, 14.10, 6973, 75, 0, 0
495, 83, 1, 5, 0, 0, 0.11%, 0, 0, 1, 14.02, 7045, 75, 0, 0
501, 84, 1, 5, 0, 0, 0.11%, 0, 0, 1, 13.98, 7117, 75, 0, 0
506, 85, 1, 5, 0, 0, 0.11%, 0, 0, 1, 14.04, 7189, 75, 0, 0
511, 85, 1, 5, 0, 0, 0.11%, 0, 0, 1, 14.04, 7261, 75, 0, 0
516, 86, 1, 5, 0, 0, 0.11%, 0, 0, 1, 13.99, 7333, 75, 0, 0
521, 87, 1, 5, 0, 0, 0.11%, 0, 0, 1, 13.94, 7405, 75, 0, 0
526, 88, 0, 5, 0, 0, 0.11%, 0, 0, 1, 14.01, 7477, 75, 0, 0
531, 89, 1, 5, 0, 0, 0.11%, 0, 0, 1, 14.00, 7549, 75, 0, 0
537, 90, 1, 5, 0, 0, 0.11%, 0, 0, 1, 14.01, 7621, 75, 0, 0
542, 91, 1, 5, 0, 0, 0.11%, 0, 0, 1, 13.97, 7693, 75, 0, 0
547, 91, 0, 5, 0, 0, 0.11%, 0, 0, 1, 14.00, 7765, 75, 0, 0
552, 92, 1, 5, 0, 0, 0.11%, 0, 0, 1, 13.95, 7837, 75, 0, 0
557, 93, 1, 5, 0, 0, 0.11%, 0, 0, 1, 14.00, 7909, 75, 0, 0
562, 94, 1, 5, 0, 0, 0.11%, 0, 0, 1, 13.93, 7981, 75, 0, 0
568, 95, 1, 5, 0, 0, 0.11%, 0, 0, 1, 13.97, 8053, 75, 0, 0
573, 96, 1, 5, 0, 0, 0.11%, 0, 0, 1, 13.90, 8125, 75, 0, 0
578, 97, 0, 5, 0, 0, 0.11%, 0, 0, 1, 13.94, 8197, 75, 0, 0
583, 97, 1, 5, 0, 0, 0.11%, 0, 0, 1, 13.86, 8269, 75, 0, 0
588, 98, 0, 5, 0, 0, 0.11%, 0, 0, 1, 14.00, 8341, 75, 0, 0
593, 99, 0, 5, 0, 0, 0.11%, 0, 0, 1, 14.15, 8413, 75, 0, 0
598, 100, 1, 5, 0, 0, 0.11%, 0, 0, 1, 14.32, 8485, 75, 0, 0
603, 101, 1, 5, 0, 0, 0.11%, 0, 0, 1, 14.10, 8557, 75, 0, 0
609, 102, 1, 5, 0, 0, 0.11%, 0, 0, 1, 14.11, 8629, 75, 0, 0
614, 103, 1, 5, 0, 0, 0.11%, 0, 0, 1, 13.86, 8701, 75, 0, 0
619, 103, 1, 5, 0, 0, 0.11%, 0, 0, 1, 13.89, 8773, 75, 0, 0
624, 104, 1, 5, 0, 0, 0.11%, 0, 0, 1, 14.03, 8845, 75, 0, 0
629, 105, 1, 5, 0, 0, 0.11%, 0, 0, 1, 14.15, 8917, 75, 0, 0
634, 106, 1, 5, 0, 0, 0.11%, 0, 0, 1, 14.08, 8989, 75, 0, 0
639, 107, 1, 5, 0, 0, 0.11%, 0, 0, 1, 14.43, 9064, 75, 0, 0
644, 108, 1, 5, 0, 0, 0.11%, 0, 0, 1, 14.35, 9136, 75, 0, 0
650, 109, 1, 5, 0, 0, 0.11%, 0, 0, 1, 14.32, 9208, 75, 0, 0
655, 109, 1, 5, 0, 0, 0.11%, 0, 0, 1, 14.32, 9280, 75, 0, 0
660, 110, 1, 5, 0, 0, 0.11%, 0, 0, 1, 14.08, 9352, 75, 0, 0
665, 111, 1, 5, 0, 0, 0.11%, 0, 0, 1, 14.23, 9424, 75, 0, 0
670, 112, 1, 5, 0, 0, 0.11%, 0, 0, 1, 14.24, 9496, 75, 0, 0
675, 113, 1, 5, 0, 0, 0.11%, 0, 0, 1, 14.21, 9568, 75, 0, 0
680, 114, 1, 5, 0, 0, 0.11%, 0, 0, 1, 14.27, 9640, 75, 0, 0
685, 115, 1, 5, 0, 0, 0.11%, 0, 0, 1, 14.13, 9712, 75, 0, 0
690, 115, 1, 5, 0, 0, 0.11%, 0, 0, 1, 14.15, 9784, 75, 0, 0
695, 116, 1, 5, 0, 0, 0.11%, 0, 0, 1, 14.20, 9856, 75, 0, 0
700, 117, 1, 5, 0, 0, 0.11%, 0, 0, 1, 14.23, 9928, 75, 0, 0
705, 118, 1, 5, 0, 0, 0.11%, 0, 0, 1, 14.27, 10000, 75, 0, 0
710, 119, 1, 5, 0, 0, 0.11%, 0, 0, 1, 14.25, 10072, 75, 0, 0
715, 120, 0, 5, 0, 0, 0.11%, 0, 0, 1, 14.16, 10144, 75, 0, 0
721, 121, 1, 5, 0, 0, 0.11%, 0, 0, 1, 14.26, 10216, 75, 0, 0
726, 121, 1, 5, 0, 0, 0.11%, 0, 0, 1, 14.15, 10288, 75, 0, 0
731, 122, 1, 5, 0, 0, 0.11%, 0, 0, 1, 14.17, 10360, 75, 0, 0
736, 123, 0, 5, 0, 0, 0.11%, 0, 0, 1, 14.14, 10432, 75, 0, 0
741, 124, 1, 5, 0, 0, 0.11%, 0, 0, 1, 14.19, 10504, 75, 0, 0
746, 125, 1, 5, 0, 0, 0.11%, 0, 0, 1, 13.88, 10573, 75, 0, 0
751, 126, 1, 5, 0, 0, 0.11%, 0, 0, 1, 13.86, 10645, 75, 0, 0
756, 127, 1, 5, 0, 0, 0.11%, 0, 0, 1, 13.75, 10714, 75, 0, 0
761, 127, 0, 5, 0, 0, 0.11%, 0, 0, 1, 13.78, 10783, 75, 0, 0
766, 128, 1, 5, 0, 0, 0.11%, 0, 0, 1, 13.75, 10852, 75, 0, 0
771, 129, 1, 5, 0, 0, 0.11%, 0, 0, 1, 13.80, 10924, 75, 0, 0
777, 130, 1, 5, 0, 0, 0.11%, 0, 0, 1, 13.81, 10996, 75, 0, 0
782, 131, 1, 5, 0, 0, 0.11%, 0, 0, 1, 13.82, 11068, 75, 0, 0
787, 132, 0, 5, 0, 0, 0.11%, 0, 0, 1, 13.75, 11137, 75, 0, 0
792, 132, 1, 5, 0, 0, 0.11%, 0, 0, 1, 14.19, 11209, 75, 0, 0
797, 133, 1, 5, 0, 0, 0.11%, 0, 0, 1, 14.27, 11281, 75, 0, 0
802, 134, 1, 5, 0, 0, 0.11%, 0, 0, 1, 14.31, 11353, 75, 0, 0
807, 135, 1, 5, 0, 0, 0.11%, 0, 0, 1, 14.15, 11425, 75, 0, 0
812, 136, 0, 5, 0, 0, 0.11%, 0, 0, 1, 14.02, 11497, 75, 0, 0
817, 137, 1, 5, 0, 0, 0.11%, 0, 0, 1, 14.02, 11569, 75, 0, 0
822, 138, 1, 5, 0, 0, 0.11%, 0, 0, 1, 14.02, 11641, 75, 0, 0
828, 138, 1, 5, 0, 0, 0.11%, 0, 0, 1, 14.05, 11713, 75, 0, 0
833, 139, 1, 5, 0, 0, 0.11%, 0, 0, 1, 14.08, 11785, 75, 0, 0
838, 140, 0, 5, 0, 0, 0.11%, 0, 0, 1, 14.20, 11857, 75, 0, 0
843, 141, 1, 5, 0, 0, 0.11%, 0, 0, 1, 14.24, 11929, 75, 0, 0
848, 142, 1, 5, 0, 0, 0.11%, 0, 0, 1, 14.24, 12001, 75, 0, 0
853, 143, 1, 5, 0, 0, 0.11%, 0, 0, 1, 14.24, 12073, 75, 0, 0
858, 144, 1, 5, 0, 0, 0.11%, 0, 0, 1, 14.32, 12145, 75, 0, 0
863, 144, 1, 5, 0, 0, 0.11%, 0, 0, 1, 14.29, 12217, 75, 0, 0
868, 145, 1, 5, 0, 0, 0.11%, 0, 0, 1, 14.20, 12289, 75, 0, 0
873, 146, 1, 5, 0, 0, 0.11%, 0, 0, 1, 14.34, 12361, 75, 0, 0
878, 147, 1, 5, 0, 0, 0.11%, 0, 0, 1, 14.24, 12433, 75, 0, 0
883, 148, 1, 5, 0, 0, 0.11%, 0, 0, 1, 14.25, 12506, 75, 0, 0
888, 149, 1, 5, 0, 0, 0.11%, 0, 0, 1, 14.05, 12578, 75, 0, 0
894, 150, 1, 5, 0, 0, 0.11%, 0, 0, 1, 13.98, 12650, 75, 0, 0
896, 150, 1, 5, 0, 0, 0.11%, 0, 0, 1, 13.76, 12682, 75, 0, 0
