# relative_time, cycles_done, cur_item, corpus_count, pending_total, pending_favs, map_size, saved_crashes, saved_hangs, max_depth, execs_per_sec, total_execs, edges_found, total_crashes, servers_count
61, 14, 1, 5, 0, 0, 0.09%, 0, 0, 1, 32.96, 2091, 56, 0, 0
66, 15, 1, 5, 0, 0, 0.09%, 0, 0, 1, 32.87, 2259, 56, 0, 0
71, 17, 1, 5, 0, 0, 0.09%, 0, 0, 1, 33.33, 2429, 56, 0, 0
76, 18, 1, 5, 0, 0, 0.09%, 0, 0, 1, 33.75, 2602, 56, 0, 0
81, 19, 1, 5, 0, 0, 0.09%, 0, 0, 1, 33.92, 2773, 56, 0, 0
86, 20, 1, 5, 0, 0, 0.09%, 0, 0, 1, 34.11, 2946, 56, 0, 0
92, 22, 1, 5, 0, 0, 0.09%, 0, 0, 1, 34.96, 3129, 56, 0, 0
97, 23, 1, 5, 0, 0, 0.09%, 0, 0, 1, 35.01, 3311, 56, 0, 0
102, 24, 0, 5, 0, 0, 0.09%, 0, 0, 1, 33.62, 3480, 56, 0, 0
107, 25, 0, 5, 0, 0, 0.09%, 0, 0, 1, 33.41, 3649, 56, 0, 0
112, 26, 1, 5, 0, 0, 0.09%, 0, 0, 1, 32.98, 3817, 56, 0, 0
117, 28, 0, 5, 0, 0, 0.09%, 0, 0, 1, 33.23, 3986, 56, 0, 0
122, 29, 0, 5, 0, 0, 0.09%, 0, 0, 1, 33.34, 4155, 56, 0, 0
127, 30, 1, 5, 0, 0, 0.09%, 0, 0, 1, 33.53, 4325, 56, 0, 0
132, 31, 1, 5, 0, 0, 0.09%, 0, 0, 1, 33.97, 4495, 56, 0, 0
137, 33, 0, 5, 0, 0, 0.09%, 0, 0, 1, 33.97, 4668, 56, 0, 0
142, 34, 1, 5, 0, 0, 0.09%, 0, 0, 1, 34.45, 4844, 56, 0, 0
147, 35, 1, 5, 0, 0, 0.09%, 0, 0, 1, 34.11, 5017, 56, 0, 0
153, 36, 1, 5, 0, 0, 0.09%, 0, 0, 1, 34.01, 5189, 56, 0, 0
158, 37, 0, 5, 0, 0, 0.09%, 0, 0, 1, 32.96, 5358, 56, 0, 0
163, 39, 1, 5, 0, 0, 0.09%, 0, 0, 1, 33.61, 5529, 56, 0, 0
168, 40, 1, 5, 0, 0, 0.09%, 0, 0, 1, 33.28, 5698, 56, 0, 0
173, 41, 1, 5, 0, 0, 0.09%, 0, 0, 1, 33.16, 5868, 56, 0, 0
178, 42, 1, 5, 0, 0, 0.09%, 0, 0, 1, 32.83, 6036, 56, 0, 0
183, 44, 1, 5, 0, 0, 0.09%, 0, 0, 1, 33.08, 6204, 56, 0, 0
188, 45, 1, 5, 0, 0, 0.09%, 0, 0, 1, 33.94, 6377, 56, 0, 0
193, 46, 1, 5, 0, 0, 0.09%, 0, 0, 1, 33.87, 6549, 56, 0, 0
198, 47, 1, 5, 0, 0, 0.09%, 0, 0, 1, 33.29, 6719, 56, 0, 0
204, 48, 0, 5, 0, 0, 0.09%, 0, 0, 1, 33.15, 6887, 56, 0, 0
209, 50, 1, 5, 0, 0, 0.09%, 0, 0, 1, 33.45, 7057, 56, 0, 0
214, 51, 1, 5, 0, 0, 0.09%, 0, 0, 1, 33.13, 7225, 56, 0, 0
219, 52, 1, 5, 0, 0, 0.09%, 0, 0, 1, 32.94, 7393, 56, 0, 0
224, 53, 1, 5, 0, 0, 0.09%, 0, 0, 1, 33.20, 7562, 56, 0, 0
229, 54, 0, 5, 0, 0, 0.09%, 0, 0, 1, 33.20, 7731, 56, 0, 0
234, 56, 1, 5, 0, 0, 0.09%, 0, 0, 1, 32.89, 7899, 56, 0, 0
239, 57, 1, 5, 0, 0, 0.09%, 0, 0, 1, 32.82, 8067, 56, 0, 0
244, 58, 1, 5, 0, 0, 0.09%, 0, 0, 1, 32.66, 8235, 56, 0, 0
249, 59, 0, 5, 0, 0, 0.09%, 0, 0, 1, 32.97, 8404, 56, 0, 0
255, 60, 1, 5, 0, 0, 0.09%, 0, 0, 1, 33.20, 8574, 56, 0, 0
260, 62, 1, 5, 0, 0, 0.09%, 0, 0, 1, 33.05, 8742, 56, 0, 0
265, 63, 1, 5, 0, 0, 0.09%, 0, 0, 1, 32.83, 8910, 56, 0, 0
270, 64, 0, 5, 0, 0, 0.09%, 0, 0, 1, 32.66, 9078, 56, 0, 0
275, 65, 0, 5, 0, 0, 0.09%, 0, 0, 1, 32.84, 9247, 56, 0, 0
280, 66, 1, 5, 0, 0, 0.09%, 0, 0, 1, 32.81, 9415, 56, 0, 0
285, 68, 1, 5, 0, 0, 0.09%, 0, 0, 1, 32.97, 9584, 56, 0, 0
290, 69, 1, 5, 0, 0, 0.09%, 0, 0, 1, 32.96, 9752, 56, 0, 0
296, 70, 1, 5, 0, 0, 0.09%, 0, 0, 1, 32.77, 9922, 56, 0, 0
301, 71, 0, 5, 0, 0, 0.09%, 0, 0, 1, 32.94, 10091, 56, 0, 0
306, 72, 0, 5, 0, 0, 0.09%, 0, 0, 1, 32.58, 10259, 56, 0, 0
311, 74, 0, 5, 0, 0, 0.09%, 0, 0, 1, 32.81, 10428, 56, 0, 0
316, 75, 1, 5, 0, 0, 0.09%, 0, 0, 1, 32.74, 10597, 56, 0, 0
321, 76, 1, 5, 0, 0, 0.09%, 0, 0, 1, 32.92, 10765, 56, 0, 0
326, 77, 1, 5, 0, 0, 0.09%, 0, 0, 1, 33.09, 10934, 56, 0, 0
332, 78, 1, 5, 0, 0, 0.09%, 0, 0, 1, 33.15, 11102, 56, 0, 0
337, 80, 1, 5, 0, 0, 0.09%, 0, 0, 1, 33.06, 11272, 56, 0, 0
342, 81, 1, 5, 0, 0, 0.09%, 0, 0, 1, 32.80, 11440, 56, 0, 0
347, 82, 1, 5, 0, 0, 0.09%, 0, 0, 1, 33.04, 11608, 56, 0, 0
352, 83, 1, 5, 0, 0, 0.09%, 0, 0, 1, 32.97, 11778, 56, 0, 0
357, 85, 0, 5, 0, 0, 0.09%, 0, 0, 1, 32.61, 11947, 56, 0, 0
362, 86, 1, 5, 0, 0, 0.09%, 0, 0, 1, 32.60, 12115, 56, 0, 0
368, 87, 1, 5, 0, 0, 0.09%, 0, 0, 1, 32.66, 12283, 56, 0, 0
373, 88, 1, 5, 0, 0, 0.09%, 0, 0, 1, 33.19, 12454, 56, 0, 0
378, 89, 1, 5, 0, 0, 0.09%, 0, 0, 1, 33.37, 12623, 56, 0, 0
383, 91, 1, 5, 0, 0, 0.09%, 0, 0, 1, 33.25, 12791, 56, 0, 0
388, 92, 0, 5, 0, 0, 0.09%, 0, 0, 1, 33.34, 12962, 56, 0, 0
393, 93, 1, 5, 0, 0, 0.09%, 0, 0, 1, 34.90, 13139, 56, 0, 0
398, 94, 1, 5, 0, 0, 0.09%, 0, 0, 1, 35.26, 13322, 56, 0, 0
403, 96, 1, 5, 0, 0, 0.09%, 0, 0, 1, 34.87, 13498, 56, 0, 0
408, 97, 1, 5, 0, 0, 0.09%, 0, 0, 1, 34.62, 13673, 56, 0, 0
413, 98, 1, 5, 0, 0, 0.09%, 0, 0, 1, 35.09, 13852, 56, 0, 0
418, 99, 1, 5, 0, 0, 0.09%, 0, 0, 1, 34.26, 14024, 56, 0, 0
424, 101, 1, 5, 0, 0, 0.09%, 0, 0, 1, 34.58, 14199, 56, 0, 0
429, 102, 1, 5, 0, 0, 0.09%, 0, 0, 1, 35.05, 14377, 56, 0, 0
434, 103, 1, 5, 0, 0, 0.09%, 0, 0, 1, 35.36, 14555, 56, 0, 0
439, 104, 1, 5, 0, 0, 0.09%, 0, 0, 1, 34.75, 14730, 56, 0, 0
444, 106, 1, 5, 0, 0, 0.09%, 0, 0, 1, 34.76, 14904, 56, 0, 0
449, 107, 1, 5, 0, 0, 0.09%, 0, 0, 1, 34.77, 15079, 56, 0, 0
454, 108, 0, 5, 0, 0, 0.09%, 0, 0, 1, 34.62, 15256, 56, 0, 0
459, 109, 1, 5, 0, 0, 0.09%, 0, 0, 1, 34.39, 15430, 56, 0, 0
464, 111, 1, 5, 0, 0, 0.09%, 0, 0, 1, 34.26, 15602, 56, 0, 0
469, 112, 1, 5, 0, 0, 0.09%, 0, 0, 1, 34.31, 15774, 56, 0, 0
474, 113, 1, 5, 0, 0, 0.09%, 0, 0, 1, 34.64, 15950, 56, 0, 0
479, 114, 1, 5, 0, 0, 0.09%, 0, 0, 1, 34.34, 16122, 56, 0, 0
484, 116, 1, 5, 0, 0, 0.09%, 0, 0, 1, 34.09, 16295, 56, 0, 0
489, 117, 0, 5, 0, 0, 0.09%, 0, 0, 1, 33.88, 16466, 56, 0, 0
494, 118, 0, 5, 0, 0, 0.09%, 0, 0, 1, 34.18, 16638, 56, 0, 0
499, 119, 1, 5, 0, 0, 0.09%, 0, 0, 1, 34.51, 16811, 56, 0, 0
504, 121, 1, 5, 0, 0, 0.09%, 0, 0, 1, 34.37, 16985, 56, 0, 0
509, 122, 1, 5, 0, 0, 0.09%, 0, 0, 1, 34.36, 17157, 56, 0, 0
514, 123, 1, 5, 0, 0, 0.09%, 0, 0, 1, 34.25, 17335, 56, 0, 0
519, 124, 1, 5, 0, 0, 0.09%, 0, 0, 1, 34.70, 17510, 56, 0, 0
525, 126, 1, 5, 0, 0, 0.09%, 0, 0, 1, 34.56, 17683, 56, 0, 0
530, 127, 1, 5, 0, 0, 0.09%, 0, 0, 1, 34.80, 17857, 56, 0, 0
535, 128, 1, 5, 0, 0, 0.09%, 0, 0, 1, 34.21, 18034, 56, 0, 0
540, 129, 1, 5, 0, 0, 0.09%, 0, 0, 1, 34.56, 18210, 56, 0, 0
545, 130, 1, 5, 0, 0, 0.09%, 0, 0, 1, 33.98, 18380, 56, 0, 0
550, 132, 1, 5, 0, 0, 0.09%, 0, 0, 1, 34.29, 18557, 56, 0, 0
555, 133, 0, 5, 0, 0, 0.09%, 0, 0, 1, 34.06, 18727, 56, 0, 0
560, 134, 1, 5, 0, 0, 0.09%, 0, 0, 1, 33.78, 18897, 56, 0, 0
565, 135, 1, 5, 0, 0, 0.09%, 0, 0, 1, 34.44, 19072, 56, 0, 0
570, 137, 1, 5, 0, 0, 0.09%, 0, 0, 1, 34.31, 19244, 56, 0, 0
575, 138, 1, 5, 0, 0, 0.09%, 0, 0, 1, 34.79, 19421, 56, 0, 0
580, 139, 1, 5, 0, 0, 0.09%, 0, 0, 1, 34.28, 19593, 56, 0, 0
585, 140, 1, 5, 0, 0, 0.09%, 0, 0, 1, 34.37, 19765, 56, 0, 0
590, 142, 1, 5, 0, 0, 0.09%, 0, 0, 1, 33.58, 19934, 56, 0, 0
595, 143, 0, 5, 0, 0, 0.09%, 0, 0, 1, 32.87, 20102, 56, 0, 0
601, 144, 1, 5, 0, 0, 0.09%, 0, 0, 1, 32.94, 20270, 56, 0, 0
606, 145, 1, 5, 0, 0, 0.09%, 0, 0, 1, 32.75, 20439, 56, 0, 0
611, 146, 1, 5, 0, 0, 0.09%, 0, 0, 1, 32.84, 20608, 56, 0, 0
616, 148, 1, 5, 0, 0, 0.09%, 0, 0, 1, 32.58, 20776, 56, 0, 0
621, 149, 1, 5, 0, 0, 0.09%, 0, 0, 1, 32.52, 20945, 56, 0, 0
626, 150, 0, 5, 0, 0, 0.09%, 0, 0, 1, 32.52, 21113, 56, 0, 0
632, 151, 1, 5, 0, 0, 0.09%, 0, 0, 1, 32.78, 21281, 56, 0, 0
637, 152, 0, 5, 0, 0, 0.09%, 0, 0, 1, 32.99, 21449, 56, 0, 0
642, 154, 1, 5, 0, 0, 0.09%, 0, 0, 1, 33.13, 21618, 56, 0, 0
647, 155, 1, 5, 0, 0, 0.09%, 0, 0, 1, 33.19, 21789, 56, 0, 0
652, 156, 1, 5, 0, 0, 0.09%, 0, 0, 1, 32.94, 21957, 56, 0, 0
657, 157, 1, 5, 0, 0, 0.09%, 0, 0, 1, 32.70, 22125, 56, 0, 0
662, 158, 1, 5, 0, 0, 0.09%, 0, 0, 1, 32.92, 22294, 56, 0, 0
667, 160, 0, 5, 0, 0, 0.09%, 0, 0, 1, 32.96, 22463, 56, 0, 0
673, 161, 1, 5, 0, 0, 0.09%, 0, 0, 1, 32.89, 22632, 56, 0, 0
678, 162, 1, 5, 0, 0, 0.09%, 0, 0, 1, 32.87, 22800, 56, 0, 0
683, 163, 1, 5, 0, 0, 0.09%, 0, 0, 1, 32.98, 22968, 56, 0, 0
688, 164, 1, 5, 0, 0, 0.09%, 0, 0, 1, 32.66, 23136, 56, 0, 0
693, 166, 1, 5, 0, 0, 0.09%, 0, 0, 1, 33.38, 23306, 56, 0, 0
698, 167, 1, 5, 0, 0, 0.09%, 0, 0, 1, 34.04, 23478, 56, 0, 0
703, 168, 1, 5, 0, 0, 0.09%, 0, 0, 1, 34.42, 23654, 56, 0, 0
708, 169, 1, 5, 0, 0, 0.09%, 0, 0, 1, 34.65, 23831, 56, 0, 0
713, 171, 1, 5, 0, 0, 0.09%, 0, 0, 1, 34.20, 24009, 56, 0, 0
718, 172, 1, 5, 0, 0, 0.09%, 0, 0, 1, 34.53, 24182, 56, 0, 0
723, 173, 1, 5, 0, 0, 0.09%, 0, 0, 1, 34.62, 24355, 56, 0, 0
728, 174, 1, 5, 0, 0, 0.09%, 0, 0, 1, 34.50, 24527, 56, 0, 0
734, 176, 1, 5, 0, 0, 0.09%, 0, 0, 1, 33.02, 24695, 56, 0, 0
739, 177, 1, 5, 0, 0, 0.09%, 0, 0, 1, 33.16, 24863, 56, 0, 0
744, 178, 1, 5, 0, 0, 0.09%, 0, 0, 1, 33.04, 25031, 56, 0, 0
749, 179, 1, 5, 0, 0, 0.09%, 0, 0, 1, 32.46, 25199, 56, 0, 0
754, 180, 0, 5, 0, 0, 0.09%, 0, 0, 1, 33.87, 25373, 56, 0, 0
759, 182, 1, 5, 0, 0, 0.09%, 0, 0, 1, 33.23, 25542, 56, 0, 0
764, 183, 1, 5, 0, 0, 0.09%, 0, 0, 1, 33.02, 25711, 56, 0, 0
769, 184, 1, 5, 0, 0, 0.09%, 0, 0, 1, 34.35, 25888, 56, 0, 0
774, 185, 0, 5, 0, 0, 0.09%, 0, 0, 1, 33.78, 26057, 56, 0, 0
779, 187, 1, 5, 0, 0, 0.09%, 0, 0, 1, 34.02, 26229, 56, 0, 0
785, 188, 1, 5, 0, 0, 0.09%, 0, 0, 1, 33.38, 26397, 56, 0, 0
790, 189, 1, 5, 0, 0, 0.09%, 0, 0, 1, 33.17, 26566, 56, 0, 0
795, 190, 1, 5, 0, 0, 0.09%, 0, 0, 1, 33.81, 26736, 56, 0, 0
800, 191, 1, 5, 0, 0, 0.09%, 0, 0, 1, 33.56, 26907, 56, 0, 0
805, 193, 1, 5, 0, 0, 0.09%, 0, 0, 1, 33.39, 27076, 56, 0, 0
810, 194, 1, 5, 0, 0, 0.09%, 0, 0, 1, 33.32, 27245, 56, 0, 0
815, 195, 1, 5, 0, 0, 0.09%, 0, 0, 1, 33.81, 27418, 56, 0, 0
820, 196, 1, 5, 0, 0, 0.09%, 0, 0, 1, 33.58, 27589, 56, 0, 0
825, 197, 1, 5, 0, 0, 0.09%, 0, 0, 1, 33.49, 27758, 56, 0, 0
830, 199, 0, 5, 0, 0, 0.09%, 0, 0, 1, 33.11, 27927, 56, 0, 0
835, 200, 1, 5, 0, 0, 0.09%, 0, 0, 1, 33.76, 28097, 56, 0, 0
840, 201, 0, 5, 0, 0, 0.09%, 0, 0, 1, 33.33, 28265, 56, 0, 0
845, 202, 1, 5, 0, 0, 0.09%, 0, 0, 1, 33.23, 28433, 56, 0, 0
850, 203, 1, 5, 0, 0, 0.09%, 0, 0, 1, 33.19, 28601, 56, 0, 0
856, 205, 0, 5, 0, 0, 0.09%, 0, 0, 1, 32.91, 28769, 56, 0, 0
861, 206, 1, 5, 0, 0, 0.09%, 0, 0, 1, 32.93, 28938, 56, 0, 0
866, 207, 1, 5, 0, 0, 0.09%, 0, 0, 1, 33.04, 29108, 56, 0, 0
871, 208, 1, 5, 0, 0, 0.09%, 0, 0, 1, 33.19, 29278, 56, 0, 0
876, 210, 1, 5, 0, 0, 0.09%, 0, 0, 1, 33.62, 29448, 56, 0, 0
881, 211, 1, 5, 0, 0, 0.09%, 0, 0, 1, 34.28, 29622, 56, 0, 0
886, 212, 1, 5, 0, 0, 0.09%, 0, 0, 1, 34.20, 29800, 56, 0, 0
891, 213, 1, 5, 0, 0, 0.09%, 0, 0, 1, 34.54, 29976, 56, 0, 0
897, 215, 1, 5, 0, 0, 0.09%, 0, 0, 1, 33.67, 30147, 56, 0, 0
897, 215, 1, 5, 0, 0, 0.09%, 0, 0, 1, 33.16, 30172, 56, 0, 0
