# relative_time, cycles_done, cur_item, corpus_count, pending_total, pending_favs, map_size, saved_crashes, saved_hangs, max_depth, execs_per_sec, total_execs, edges_found, total_crashes, servers_count
61, 1, 1, 5, 0, 0, 0.02%, 1, 0, 1, 4.87, 383, 12, 267, 0
66, 1, 1, 5, 0, 0, 0.02%, 1, 0, 1, 5.04, 409, 12, 290, 0
71, 1, 1, 5, 0, 0, 0.02%, 1, 0, 1, 5.86, 439, 12, 312, 0
76, 1, 1, 5, 0, 0, 0.02%, 1, 0, 1, 5.24, 464, 12, 334, 0
81, 1, 1, 5, 0, 0, 0.02%, 1, 0, 1, 5.60, 495, 12, 356, 0
86, 1, 1, 5, 0, 0, 0.02%, 1, 0, 1, 6.28, 530, 12, 378, 0
91, 1, 1, 5, 0, 0, 0.02%, 1, 0, 1, 7.30, 575, 12, 399, 0
96, 1, 1, 5, 0, 0, 0.02%, 1, 0, 1, 6.63, 607, 12, 421, 0
102, 1, 1, 5, 0, 0, 0.02%, 1, 0, 1, 6.52, 639, 12, 444, 0
107, 1, 1, 5, 0, 0, 0.02%, 1, 0, 1, 8.41, 685, 12, 465, 0
112, 1, 1, 5, 0, 0, 0.02%, 1, 0, 1, 6.21, 714, 12, 487, 0
117, 2, 1, 5, 0, 0, 0.02%, 1, 0, 1, 5.89, 743, 12, 509, 0
122, 2, 1, 5, 0, 0, 0.02%, 1, 0, 1, 6.85, 777, 12, 531, 0
127, 2, 1, 5, 0, 0, 0.02%, 1, 0, 1, 7.60, 819, 12, 552, 0
132, 2, 1, 5, 0, 0, 0.02%, 1, 0, 1, 6.53, 854, 12, 574, 0
137, 2, 1, 5, 0, 0, 0.02%, 1, 0, 1, 5.53, 882, 12, 597, 0
142, 2, 1, 5, 0, 0, 0.02%, 1, 0, 1, 6.22, 916, 12, 619, 0
147, 2, 1, 5, 0, 0, 0.02%, 1, 0, 1, 5.27, 943, 12, 642, 0
153, 2, 1, 5, 0, 0, 0.02%, 1, 0, 1, 5.24, 971, 12, 665, 0
158, 2, 1, 5, 0, 0, 0.02%, 1, 0, 1, 5.52, 1001, 12, 688, 0
163, 2, 1, 5, 0, 0, 0.02%, 1, 0, 1, 5.05, 1027, 12, 711, 0
168, 2, 1, 5, 0, 0, 0.02%, 1, 0, 1, 7.81, 1070, 12, 732, 0
173, 3, 1, 5, 0, 0, 0.02%, 1, 0, 1, 6.61, 1104, 12, 754, 0
178, 3, 1, 5, 0, 0, 0.02%, 1, 0, 1, 5.08, 1128, 12, 777, 0
184, 3, 1, 5, 0, 0, 0.02%, 1, 0, 1, 5.69, 1159, 12, 799, 0
189, 3, 1, 5, 0, 0, 0.02%, 1, 0, 1, 6.11, 1192, 12, 821, 0
194, 3, 1, 5, 0, 0, 0.02%, 1, 0, 1, 5.35, 1219, 12, 844, 0
199, 3, 1, 5, 0, 0, 0.02%, 1, 0, 1, 5.47, 1249, 12, 867, 0
204, 3, 1, 5, 0, 0, 0.02%, 1, 0, 1, 5.22, 1275, 12, 889, 0
209, 3, 1, 5, 0, 0, 0.02%, 1, 0, 1, 5.30, 1303, 12, 912, 0
214, 3, 1, 5, 0, 0, 0.02%, 1, 0, 1, 4.89, 1327, 12, 935, 0
220, 3, 1, 5, 0, 0, 0.02%, 1, 0, 1, 5.87, 1359, 12, 958, 0
225, 3, 1, 5, 0, 0, 0.02%, 1, 0, 1, 6.43, 1393, 12, 980, 0
230, 3, 1, 5, 0, 0, 0.02%, 1, 0, 1, 6.08, 1424, 12, 1002, 0
235, 4, 1, 5, 0, 0, 0.02%, 1, 0, 1, 5.80, 1453, 12, 1025, 0
240, 4, 1, 5, 0, 0, 0.02%, 1, 0, 1, 5.68, 1482, 12, 1047, 0
245, 4, 1, 5, 0, 0, 0.02%, 1, 0, 1, 6.34, 1515, 12, 1069, 0
250, 4, 1, 5, 0, 0, 0.02%, 1, 0, 1, 5.73, 1544, 12, 1091, 0
255, 4, 1, 5, 0, 0, 0.02%, 1, 0, 1, 5.87, 1574, 12, 1113, 0
260, 4, 1, 5, 0, 0, 0.02%, 1, 0, 1, 5.32, 1601, 12, 1135, 0
266, 4, 1, 5, 0, 0, 0.02%, 1, 0, 1, 4.86, 1625, 12, 1157, 0
271, 4, 1, 5, 0, 0, 0.02%, 1, 0, 1, 5.00, 1651, 12, 1180, 0
276, 4, 1, 5, 0, 0, 0.02%, 1, 0, 1, 4.66, 1674, 12, 1203, 0
281, 4, 1, 5, 0, 0, 0.02%, 1, 0, 1, 5.26, 1702, 12, 1226, 0
286, 4, 1, 5, 0, 0, 0.02%, 1, 0, 1, 5.53, 1732, 12, 1248, 0
291, 4, 1, 5, 0, 0, 0.02%, 1, 0, 1, 5.29, 1759, 12, 1271, 0
296, 5, 1, 5, 0, 0, 0.02%, 1, 0, 1, 4.99, 1784, 12, 1293, 0
301, 5, 1, 5, 0, 0, 0.02%, 1, 0, 1, 5.72, 1814, 12, 1315, 0
306, 5, 1, 5, 0, 0, 0.02%, 1, 0, 1, 5.22, 1840, 12, 1338, 0
311, 5, 1, 5, 0, 0, 0.02%, 1, 0, 1, 6.05, 1872, 12, 1360, 0
316, 5, 1, 5, 0, 0, 0.02%, 1, 0, 1, 6.08, 1901, 12, 1382, 0
322, 5, 1, 5, 0, 0, 0.02%, 1, 0, 1, 5.70, 1931, 12, 1404, 0
327, 5, 1, 5, 0, 0, 0.02%, 1, 0, 1, 5.13, 1956, 12, 1426, 0
332, 5, 1, 5, 0, 0, 0.02%, 1, 0, 1, 5.16, 1983, 12, 1449, 0
337, 5, 1, 5, 0, 0, 0.02%, 1, 0, 1, 6.33, 2018, 12, 1471, 0
342, 5, 1, 5, 0, 0, 0.02%, 1, 0, 1, 5.79, 2047, 12, 1493, 0
347, 5, 1, 5, 0, 0, 0.02%, 1, 0, 1, 5.64, 2076, 12, 1515, 0
352, 5, 1, 5, 0, 0, 0.02%, 1, 0, 1, 6.15, 2109, 12, 1537, 0
357, 6, 1, 5, 0, 0, 0.02%, 1, 0, 1, 6.42, 2144, 12, 1559, 0
362, 6, 1, 5, 0, 0, 0.02%, 1, 0, 1, 6.15, 2177, 12, 1581, 0
368, 6, 1, 5, 0, 0, 0.02%, 1, 0, 1, 7.51, 2226, 12, 1602, 0
373, 6, 1, 5, 0, 0, 0.02%, 1, 0, 1, 8.32, 2270, 12, 1623, 0
378, 6, 1, 5, 0, 0, 0.02%, 1, 0, 1, 6.12, 2301, 12, 1645, 0
383, 6, 1, 5, 0, 0, 0.02%, 1, 0, 1, 6.41, 2335, 12, 1668, 0
388, 6, 1, 5, 0, 0, 0.02%, 1, 0, 1, 7.72, 2384, 12, 1689, 0
393, 6, 1, 5, 0, 0, 0.02%, 1, 0, 1, 5.85, 2412, 12, 1712, 0
399, 6, 1, 5, 0, 0, 0.02%, 1, 0, 1, 5.49, 2441, 12, 1735, 0
404, 6, 1, 5, 0, 0, 0.02%, 1, 0, 1, 5.62, 2469, 12, 1757, 0
409, 7, 1, 5, 0, 0, 0.02%, 1, 0, 1, 5.53, 2495, 12, 1779, 0
414, 7, 1, 5, 0, 0, 0.02%, 1, 0, 1, 5.82, 2525, 12, 1802, 0
419, 7, 1, 5, 0, 0, 0.02%, 1, 0, 1, 5.30, 2554, 12, 1824, 0
424, 7, 1, 5, 0, 0, 0.02%, 1, 0, 1, 5.30, 2581, 12, 1847, 0
429, 7, 1, 5, 0, 0, 0.02%, 1, 0, 1, 5.42, 2608, 12, 1869, 0
434, 7, 1, 5, 0, 0, 0.02%, 1, 0, 1, 4.83, 2632, 12, 1892, 0
439, 7, 1, 5, 0, 0, 0.02%, 1, 0, 1, 5.20, 2659, 12, 1914, 0
444, 7, 1, 5, 0, 0, 0.02%, 1, 0, 1, 4.88, 2683, 12, 1936, 0
449, 7, 1, 5, 0, 0, 0.02%, 1, 0, 1, 5.55, 2713, 12, 1958, 0
454, 7, 1, 5, 0, 0, 0.02%, 1, 0, 1, 6.63, 2752, 12, 1980, 0
460, 7, 1, 5, 0, 0, 0.02%, 1, 0, 1, 5.41, 2780, 12, 2003, 0
465, 7, 1, 5, 0, 0, 0.02%, 1, 0, 1, 5.23, 2807, 12, 2025, 0
470, 8, 1, 5, 0, 0, 0.02%, 1, 0, 1, 5.47, 2837, 12, 2048, 0
475, 8, 1, 5, 0, 0, 0.02%, 1, 0, 1, 4.86, 2862, 12, 2071, 0
480, 8, 1, 5, 0, 0, 0.02%, 1, 0, 1, 4.68, 2886, 12, 2093, 0
485, 8, 1, 5, 0, 0, 0.02%, 1, 0, 1, 5.24, 2915, 12, 2116, 0
490, 8, 1, 5, 0, 0, 0.02%, 1, 0, 1, 4.90, 2940, 12, 2139, 0
496, 8, 1, 5, 0, 0, 0.02%, 1, 0, 1, 4.96, 2966, 12, 2162, 0
501, 8, 1, 5, 0, 0, 0.02%, 1, 0, 1, 4.99, 2991, 12, 2185, 0
506, 8, 1, 5, 0, 0, 0.02%, 1, 0, 1, 5.10, 3017, 12, 2207, 0
511, 8, 1, 5, 0, 0, 0.02%, 1, 0, 1, 5.28, 3044, 12, 2230, 0
516, 8, 1, 5, 0, 0, 0.02%, 1, 0, 1, 5.59, 3074, 12, 2252, 0
521, 8, 1, 5, 0, 0, 0.02%, 1, 0, 1, 8.06, 3120, 12, 2273, 0
526, 8, 1, 5, 0, 0, 0.02%, 1, 0, 1, 7.86, 3160, 12, 2294, 0
531, 9, 1, 5, 0, 0, 0.02%, 1, 0, 1, 7.51, 3203, 12, 2315, 0
536, 9, 1, 5, 0, 0, 0.02%, 1, 0, 1, 5.68, 3229, 12, 2338, 0
542, 9, 1, 5, 0, 0, 0.02%, 1, 0, 1, 5.12, 3254, 12, 2361, 0
547, 9, 1, 5, 0, 0, 0.02%, 1, 0, 1, 5.44, 3282, 12, 2384, 0
552, 9, 1, 5, 0, 0, 0.02%, 1, 0, 1, 5.01, 3308, 12, 2407, 0
557, 9, 1, 5, 0, 0, 0.02%, 1, 0, 1, 5.26, 3335, 12, 2429, 0
562, 9, 1, 5, 0, 0, 0.02%, 1, 0, 1, 5.05, 3361, 12, 2451, 0
567, 9, 1, 5, 0, 0, 0.02%, 1, 0, 1, 4.63, 3384, 12, 2474, 0
572, 9, 1, 5, 0, 0, 0.02%, 1, 0, 1, 4.90, 3410, 12, 2497, 0
577, 9, 1, 5, 0, 0, 0.02%, 1, 0, 1, 4.82, 3434, 12, 2520, 0
582, 9, 1, 5, 0, 0, 0.02%, 1, 0, 1, 5.21, 3460, 12, 2542, 0
587, 9, 1, 5, 0, 0, 0.02%, 1, 0, 1, 4.98, 3485, 12, 2564, 0
593, 9, 1, 5, 0, 0, 0.02%, 1, 0, 1, 4.94, 3511, 12, 2587, 0
598, 10, 1, 5, 0, 0, 0.02%, 1, 0, 1, 5.61, 3541, 12, 2609, 0
603, 10, 1, 5, 0, 0, 0.02%, 1, 0, 1, 6.81, 3586, 12, 2630, 0
608, 10, 1, 5, 0, 0, 0.02%, 1, 0, 1, 5.98, 3614, 12, 2652, 0
613, 10, 1, 5, 0, 0, 0.02%, 1, 0, 1, 5.25, 3640, 12, 2674, 0
618, 10, 1, 5, 0, 0, 0.02%, 1, 0, 1, 4.82, 3665, 12, 2697, 0
623, 10, 1, 5, 0, 0, 0.02%, 1, 0, 1, 5.14, 3691, 12, 2719, 0
628, 10, 1, 5, 0, 0, 0.02%, 1, 0, 1, 5.87, 3725, 12, 2741, 0
633, 10, 1, 5, 0, 0, 0.02%, 1, 0, 1, 6.95, 3763, 12, 2763, 0
639, 10, 1, 5, 0, 0, 0.02%, 1, 0, 1, 8.61, 3811, 12, 2784, 0
644, 10, 1, 5, 0, 0, 0.02%, 1, 0, 1, 6.45, 3850, 12, 2806, 0
649, 10, 1, 5, 0, 0, 0.02%, 1, 0, 1, 5.49, 3877, 12, 2828, 0
654, 11, 1, 5, 0, 0, 0.02%, 1, 0, 1, 5.39, 3905, 12, 2850, 0
659, 11, 1, 5, 0, 0, 0.02%, 1, 0, 1, 6.08, 3936, 12, 2872, 0
664, 11, 1, 5, 0, 0, 0.02%, 1, 0, 1, 5.16, 3961, 12, 2894, 0
669, 11, 1, 5, 0, 0, 0.02%, 1, 0, 1, 4.88, 3986, 12, 2916, 0
674, 11, 1, 5, 0, 0, 0.02%, 1, 0, 1, 8.04, 4031, 12, 2937, 0
679, 11, 1, 5, 0, 0, 0.02%, 1, 0, 1, 7.92, 4072, 12, 2959, 0
684, 11, 1, 5, 0, 0, 0.02%, 1, 0, 1, 5.83, 4100, 12, 2981, 0
689, 11, 1, 5, 0, 0, 0.02%, 1, 0, 1, 5.18, 4126, 12, 3004, 0
695, 11, 1, 5, 0, 0, 0.02%, 1, 0, 1, 4.72, 4150, 12, 3027, 0
700, 11, 1, 5, 0, 0, 0.02%, 1, 0, 1, 4.97, 4177, 12, 3050, 0
705, 11, 1, 5, 0, 0, 0.02%, 1, 0, 1, 5.21, 4204, 12, 3072, 0
710, 11, 1, 5, 0, 0, 0.02%, 1, 0, 1, 4.78, 4228, 12, 3094, 0
715, 12, 1, 5, 0, 0, 0.02%, 1, 0, 1, 5.40, 4257, 12, 3117, 0
720, 12, 1, 5, 0, 0, 0.02%, 1, 0, 1, 5.51, 4288, 12, 3139, 0
725, 12, 1, 5, 0, 0, 0.02%, 1, 0, 1, 5.40, 4316, 12, 3162, 0
730, 12, 1, 5, 0, 0, 0.02%, 1, 0, 1, 7.63, 4359, 12, 3183, 0
736, 12, 1, 5, 0, 0, 0.02%, 1, 0, 1, 7.67, 4401, 12, 3205, 0
741, 12, 1, 5, 0, 0, 0.02%, 1, 0, 1, 7.10, 4441, 12, 3226, 0
746, 12, 1, 5, 0, 0, 0.02%, 1, 0, 1, 6.06, 4470, 12, 3248, 0
751, 12, 1, 5, 0, 0, 0.02%, 1, 0, 1, 6.06, 4501, 12, 3271, 0
756, 12, 1, 5, 0, 0, 0.02%, 1, 0, 1, 6.14, 4532, 12, 3294, 0
761, 12, 1, 5, 0, 0, 0.02%, 1, 0, 1, 7.22, 4570, 12, 3316, 0
766, 13, 1, 5, 0, 0, 0.02%, 1, 0, 1, 6.35, 4602, 12, 3338, 0
771, 13, 1, 5, 0, 0, 0.02%, 1, 0, 1, 5.25, 4627, 12, 3360, 0
776, 13, 1, 5, 0, 0, 0.02%, 1, 0, 1, 5.22, 4654, 12, 3383, 0
781, 13, 1, 5, 0, 0, 0.02%, 1, 0, 1, 5.37, 4681, 12, 3405, 0
786, 13, 1, 5, 0, 0, 0.02%, 1, 0, 1, 6.07, 4713, 12, 3427, 0
791, 13, 1, 5, 0, 0, 0.02%, 1, 0, 1, 6.19, 4743, 12, 3449, 0
797, 13, 1, 5, 0, 0, 0.02%, 1, 0, 1, 5.63, 4771, 12, 3471, 0
802, 13, 1, 5, 0, 0, 0.02%, 1, 0, 1, 5.30, 4798, 12, 3494, 0
807, 13, 1, 5, 0, 0, 0.02%, 1, 0, 1, 4.70, 4821, 12, 3517, 0
812, 13, 1, 5, 0, 0, 0.02%, 1, 0, 1, 4.89, 4846, 12, 3540, 0
817, 13, 1, 5, 0, 0, 0.02%, 1, 0, 1, 5.18, 4874, 12, 3562, 0
822, 13, 1, 5, 0, 0, 0.02%, 1, 0, 1, 8.23, 4920, 12, 3584, 0
827, 14, 1, 5, 0, 0, 0.02%, 1, 0, 1, 5.86, 4950, 12, 3607, 0
832, 14, 1, 5, 0, 0, 0.02%, 1, 0, 1, 5.41, 4977, 12, 3629, 0
838, 14, 1, 5, 0, 0, 0.02%, 1, 0, 1, 6.56, 5013, 12, 3651, 0
843, 14, 1, 5, 0, 0, 0.02%, 1, 0, 1, 8.25, 5054, 12, 3672, 0
848, 14, 1, 5, 0, 0, 0.02%, 1, 0, 1, 6.21, 5090, 12, 3694, 0
853, 14, 1, 5, 0, 0, 0.02%, 1, 0, 1, 5.84, 5120, 12, 3717, 0
858, 14, 1, 5, 0, 0, 0.02%, 1, 0, 1, 7.06, 5157, 12, 3738, 0
863, 14, 1, 5, 0, 0, 0.02%, 1, 0, 1, 6.95, 5197, 12, 3759, 0
868, 14, 1, 5, 0, 0, 0.02%, 1, 0, 1, 5.75, 5222, 12, 3781, 0
873, 14, 1, 5, 0, 0, 0.02%, 1, 0, 1, 6.48, 5255, 12, 3803, 0
878, 15, 1, 5, 0, 0, 0.02%, 1, 0, 1, 6.48, 5287, 12, 3825, 0
883, 15, 1, 5, 0, 0, 0.02%, 1, 0, 1, 6.16, 5318, 12, 3848, 0
888, 15, 1, 5, 0, 0, 0.02%, 1, 0, 1, 5.52, 5347, 12, 3870, 0
894, 15, 1, 5, 0, 0, 0.02%, 1, 0, 1, 5.09, 5372, 12, 3893, 0
898, 15, 1, 5, 0, 0, 0.02%, 1, 0, 1, 0.00, 5392, 12, 3910, 0
