# relative_time, cycles_done, cur_item, corpus_count, pending_total, pending_favs, map_size, saved_crashes, saved_hangs, max_depth, execs_per_sec, total_execs, edges_found, total_crashes, servers_count
60, 19, 1, 5, 0, 0, 0.07%, 0, 0, 1, 45.03, 2758, 48, 0, 0
66, 21, 1, 5, 0, 0, 0.07%, 0, 0, 1, 44.78, 2986, 48, 0, 0
71, 22, 1, 5, 0, 0, 0.07%, 0, 0, 1, 44.76, 3215, 48, 0, 0
76, 24, 1, 5, 0, 0, 0.07%, 0, 0, 1, 44.88, 3445, 48, 0, 0
81, 25, 1, 5, 0, 0, 0.07%, 0, 0, 1, 44.69, 3672, 48, 0, 0
86, 27, 1, 5, 0, 0, 0.07%, 0, 0, 1, 44.63, 3900, 48, 0, 0
91, 29, 1, 5, 0, 0, 0.07%, 0, 0, 1, 44.75, 4127, 48, 0, 0
96, 30, 1, 5, 0, 0, 0.07%, 0, 0, 1, 44.94, 4356, 48, 0, 0
101, 32, 1, 5, 0, 0, 0.07%, 0, 0, 1, 45.45, 4592, 48, 0, 0
106, 34, 1, 5, 0, 0, 0.07%, 0, 0, 1, 45.23, 4823, 48, 0, 0
112, 35, 1, 5, 0, 0, 0.07%, 0, 0, 1, 45.14, 5053, 48, 0, 0
117, 37, 1, 5, 0, 0, 0.07%, 0, 0, 1, 44.99, 5278, 48, 0, 0
122, 39, 1, 5, 0, 0, 0.07%, 0, 0, 1, 44.74, 5506, 48, 0, 0
127, 40, 1, 5, 0, 0, 0.07%, 0, 0, 1, 46.55, 5745, 48, 0, 0
132, 42, 1, 5, 0, 0, 0.07%, 0, 0, 1, 47.17, 5985, 48, 0, 0
137, 44, 1, 5, 0, 0, 0.07%, 0, 0, 1, 47.35, 6225, 48, 0, 0
142, 45, 1, 5, 0, 0, 0.07%, 0, 0, 1, 47.30, 6465, 48, 0, 0
147, 47, 1, 5, 0, 0, 0.07%, 0, 0, 1, 47.24, 6705, 48, 0, 0
152, 49, 1, 5, 0, 0, 0.07%, 0, 0, 1, 47.29, 6945, 48, 0, 0
157, 51, 1, 5, 0, 0, 0.07%, 0, 0, 1, 47.26, 7185, 48, 0, 0
162, 52, 1, 5, 0, 0, 0.07%, 0, 0, 1, 46.50, 7422, 48, 0, 0
167, 54, 1, 5, 0, 0, 0.07%, 0, 0, 1, 46.28, 7659, 48, 0, 0
172, 56, 1, 5, 0, 0, 0.07%, 0, 0, 1, 46.65, 7895, 48, 0, 0
178, 57, 1, 5, 0, 0, 0.07%, 0, 0, 1, 46.33, 8131, 48, 0, 0
183, 59, 1, 5, 0, 0, 0.07%, 0, 0, 1, 45.93, 8364, 48, 0, 0
188, 61, 1, 5, 0, 0, 0.07%, 0, 0, 1, 46.85, 8604, 48, 0, 0
193, 62, 1, 5, 0, 0, 0.07%, 0, 0, 1, 46.97, 8843, 48, 0, 0
198, 64, 1, 5, 0, 0, 0.07%, 0, 0, 1, 45.44, 9077, 48, 0, 0
203, 66, 1, 5, 0, 0, 0.07%, 0, 0, 1, 44.58, 9302, 48, 0, 0
208, 67, 1, 5, 0, 0, 0.07%, 0, 0, 1, 44.30, 9527, 48, 0, 0
213, 69, 1, 5, 0, 0, 0.07%, 0, 0, 1, 45.93, 9757, 48, 0, 0
218, 71, 1, 5, 0, 0, 0.07%, 0, 0, 1, 47.05, 9997, 48, 0, 0
223, 72, 1, 5, 0, 0, 0.07%, 0, 0, 1, 47.33, 10237, 48, 0, 0
228, 74, 1, 5, 0, 0, 0.07%, 0, 0, 1, 47.37, 10477, 48, 0, 0
233, 76, 1, 5, 0, 0, 0.07%, 0, 0, 1, 47.40, 10717, 48, 0, 0
239, 77, 1, 5, 0, 0, 0.07%, 0, 0, 1, 47.03, 10957, 48, 0, 0
244, 79, 1, 5, 0, 0, 0.07%, 0, 0, 1, 45.45, 11185, 48, 0, 0
249, 81, 1, 5, 0, 0, 0.07%, 0, 0, 1, 45.52, 11412, 48, 0, 0
254, 82, 1, 5, 0, 0, 0.07%, 0, 0, 1, 44.97, 11644, 48, 0, 0
259, 84, 1, 5, 0, 0, 0.07%, 0, 0, 1, 45.50, 11875, 48, 0, 0
264, 86, 1, 5, 0, 0, 0.07%, 0, 0, 1, 44.70, 12102, 48, 0, 0
269, 87, 1, 5, 0, 0, 0.07%, 0, 0, 1, 44.75, 12333, 48, 0, 0
274, 89, 1, 5, 0, 0, 0.07%, 0, 0, 1, 45.78, 12569, 48, 0, 0
279, 91, 1, 5, 0, 0, 0.07%, 0, 0, 1, 46.65, 12809, 48, 0, 0
285, 92, 1, 5, 0, 0, 0.07%, 0, 0, 1, 47.00, 13048, 48, 0, 0
290, 94, 1, 5, 0, 0, 0.07%, 0, 0, 1, 47.27, 13288, 48, 0, 0
295, 96, 1, 5, 0, 0, 0.07%, 0, 0, 1, 47.46, 13528, 48, 0, 0
300, 98, 1, 5, 0, 0, 0.07%, 0, 0, 1, 46.85, 13765, 48, 0, 0
305, 99, 1, 5, 0, 0, 0.07%, 0, 0, 1, 45.11, 13991, 48, 0, 0
310, 101, 1, 5, 0, 0, 0.07%, 0, 0, 1, 45.74, 14228, 48, 0, 0
315, 103, 1, 5, 0, 0, 0.07%, 0, 0, 1, 46.75, 14468, 48, 0, 0
320, 104, 1, 5, 0, 0, 0.07%, 0, 0, 1, 47.12, 14708, 48, 0, 0
325, 106, 1, 5, 0, 0, 0.07%, 0, 0, 1, 46.32, 14945, 48, 0, 0
330, 108, 1, 5, 0, 0, 0.07%, 0, 0, 1, 46.21, 15180, 48, 0, 0
335, 109, 1, 5, 0, 0, 0.07%, 0, 0, 1, 45.97, 15415, 48, 0, 0
341, 111, 1, 5, 0, 0, 0.07%, 0, 0, 1, 45.02, 15644, 48, 0, 0
346, 113, 1, 5, 0, 0, 0.07%, 0, 0, 1, 44.91, 15873, 48, 0, 0
351, 114, 1, 5, 0, 0, 0.07%, 0, 0, 1, 44.88, 16101, 48, 0, 0
356, 116, 1, 5, 0, 0, 0.07%, 0, 0, 1, 44.85, 16331, 48, 0, 0
361, 117, 1, 5, 0, 0, 0.07%, 0, 0, 1, 44.59, 16557, 48, 0, 0
366, 119, 1, 5, 0, 0, 0.07%, 0, 0, 1, 45.00, 16788, 48, 0, 0
371, 121, 1, 5, 0, 0, 0.07%, 0, 0, 1, 46.16, 17023, 48, 0, 0
376, 123, 1, 5, 0, 0, 0.07%, 0, 0, 1, 45.67, 17258, 48, 0, 0
381, 124, 1, 5, 0, 0, 0.07%, 0, 0, 1, 45.11, 17484, 48, 0, 0
386, 126, 1, 5, 0, 0, 0.07%, 0, 0, 1, 44.97, 17717, 48, 0, 0
392, 127, 1, 5, 0, 0, 0.07%, 0, 0, 1, 44.98, 17946, 48, 0, 0
397, 129, 1, 5, 0, 0, 0.07%, 0, 0, 1, 44.72, 18174, 48, 0, 0
402, 131, 1, 5, 0, 0, 0.07%, 0, 0, 1, 44.59, 18400, 48, 0, 0
407, 132, 1, 5, 0, 0, 0.07%, 0, 0, 1, 45.71, 18636, 48, 0, 0
412, 134, 1, 5, 0, 0, 0.07%, 0, 0, 1, 45.97, 18868, 48, 0, 0
417, 136, 1, 5, 0, 0, 0.07%, 0, 0, 1, 46.84, 19108, 48, 0, 0
422, 137, 1, 5, 0, 0, 0.07%, 0, 0, 1, 46.80, 19345, 48, 0, 0
427, 139, 1, 5, 0, 0, 0.07%, 0, 0, 1, 45.25, 19579, 48, 0, 0
432, 141, 1, 5, 0, 0, 0.07%, 0, 0, 1, 44.90, 19809, 48, 0, 0
437, 142, 1, 5, 0, 0, 0.07%, 0, 0, 1, 44.85, 20037, 48, 0, 0
443, 144, 1, 5, 0, 0, 0.07%, 0, 0, 1, 44.79, 20266, 48, 0, 0
448, 146, 1, 5, 0, 0, 0.07%, 0, 0, 1, 44.77, 20499, 48, 0, 0
453, 147, 1, 5, 0, 0, 0.07%, 0, 0, 1, 44.63, 20725, 48, 0, 0
458, 149, 1, 5, 0, 0, 0.07%, 0, 0, 1, 44.52, 20951, 48, 0, 0
463, 150, 1, 5, 0, 0, 0.07%, 0, 0, 1, 44.56, 21176, 48, 0, 0
468, 152, 1, 5, 0, 0, 0.07%, 0, 0, 1, 46.00, 21412, 48, 0, 0
473, 154, 1, 5, 0, 0, 0.07%, 0, 0, 1, 46.93, 21652, 48, 0, 0
478, 156, 1, 5, 0, 0, 0.07%, 0, 0, 1, 47.00, 21892, 48, 0, 0
483, 157, 1, 5, 0, 0, 0.07%, 0, 0, 1, 47.06, 22131, 48, 0, 0
488, 159, 1, 5, 0, 0, 0.07%, 0, 0, 1, 47.10, 22371, 48, 0, 0
494, 161, 1, 5, 0, 0, 0.07%, 0, 0, 1, 44.81, 22600, 48, 0, 0
499, 162, 1, 5, 0, 0, 0.07%, 0, 0, 1, 44.40, 22825, 48, 0, 0
504, 164, 1, 5, 0, 0, 0.07%, 0, 0, 1, 44.44, 23050, 48, 0, 0
509, 166, 1, 5, 0, 0, 0.07%, 0, 0, 1, 45.24, 23281, 48, 0, 0
514, 167, 1, 5, 0, 0, 0.07%, 0, 0, 1, 45.31, 23510, 48, 0, 0
519, 169, 1, 5, 0, 0, 0.07%, 0, 0, 1, 45.06, 23743, 48, 0, 0
524, 170, 1, 5, 0, 0, 0.07%, 0, 0, 1, 44.92, 23976, 48, 0, 0
529, 172, 1, 5, 0, 0, 0.07%, 0, 0, 1, 44.82, 24204, 48, 0, 0
534, 174, 1, 5, 0, 0, 0.07%, 0, 0, 1, 44.82, 24432, 48, 0, 0
539, 175, 1, 5, 0, 0, 0.07%, 0, 0, 1, 46.19, 24663, 48, 0, 0
545, 177, 1, 5, 0, 0, 0.07%, 0, 0, 1, 45.80, 24900, 48, 0, 0
550, 179, 1, 5, 0, 0, 0.07%, 0, 0, 1, 45.51, 25135, 48, 0, 0
555, 180, 1, 5, 0, 0, 0.07%, 0, 0, 1, 46.89, 25375, 48, 0, 0
560, 182, 1, 5, 0, 0, 0.07%, 0, 0, 1, 45.37, 25608, 48, 0, 0
565, 184, 1, 5, 0, 0, 0.07%, 0, 0, 1, 44.21, 25837, 48, 0, 0
570, 185, 1, 5, 0, 0, 0.07%, 0, 0, 1, 44.00, 26058, 48, 0, 0
575, 187, 1, 5, 0, 0, 0.07%, 0, 0, 1, 45.01, 26293, 48, 0, 0
581, 189, 1, 5, 0, 0, 0.07%, 0, 0, 1, 45.16, 26522, 48, 0, 0
586, 190, 1, 5, 0, 0, 0.07%, 0, 0, 1, 44.69, 26751, 48, 0, 0
591, 192, 1, 5, 0, 0, 0.07%, 0, 0, 1, 44.33, 26976, 48, 0, 0
596, 194, 1, 5, 0, 0, 0.07%, 0, 0, 1, 45.48, 27211, 48, 0, 0
601, 195, 1, 5, 0, 0, 0.07%, 0, 0, 1, 45.65, 27445, 48, 0, 0
606, 197, 1, 5, 0, 0, 0.07%, 0, 0, 1, 46.41, 27683, 48, 0, 0
611, 199, 1, 5, 0, 0, 0.07%, 0, 0, 1, 45.51, 27915, 48, 0, 0
616, 200, 1, 5, 0, 0, 0.07%, 0, 0, 1, 44.74, 28142, 48, 0, 0
621, 202, 1, 5, 0, 0, 0.07%, 0, 0, 1, 44.86, 28374, 48, 0, 0
627, 204, 1, 5, 0, 0, 0.07%, 0, 0, 1, 45.22, 28607, 48, 0, 0
632, 205, 1, 5, 0, 0, 0.07%, 0, 0, 1, 45.43, 28843, 48, 0, 0
637, 207, 1, 5, 0, 0, 0.07%, 0, 0, 1, 44.86, 29070, 48, 0, 0
642, 208, 1, 5, 0, 0, 0.07%, 0, 0, 1, 44.74, 29296, 48, 0, 0
647, 210, 1, 5, 0, 0, 0.07%, 0, 0, 1, 45.18, 29525, 48, 0, 0
652, 212, 1, 5, 0, 0, 0.07%, 0, 0, 1, 45.52, 29761, 48, 0, 0
657, 214, 1, 5, 0, 0, 0.07%, 0, 0, 1, 46.78, 30001, 48, 0, 0
662, 215, 1, 5, 0, 0, 0.07%, 0, 0, 1, 45.79, 30231, 48, 0, 0
667, 217, 1, 5, 0, 0, 0.07%, 0, 0, 1, 45.36, 30458, 48, 0, 0
672, 219, 1, 5, 0, 0, 0.07%, 0, 0, 1, 46.63, 30698, 48, 0, 0
678, 220, 1, 5, 0, 0, 0.07%, 0, 0, 1, 46.96, 30938, 48, 0, 0
683, 222, 1, 5, 0, 0, 0.07%, 0, 0, 1, 47.03, 31178, 48, 0, 0
688, 224, 1, 5, 0, 0, 0.07%, 0, 0, 1, 47.31, 31418, 48, 0, 0
693, 225, 1, 5, 0, 0, 0.07%, 0, 0, 1, 46.28, 31652, 48, 0, 0
698, 227, 1, 5, 0, 0, 0.07%, 0, 0, 1, 46.02, 31886, 48, 0, 0
703, 229, 1, 5, 0, 0, 0.07%, 0, 0, 1, 46.77, 32126, 48, 0, 0
708, 230, 1, 5, 0, 0, 0.07%, 0, 0, 1, 45.81, 32358, 48, 0, 0
713, 232, 1, 5, 0, 0, 0.07%, 0, 0, 1, 45.37, 32591, 48, 0, 0
718, 234, 1, 5, 0, 0, 0.07%, 0, 0, 1, 46.30, 32830, 48, 0, 0
723, 235, 1, 5, 0, 0, 0.07%, 0, 0, 1, 45.08, 33059, 48, 0, 0
729, 237, 1, 5, 0, 0, 0.07%, 0, 0, 1, 45.75, 33294, 48, 0, 0
734, 239, 1, 5, 0, 0, 0.07%, 0, 0, 1, 45.28, 33522, 48, 0, 0
739, 240, 1, 5, 0, 0, 0.07%, 0, 0, 1, 45.70, 33759, 48, 0, 0
744, 242, 1, 5, 0, 0, 0.07%, 0, 0, 1, 45.55, 33987, 48, 0, 0
749, 244, 1, 5, 0, 0, 0.07%, 0, 0, 1, 45.06, 34219, 48, 0, 0
754, 245, 1, 5, 0, 0, 0.07%, 0, 0, 1, 45.61, 34449, 48, 0, 0
759, 247, 1, 5, 0, 0, 0.07%, 0, 0, 1, 45.20, 34676, 48, 0, 0
764, 249, 1, 5, 0, 0, 0.07%, 0, 0, 1, 44.57, 34903, 48, 0, 0
769, 250, 1, 5, 0, 0, 0.07%, 0, 0, 1, 44.96, 35128, 48, 0, 0
774, 252, 1, 5, 0, 0, 0.07%, 0, 0, 1, 44.77, 35361, 48, 0, 0
779, 253, 1, 5, 0, 0, 0.07%, 0, 0, 1, 44.56, 35588, 48, 0, 0
785, 255, 1, 5, 0, 0, 0.07%, 0, 0, 1, 46.52, 35827, 48, 0, 0
790, 257, 1, 5, 0, 0, 0.07%, 0, 0, 1, 45.66, 36061, 48, 0, 0
795, 258, 1, 5, 0, 0, 0.07%, 0, 0, 1, 45.26, 36291, 48, 0, 0
800, 260, 1, 5, 0, 0, 0.07%, 0, 0, 1, 45.08, 36518, 48, 0, 0
805, 262, 1, 5, 0, 0, 0.07%, 0, 0, 1, 45.16, 36750, 48, 0, 0
810, 263, 1, 5, 0, 0, 0.07%, 0, 0, 1, 45.90, 36984, 48, 0, 0
815, 265, 1, 5, 0, 0, 0.07%, 0, 0, 1, 45.17, 37209, 48, 0, 0
820, 267, 1, 5, 0, 0, 0.07%, 0, 0, 1, 46.24, 37440, 48, 0, 0
825, 268, 1, 5, 0, 0, 0.07%, 0, 0, 1, 47.16, 37680, 48, 0, 0
830, 270, 1, 5, 0, 0, 0.07%, 0, 0, 1, 47.33, 37920, 48, 0, 0
835, 272, 1, 5, 0, 0, 0.07%, 0, 0, 1, 46.54, 38160, 48, 0, 0
840, 273, 1, 5, 0, 0, 0.07%, 0, 0, 1, 45.20, 38387, 48, 0, 0
845, 275, 1, 5, 0, 0, 0.07%, 0, 0, 1, 46.53, 38627, 48, 0, 0
850, 277, 1, 5, 0, 0, 0.07%, 0, 0, 1, 45.83, 38857, 48, 0, 0
856, 278, 1, 5, 0, 0, 0.07%, 0, 0, 1, 46.71, 39097, 48, 0, 0
861, 280, 1, 5, 0, 0, 0.07%, 0, 0, 1, 45.45, 39323, 48, 0, 0
866, 282, 1, 5, 0, 0, 0.07%, 0, 0, 1, 45.03, 39554, 48, 0, 0
871, 283, 1, 5, 0, 0, 0.07%, 0, 0, 1, 44.88, 39783, 48, 0, 0
876, 285, 1, 5, 0, 0, 0.07%, 0, 0, 1, 44.89, 40015, 48, 0, 0
881, 287, 1, 5, 0, 0, 0.07%, 0, 0, 1, 44.93, 40248, 48, 0, 0
886, 288, 1, 5, 0, 0, 0.07%, 0, 0, 1, 45.46, 40477, 48, 0, 0
891, 290, 1, 5, 0, 0, 0.07%, 0, 0, 1, 46.84, 40717, 48, 0, 0
896, 292, 1, 5, 0, 0, 0.07%, 0, 0, 1, 44.94, 40944, 48, 0, 0
898, 292, 1, 5, 0, 0, 0.07%, 0, 0, 1, 0.00, 40991, 48, 0, 0
