# relative_time, cycles_done, cur_item, corpus_count, pending_total, pending_favs, map_size, saved_crashes, saved_hangs, max_depth, execs_per_sec, total_execs, edges_found, total_crashes, servers_count
62, 7, 1, 5, 0, 0, 0.34%, 0, 0, 1, 10.37, 677, 220, 0, 0
67, 8, 1, 5, 0, 0, 0.34%, 0, 0, 1, 10.37, 731, 220, 0, 0
72, 8, 1, 5, 0, 0, 0.34%, 0, 0, 1, 10.35, 784, 220, 0, 0
77, 9, 1, 5, 0, 0, 0.34%, 0, 0, 1, 10.34, 838, 220, 0, 0
82, 10, 1, 5, 0, 0, 0.34%, 0, 0, 1, 10.23, 891, 220, 0, 0
88, 10, 1, 5, 0, 0, 0.34%, 0, 0, 1, 10.15, 944, 220, 0, 0
93, 11, 1, 5, 0, 0, 0.34%, 0, 0, 1, 10.13, 995, 220, 0, 0
98, 12, 1, 5, 0, 0, 0.34%, 0, 0, 1, 10.18, 1048, 220, 0, 0
103, 12, 1, 5, 0, 0, 0.34%, 0, 0, 1, 10.17, 1101, 220, 0, 0
108, 13, 1, 5, 0, 0, 0.34%, 0, 0, 1, 10.21, 1155, 220, 0, 0
114, 13, 1, 5, 0, 0, 0.34%, 0, 0, 1, 10.21, 1209, 220, 0, 0
119, 14, 1, 5, 0, 0, 0.34%, 0, 0, 1, 10.14, 1262, 220, 0, 0
124, 15, 1, 5, 0, 0, 0.34%, 0, 0, 1, 10.28, 1316, 220, 0, 0
129, 15, 1, 5, 0, 0, 0.34%, 0, 0, 1, 10.35, 1370, 220, 0, 0
134, 16, 1, 5, 0, 0, 0.34%, 0, 0, 1, 10.58, 1424, 220, 0, 0
139, 17, 1, 5, 0, 0, 0.34%, 0, 0, 1, 10.48, 1477, 220, 0, 0
145, 17, 1, 5, 0, 0, 0.34%, 0, 0, 1, 10.38, 1531, 220, 0, 0
150, 18, 1, 5, 0, 0, 0.34%, 0, 0, 1, 10.40, 1583, 220, 0, 0
155, 19, 1, 5, 0, 0, 0.34%, 0, 0, 1, 10.47, 1637, 220, 0, 0
160, 19, 1, 5, 0, 0, 0.34%, 0, 0, 1, 10.52, 1691, 220, 0, 0
165, 20, 1, 5, 0, 0, 0.34%, 0, 0, 1, 10.20, 1743, 220, 0, 0
170, 20, 1, 5, 0, 0, 0.34%, 0, 0, 1, 10.12, 1794, 220, 0, 0
175, 21, 1, 5, 0, 0, 0.34%, 0, 0, 1, 10.01, 1846, 220, 0, 0
181, 22, 1, 5, 0, 0, 0.34%, 0, 0, 1, 9.97, 1898, 220, 0, 0
186, 22, 1, 5, 0, 0, 0.34%, 0, 0, 1, 9.97, 1949, 220, 0, 0
191, 23, 1, 5, 0, 0, 0.34%, 0, 0, 1, 9.69, 2000, 220, 0, 0
196, 23, 1, 5, 0, 0, 0.34%, 0, 0, 1, 10.13, 2053, 220, 0, 0
201, 24, 1, 5, 0, 0, 0.34%, 0, 0, 1, 10.19, 2107, 220, 0, 0
206, 25, 1, 5, 0, 0, 0.34%, 0, 0, 1, 10.16, 2158, 220, 0, 0
212, 25, 1, 5, 0, 0, 0.34%, 0, 0, 1, 10.27, 2212, 220, 0, 0
217, 26, 1, 5, 0, 0, 0.34%, 0, 0, 1, 10.24, 2265, 220, 0, 0
222, 27, 1, 5, 0, 0, 0.34%, 0, 0, 1, 10.33, 2318, 220, 0, 0
227, 27, 1, 5, 0, 0, 0.34%, 0, 0, 1, 10.16, 2369, 220, 0, 0
232, 28, 1, 5, 0, 0, 0.34%, 0, 0, 1, 10.11, 2422, 220, 0, 0
237, 29, 1, 5, 0, 0, 0.34%, 0, 0, 1, 10.10, 2475, 220, 0, 0
243, 29, 1, 5, 0, 0, 0.34%, 0, 0, 1, 10.21, 2529, 220, 0, 0
248, 30, 1, 5, 0, 0, 0.34%, 0, 0, 1, 10.33, 2583, 220, 0, 0
253, 30, 1, 5, 0, 0, 0.34%, 0, 0, 1, 10.50, 2637, 220, 0, 0
258, 31, 1, 5, 0, 0, 0.34%, 0, 0, 1, 10.46, 2691, 220, 0, 0
263, 32, 1, 5, 0, 0, 0.34%, 0, 0, 1, 10.19, 2742, 220, 0, 0
269, 32, 1, 5, 0, 0, 0.34%, 0, 0, 1, 10.08, 2795, 220, 0, 0
274, 33, 1, 5, 0, 0, 0.34%, 0, 0, 1, 10.07, 2847, 220, 0, 0
279, 34, 1, 5, 0, 0, 0.34%, 0, 0, 1, 10.11, 2898, 220, 0, 0
284, 34, 1, 5, 0, 0, 0.34%, 0, 0, 1, 10.17, 2951, 220, 0, 0
289, 35, 1, 5, 0, 0, 0.34%, 0, 0, 1, 10.24, 3004, 220, 0, 0
294, 35, 1, 5, 0, 0, 0.34%, 0, 0, 1, 10.26, 3058, 220, 0, 0
299, 36, 1, 5, 0, 0, 0.34%, 0, 0, 1, 10.17, 3109, 220, 0, 0
304, 37, 1, 5, 0, 0, 0.34%, 0, 0, 1, 10.14, 3160, 220, 0, 0
309, 37, 1, 5, 0, 0, 0.34%, 0, 0, 1, 10.12, 3211, 220, 0, 0
315, 38, 1, 5, 0, 0, 0.34%, 0, 0, 1, 10.10, 3262, 220, 0, 0
320, 38, 1, 5, 0, 0, 0.34%, 0, 0, 1, 10.14, 3313, 220, 0, 0
325, 39, 1, 5, 0, 0, 0.34%, 0, 0, 1, 10.14, 3364, 220, 0, 0
330, 40, 1, 5, 0, 0, 0.34%, 0, 0, 1, 10.15, 3417, 220, 0, 0
335, 40, 1, 5, 0, 0, 0.34%, 0, 0, 1, 10.14, 3470, 220, 0, 0
340, 41, 1, 5, 0, 0, 0.34%, 0, 0, 1, 10.13, 3523, 220, 0, 0
345, 42, 1, 5, 0, 0, 0.34%, 0, 0, 1, 10.15, 3574, 220, 0, 0
350, 42, 1, 5, 0, 0, 0.34%, 0, 0, 1, 10.43, 3628, 220, 0, 0
355, 43, 1, 5, 0, 0, 0.34%, 0, 0, 1, 10.52, 3682, 220, 0, 0
361, 44, 1, 5, 0, 0, 0.34%, 0, 0, 1, 10.35, 3736, 220, 0, 0
366, 44, 1, 5, 0, 0, 0.34%, 0, 0, 1, 10.22, 3787, 220, 0, 0
371, 45, 1, 5, 0, 0, 0.34%, 0, 0, 1, 10.18, 3838, 220, 0, 0
376, 45, 1, 5, 0, 0, 0.34%, 0, 0, 1, 10.14, 3890, 220, 0, 0
381, 46, 1, 5, 0, 0, 0.34%, 0, 0, 1, 10.08, 3942, 220, 0, 0
386, 47, 1, 5, 0, 0, 0.34%, 0, 0, 1, 10.07, 3994, 220, 0, 0
391, 47, 1, 5, 0, 0, 0.34%, 0, 0, 1, 10.10, 4046, 220, 0, 0
397, 48, 1, 5, 0, 0, 0.34%, 0, 0, 1, 10.17, 4099, 220, 0, 0
402, 48, 1, 5, 0, 0, 0.34%, 0, 0, 1, 9.67, 4149, 220, 0, 0
407, 49, 1, 5, 0, 0, 0.34%, 0, 0, 1, 9.43, 4197, 220, 0, 0
412, 50, 1, 5, 0, 0, 0.34%, 0, 0, 1, 9.30, 4245, 220, 0, 0
417, 50, 1, 5, 0, 0, 0.34%, 0, 0, 1, 9.86, 4296, 220, 0, 0
422, 51, 1, 5, 0, 0, 0.34%, 0, 0, 1, 10.15, 4350, 220, 0, 0
428, 51, 1, 5, 0, 0, 0.34%, 0, 0, 1, 10.32, 4404, 220, 0, 0
433, 52, 1, 5, 0, 0, 0.34%, 0, 0, 1, 10.42, 4458, 220, 0, 0
438, 53, 1, 5, 0, 0, 0.34%, 0, 0, 1, 10.26, 4511, 220, 0, 0
443, 53, 1, 5, 0, 0, 0.34%, 0, 0, 1, 10.23, 4565, 220, 0, 0
448, 54, 1, 5, 0, 0, 0.34%, 0, 0, 1, 10.22, 4619, 220, 0, 0
454, 55, 1, 5, 0, 0, 0.34%, 0, 0, 1, 10.23, 4673, 220, 0, 0
459, 55, 1, 5, 0, 0, 0.34%, 0, 0, 1, 10.15, 4726, 220, 0, 0
464, 56, 1, 5, 0, 0, 0.34%, 0, 0, 1, 10.09, 4777, 220, 0, 0
469, 57, 1, 5, 0, 0, 0.34%, 0, 0, 1, 10.05, 4829, 220, 0, 0
474, 57, 1, 5, 0, 0, 0.34%, 0, 0, 1, 10.04, 4880, 220, 0, 0
479, 58, 1, 5, 0, 0, 0.34%, 0, 0, 1, 10.03, 4931, 220, 0, 0
484, 58, 1, 5, 0, 0, 0.34%, 0, 0, 1, 10.06, 4982, 220, 0, 0
490, 59, 1, 5, 0, 0, 0.34%, 0, 0, 1, 10.13, 5034, 220, 0, 0
495, 60, 1, 5, 0, 0, 0.34%, 0, 0, 1, 10.22, 5087, 220, 0, 0
500, 60, 1, 5, 0, 0, 0.34%, 0, 0, 1, 10.23, 5141, 220, 0, 0
505, 61, 1, 5, 0, 0, 0.34%, 0, 0, 1, 10.21, 5195, 220, 0, 0
511, 62, 1, 5, 0, 0, 0.34%, 0, 0, 1, 10.21, 5249, 220, 0, 0
516, 62, 1, 5, 0, 0, 0.34%, 0, 0, 1, 10.20, 5303, 220, 0, 0
521, 63, 1, 5, 0, 0, 0.34%, 0, 0, 1, 10.30, 5357, 220, 0, 0
526, 63, 1, 5, 0, 0, 0.34%, 0, 0, 1, 10.39, 5411, 220, 0, 0
531, 64, 1, 5, 0, 0, 0.34%, 0, 0, 1, 10.42, 5465, 220, 0, 0
537, 65, 1, 5, 0, 0, 0.34%, 0, 0, 1, 10.32, 5518, 220, 0, 0
542, 65, 1, 5, 0, 0, 0.34%, 0, 0, 1, 10.32, 5572, 220, 0, 0
547, 66, 1, 5, 0, 0, 0.34%, 0, 0, 1, 10.30, 5626, 220, 0, 0
552, 67, 1, 5, 0, 0, 0.34%, 0, 0, 1, 10.22, 5679, 220, 0, 0
558, 67, 1, 5, 0, 0, 0.34%, 0, 0, 1, 10.25, 5733, 220, 0, 0
563, 68, 1, 5, 0, 0, 0.34%, 0, 0, 1, 10.24, 5787, 220, 0, 0
568, 69, 1, 5, 0, 0, 0.34%, 0, 0, 1, 10.28, 5841, 220, 0, 0
573, 69, 1, 5, 0, 0, 0.34%, 0, 0, 1, 10.38, 5895, 220, 0, 0
578, 70, 1, 5, 0, 0, 0.34%, 0, 0, 1, 10.38, 5948, 220, 0, 0
584, 70, 1, 5, 0, 0, 0.34%, 0, 0, 1, 9.62, 5997, 220, 0, 0
589, 71, 1, 5, 0, 0, 0.34%, 0, 0, 1, 9.30, 6045, 220, 0, 0
594, 72, 1, 5, 0, 0, 0.34%, 0, 0, 1, 9.23, 6091, 220, 0, 0
599, 72, 1, 5, 0, 0, 0.34%, 0, 0, 1, 9.22, 6139, 220, 0, 0
604, 73, 1, 5, 0, 0, 0.34%, 0, 0, 1, 10.06, 6192, 220, 0, 0
609, 73, 1, 5, 0, 0, 0.34%, 0, 0, 1, 10.41, 6246, 220, 0, 0
614, 74, 1, 5, 0, 0, 0.34%, 0, 0, 1, 10.54, 6300, 220, 0, 0
619, 75, 1, 5, 0, 0, 0.34%, 0, 0, 1, 10.57, 6354, 220, 0, 0
624, 75, 1, 5, 0, 0, 0.34%, 0, 0, 1, 10.51, 6408, 220, 0, 0
630, 76, 1, 5, 0, 0, 0.34%, 0, 0, 1, 10.40, 6462, 220, 0, 0
635, 77, 1, 5, 0, 0, 0.34%, 0, 0, 1, 10.47, 6516, 220, 0, 0
640, 77, 1, 5, 0, 0, 0.34%, 0, 0, 1, 10.41, 6570, 220, 0, 0
645, 78, 1, 5, 0, 0, 0.34%, 0, 0, 1, 10.41, 6624, 220, 0, 0
650, 79, 1, 5, 0, 0, 0.34%, 0, 0, 1, 10.41, 6678, 220, 0, 0
656, 79, 1, 5, 0, 0, 0.34%, 0, 0, 1, 10.49, 6732, 220, 0, 0
661, 80, 1, 5, 0, 0, 0.34%, 0, 0, 1, 10.52, 6786, 220, 0, 0
666, 80, 1, 5, 0, 0, 0.34%, 0, 0, 1, 10.48, 6840, 220, 0, 0
671, 81, 1, 5, 0, 0, 0.34%, 0, 0, 1, 10.43, 6894, 220, 0, 0
676, 82, 1, 5, 0, 0, 0.34%, 0, 0, 1, 10.35, 6948, 220, 0, 0
681, 82, 1, 5, 0, 0, 0.34%, 0, 0, 1, 10.35, 7002, 220, 0, 0
687, 83, 1, 5, 0, 0, 0.34%, 0, 0, 1, 10.48, 7055, 220, 0, 0
692, 84, 1, 5, 0, 0, 0.34%, 0, 0, 1, 10.59, 7109, 220, 0, 0
697, 84, 1, 5, 0, 0, 0.34%, 0, 0, 1, 10.63, 7163, 220, 0, 0
702, 85, 1, 5, 0, 0, 0.34%, 0, 0, 1, 10.45, 7216, 220, 0, 0
707, 86, 1, 5, 0, 0, 0.34%, 0, 0, 1, 10.40, 7270, 220, 0, 0
712, 86, 1, 5, 0, 0, 0.34%, 0, 0, 1, 10.40, 7324, 220, 0, 0
717, 87, 1, 5, 0, 0, 0.34%, 0, 0, 1, 10.45, 7378, 220, 0, 0
723, 88, 1, 5, 0, 0, 0.34%, 0, 0, 1, 10.39, 7432, 220, 0, 0
728, 88, 1, 5, 0, 0, 0.34%, 0, 0, 1, 10.35, 7486, 220, 0, 0
733, 89, 1, 5, 0, 0, 0.34%, 0, 0, 1, 10.43, 7540, 220, 0, 0
738, 89, 1, 5, 0, 0, 0.34%, 0, 0, 1, 10.40, 7594, 220, 0, 0
743, 90, 1, 5, 0, 0, 0.34%, 0, 0, 1, 10.38, 7648, 220, 0, 0
749, 91, 1, 5, 0, 0, 0.34%, 0, 0, 1, 10.38, 7702, 220, 0, 0
754, 91, 1, 5, 0, 0, 0.34%, 0, 0, 1, 10.39, 7756, 220, 0, 0
759, 92, 1, 5, 0, 0, 0.34%, 0, 0, 1, 10.42, 7809, 220, 0, 0
764, 93, 1, 5, 0, 0, 0.34%, 0, 0, 1, 10.39, 7863, 220, 0, 0
769, 93, 1, 5, 0, 0, 0.34%, 0, 0, 1, 10.33, 7917, 220, 0, 0
774, 94, 1, 5, 0, 0, 0.34%, 0, 0, 1, 10.14, 7969, 220, 0, 0
780, 95, 1, 5, 0, 0, 0.34%, 0, 0, 1, 10.08, 8022, 220, 0, 0
785, 95, 1, 5, 0, 0, 0.34%, 0, 0, 1, 10.06, 8074, 220, 0, 0
790, 96, 1, 5, 0, 0, 0.34%, 0, 0, 1, 10.06, 8126, 220, 0, 0
795, 96, 1, 5, 0, 0, 0.34%, 0, 0, 1, 10.12, 8179, 220, 0, 0
800, 97, 1, 5, 0, 0, 0.34%, 0, 0, 1, 10.35, 8233, 220, 0, 0
806, 98, 1, 5, 0, 0, 0.34%, 0, 0, 1, 10.41, 8287, 220, 0, 0
811, 98, 1, 5, 0, 0, 0.34%, 0, 0, 1, 10.43, 8341, 220, 0, 0
816, 99, 1, 5, 0, 0, 0.34%, 0, 0, 1, 10.43, 8395, 220, 0, 0
821, 100, 1, 5, 0, 0, 0.34%, 0, 0, 1, 10.39, 8449, 220, 0, 0
826, 100, 1, 5, 0, 0, 0.34%, 0, 0, 1, 10.46, 8503, 220, 0, 0
831, 101, 1, 5, 0, 0, 0.34%, 0, 0, 1, 10.51, 8557, 220, 0, 0
836, 102, 1, 5, 0, 0, 0.34%, 0, 0, 1, 10.54, 8611, 220, 0, 0
842, 102, 1, 5, 0, 0, 0.34%, 0, 0, 1, 10.54, 8665, 220, 0, 0
847, 103, 1, 5, 0, 0, 0.34%, 0, 0, 1, 10.54, 8719, 220, 0, 0
852, 103, 1, 5, 0, 0, 0.34%, 0, 0, 1, 10.24, 8772, 220, 0, 0
857, 104, 1, 5, 0, 0, 0.34%, 0, 0, 1, 10.20, 8824, 220, 0, 0
862, 105, 1, 5, 0, 0, 0.34%, 0, 0, 1, 10.12, 8876, 220, 0, 0
867, 105, 1, 5, 0, 0, 0.34%, 0, 0, 1, 10.20, 8930, 220, 0, 0
873, 106, 1, 5, 0, 0, 0.34%, 0, 0, 1, 10.11, 8982, 220, 0, 0
878, 107, 1, 5, 0, 0, 0.34%, 0, 0, 1, 10.06, 9033, 220, 0, 0
883, 107, 1, 5, 0, 0, 0.34%, 0, 0, 1, 10.13, 9085, 220, 0, 0
888, 108, 1, 5, 0, 0, 0.34%, 0, 0, 1, 10.20, 9139, 220, 0, 0
893, 108, 1, 5, 0, 0, 0.34%, 0, 0, 1, 10.22, 9193, 220, 0, 0
895, 109, 1, 5, 0, 0, 0.34%, 0, 0, 1, 0.00, 9207, 220, 0, 0
