# relative_time, cycles_done, cur_item, corpus_count, pending_total, pending_favs, map_size, saved_crashes, saved_hangs, max_depth, execs_per_sec, total_execs, edges_found, total_crashes, servers_count
61, 3, 1, 5, 0, 0, 0.24%, 1, 0, 1, 7.74, 504, 159, 249, 0
66, 3, 1, 5, 0, 0, 0.24%, 1, 0, 1, 6.61, 538, 159, 271, 0
71, 3, 1, 5, 0, 0, 0.24%, 1, 0, 1, 6.39, 569, 159, 293, 0
76, 4, 1, 5, 0, 0, 0.24%, 1, 0, 1, 5.64, 598, 159, 315, 0
82, 4, 1, 5, 0, 0, 0.24%, 1, 0, 1, 5.40, 625, 159, 337, 0
87, 4, 1, 5, 0, 0, 0.24%, 1, 0, 1, 5.16, 651, 159, 360, 0
92, 4, 1, 5, 0, 0, 0.24%, 1, 0, 1, 5.51, 683, 159, 382, 0
97, 4, 1, 5, 0, 0, 0.24%, 1, 0, 1, 5.06, 710, 159, 404, 0
102, 5, 1, 5, 0, 0, 0.24%, 1, 0, 1, 5.21, 738, 159, 426, 0
107, 5, 1, 5, 0, 0, 0.24%, 1, 0, 1, 5.23, 765, 159, 448, 0
112, 5, 1, 5, 0, 0, 0.24%, 1, 0, 1, 6.20, 800, 159, 469, 0
117, 5, 1, 5, 0, 0, 0.24%, 1, 0, 1, 5.66, 830, 159, 491, 0
122, 5, 1, 5, 0, 0, 0.24%, 1, 0, 1, 5.96, 860, 159, 512, 0
127, 6, 1, 5, 0, 0, 0.24%, 1, 0, 1, 5.83, 890, 159, 535, 0
133, 6, 1, 5, 0, 0, 0.24%, 1, 0, 1, 6.19, 925, 159, 556, 0
138, 6, 1, 5, 0, 0, 0.24%, 1, 0, 1, 6.09, 956, 159, 578, 0
143, 6, 1, 5, 0, 0, 0.24%, 1, 0, 1, 6.88, 996, 159, 599, 0
148, 7, 1, 5, 0, 0, 0.24%, 1, 0, 1, 6.11, 1028, 159, 620, 0
153, 7, 1, 5, 0, 0, 0.24%, 1, 0, 1, 5.54, 1054, 159, 642, 0
158, 7, 1, 5, 0, 0, 0.24%, 1, 0, 1, 5.51, 1082, 159, 665, 0
163, 7, 1, 5, 0, 0, 0.24%, 1, 0, 1, 4.77, 1117, 159, 686, 0
169, 7, 1, 5, 0, 0, 0.24%, 1, 0, 1, 5.36, 1147, 159, 708, 0
174, 8, 1, 5, 0, 0, 0.24%, 1, 0, 1, 6.15, 1184, 159, 728, 0
179, 8, 1, 5, 0, 0, 0.24%, 1, 0, 1, 5.11, 1209, 159, 751, 0
184, 8, 1, 5, 0, 0, 0.24%, 1, 0, 1, 5.67, 1239, 159, 773, 0
189, 8, 1, 5, 0, 0, 0.24%, 1, 0, 1, 6.50, 1277, 159, 795, 0
195, 9, 1, 5, 0, 0, 0.24%, 1, 0, 1, 7.51, 1319, 159, 816, 0
200, 9, 1, 5, 0, 0, 0.24%, 1, 0, 1, 5.86, 1348, 159, 839, 0
205, 9, 1, 5, 0, 0, 0.24%, 1, 0, 1, 6.61, 1386, 159, 859, 0
210, 9, 1, 5, 0, 0, 0.24%, 1, 0, 1, 6.92, 1422, 159, 880, 0
215, 10, 1, 5, 0, 0, 0.24%, 1, 0, 1, 5.44, 1449, 159, 904, 0
220, 10, 1, 5, 0, 0, 0.24%, 1, 0, 1, 5.38, 1481, 159, 926, 0
225, 10, 1, 5, 0, 0, 0.24%, 1, 0, 1, 5.48, 1510, 159, 948, 0
230, 10, 1, 5, 0, 0, 0.24%, 1, 0, 1, 6.02, 1547, 159, 969, 0
236, 11, 1, 5, 0, 0, 0.24%, 1, 0, 1, 5.64, 1576, 159, 992, 0
241, 11, 1, 5, 0, 0, 0.24%, 1, 0, 1, 5.92, 1606, 159, 1015, 0
246, 11, 1, 5, 0, 0, 0.24%, 1, 0, 1, 6.05, 1637, 159, 1036, 0
251, 11, 1, 5, 0, 0, 0.24%, 1, 0, 1, 5.11, 1662, 159, 1059, 0
256, 11, 1, 5, 0, 0, 0.24%, 1, 0, 1, 6.61, 1701, 159, 1080, 0
261, 12, 1, 5, 0, 0, 0.24%, 1, 0, 1, 6.51, 1737, 159, 1102, 0
267, 12, 1, 5, 0, 0, 0.24%, 1, 0, 1, 5.82, 1766, 159, 1124, 0
272, 12, 1, 5, 0, 0, 0.24%, 1, 0, 1, 5.07, 1791, 159, 1147, 0
277, 12, 1, 5, 0, 0, 0.24%, 1, 0, 1, 7.08, 1836, 159, 1166, 0
282, 13, 1, 5, 0, 0, 0.24%, 1, 0, 1, 6.97, 1874, 159, 1186, 0
287, 13, 1, 5, 0, 0, 0.24%, 1, 0, 1, 5.19, 1898, 159, 1208, 0
292, 13, 1, 5, 0, 0, 0.24%, 1, 0, 1, 5.87, 1930, 159, 1229, 0
297, 13, 1, 5, 0, 0, 0.24%, 1, 0, 1, 5.93, 1965, 159, 1249, 0
302, 14, 1, 5, 0, 0, 0.24%, 1, 0, 1, 5.89, 1996, 159, 1271, 0
308, 14, 1, 5, 0, 0, 0.24%, 1, 0, 1, 6.57, 2036, 159, 1291, 0
313, 14, 1, 5, 0, 0, 0.24%, 1, 0, 1, 5.37, 2061, 159, 1313, 0
318, 14, 1, 5, 0, 0, 0.24%, 1, 0, 1, 5.62, 2093, 159, 1335, 0
323, 14, 1, 5, 0, 0, 0.24%, 1, 0, 1, 5.92, 2125, 159, 1357, 0
328, 15, 1, 5, 0, 0, 0.24%, 1, 0, 1, 6.21, 2158, 159, 1379, 0
333, 15, 1, 5, 0, 0, 0.24%, 1, 0, 1, 5.19, 2183, 159, 1402, 0
339, 15, 1, 5, 0, 0, 0.24%, 1, 0, 1, 6.10, 2215, 159, 1423, 0
344, 15, 1, 5, 0, 0, 0.24%, 1, 0, 1, 6.17, 2248, 159, 1445, 0
349, 16, 1, 5, 0, 0, 0.24%, 1, 0, 1, 6.85, 2288, 159, 1466, 0
354, 16, 1, 5, 0, 0, 0.24%, 1, 0, 1, 6.73, 2323, 159, 1488, 0
359, 16, 1, 5, 0, 0, 0.24%, 1, 0, 1, 6.77, 2363, 159, 1509, 0
364, 16, 1, 5, 0, 0, 0.24%, 1, 0, 1, 5.48, 2389, 159, 1531, 0
369, 17, 1, 5, 0, 0, 0.24%, 1, 0, 1, 5.59, 2417, 159, 1553, 0
374, 17, 1, 5, 0, 0, 0.24%, 1, 0, 1, 6.57, 2454, 159, 1574, 0
380, 17, 1, 5, 0, 0, 0.24%, 1, 0, 1, 5.72, 2483, 159, 1598, 0
385, 17, 1, 5, 0, 0, 0.24%, 1, 0, 1, 5.77, 2512, 159, 1620, 0
390, 18, 1, 5, 0, 0, 0.24%, 1, 0, 1, 6.50, 2553, 159, 1640, 0
395, 18, 1, 5, 0, 0, 0.24%, 1, 0, 1, 6.47, 2586, 159, 1662, 0
400, 18, 1, 5, 0, 0, 0.24%, 1, 0, 1, 5.82, 2618, 159, 1683, 0
405, 18, 1, 5, 0, 0, 0.24%, 1, 0, 1, 6.54, 2654, 159, 1704, 0
410, 19, 1, 5, 0, 0, 0.24%, 1, 0, 1, 7.39, 2699, 159, 1723, 0
415, 19, 1, 5, 0, 0, 0.24%, 1, 0, 1, 6.35, 2732, 159, 1745, 0
420, 19, 1, 5, 0, 0, 0.24%, 1, 0, 1, 5.24, 2757, 159, 1768, 0
425, 19, 1, 5, 0, 0, 0.24%, 1, 0, 1, 5.63, 2785, 159, 1791, 0
431, 19, 1, 5, 0, 0, 0.24%, 1, 0, 1, 6.16, 2820, 159, 1813, 0
436, 20, 1, 5, 0, 0, 0.24%, 1, 0, 1, 5.81, 2848, 159, 1835, 0
441, 20, 1, 5, 0, 0, 0.24%, 1, 0, 1, 5.27, 2876, 159, 1858, 0
446, 20, 1, 5, 0, 0, 0.24%, 1, 0, 1, 6.60, 2912, 159, 1880, 0
451, 20, 1, 5, 0, 0, 0.24%, 1, 0, 1, 6.87, 2946, 159, 1901, 0
456, 21, 1, 5, 0, 0, 0.24%, 1, 0, 1, 6.71, 2981, 159, 1921, 0
461, 21, 1, 5, 0, 0, 0.24%, 1, 0, 1, 5.60, 3010, 159, 1943, 0
466, 21, 1, 5, 0, 0, 0.24%, 1, 0, 1, 5.20, 3045, 159, 1963, 0
472, 21, 1, 5, 0, 0, 0.24%, 1, 0, 1, 5.03, 3071, 159, 1985, 0
477, 21, 1, 5, 0, 0, 0.24%, 1, 0, 1, 5.28, 3098, 159, 2007, 0
482, 22, 1, 5, 0, 0, 0.24%, 1, 0, 1, 5.69, 3130, 159, 2029, 0
487, 22, 1, 5, 0, 0, 0.24%, 1, 0, 1, 5.27, 3157, 159, 2052, 0
492, 22, 1, 5, 0, 0, 0.24%, 1, 0, 1, 5.57, 3187, 159, 2074, 0
497, 22, 1, 5, 0, 0, 0.24%, 1, 0, 1, 6.61, 3225, 159, 2095, 0
502, 23, 1, 5, 0, 0, 0.24%, 1, 0, 1, 6.53, 3259, 159, 2116, 0
507, 23, 1, 5, 0, 0, 0.24%, 1, 0, 1, 5.91, 3289, 159, 2138, 0
513, 23, 1, 5, 0, 0, 0.24%, 1, 0, 1, 8.16, 3336, 159, 2157, 0
518, 23, 1, 5, 0, 0, 0.24%, 1, 0, 1, 7.23, 3377, 159, 2177, 0
523, 24, 1, 5, 0, 0, 0.24%, 1, 0, 1, 7.05, 3413, 159, 2198, 0
528, 24, 1, 5, 0, 0, 0.24%, 1, 0, 1, 6.81, 3450, 159, 2219, 0
533, 24, 1, 5, 0, 0, 0.24%, 1, 0, 1, 5.38, 3475, 159, 2242, 0
538, 24, 1, 5, 0, 0, 0.24%, 1, 0, 1, 4.79, 3499, 159, 2265, 0
544, 25, 1, 5, 0, 0, 0.24%, 1, 0, 1, 6.10, 3534, 159, 2286, 0
549, 25, 1, 5, 0, 0, 0.24%, 1, 0, 1, 6.43, 3568, 159, 2307, 0
554, 25, 1, 5, 0, 0, 0.24%, 1, 0, 1, 6.60, 3602, 159, 2327, 0
559, 25, 1, 5, 0, 0, 0.24%, 1, 0, 1, 6.03, 3633, 159, 2348, 0
564, 25, 1, 5, 0, 0, 0.24%, 1, 0, 1, 5.84, 3662, 159, 2369, 0
569, 26, 1, 5, 0, 0, 0.24%, 1, 0, 1, 6.32, 3699, 159, 2389, 0
574, 26, 1, 5, 0, 0, 0.24%, 1, 0, 1, 5.85, 3728, 159, 2410, 0
579, 26, 1, 5, 0, 0, 0.24%, 1, 0, 1, 5.63, 3758, 159, 2431, 0
584, 26, 1, 5, 0, 0, 0.24%, 1, 0, 1, 5.42, 3788, 159, 2452, 0
589, 27, 1, 5, 0, 0, 0.24%, 1, 0, 1, 5.94, 3822, 159, 2473, 0
594, 27, 1, 5, 0, 0, 0.24%, 1, 0, 1, 6.30, 3857, 159, 2494, 0
599, 27, 1, 5, 0, 0, 0.24%, 1, 0, 1, 6.08, 3889, 159, 2516, 0
605, 27, 1, 5, 0, 0, 0.24%, 1, 0, 1, 5.26, 3914, 159, 2539, 0
610, 27, 1, 5, 0, 0, 0.24%, 1, 0, 1, 5.74, 3944, 159, 2561, 0
615, 28, 1, 5, 0, 0, 0.24%, 1, 0, 1, 6.12, 3979, 159, 2583, 0
620, 28, 1, 5, 0, 0, 0.24%, 1, 0, 1, 6.53, 4015, 159, 2605, 0
625, 28, 1, 5, 0, 0, 0.24%, 1, 0, 1, 5.60, 4043, 159, 2628, 0
630, 28, 1, 5, 0, 0, 0.24%, 1, 0, 1, 5.24, 4069, 159, 2651, 0
636, 29, 1, 5, 0, 0, 0.24%, 1, 0, 1, 5.30, 4098, 159, 2674, 0
641, 29, 1, 5, 0, 0, 0.24%, 1, 0, 1, 5.46, 4127, 159, 2696, 0
646, 29, 1, 5, 0, 0, 0.24%, 1, 0, 1, 5.38, 4156, 159, 2719, 0
651, 29, 1, 5, 0, 0, 0.24%, 1, 0, 1, 6.19, 4193, 159, 2740, 0
656, 29, 1, 5, 0, 0, 0.24%, 1, 0, 1, 5.32, 4219, 159, 2763, 0
661, 30, 1, 5, 0, 0, 0.24%, 1, 0, 1, 5.08, 4246, 159, 2786, 0
667, 30, 1, 5, 0, 0, 0.24%, 1, 0, 1, 6.35, 4281, 159, 2807, 0
672, 30, 1, 5, 0, 0, 0.24%, 1, 0, 1, 6.04, 4314, 159, 2829, 0
677, 30, 1, 5, 0, 0, 0.24%, 1, 0, 1, 6.33, 4352, 159, 2850, 0
682, 31, 1, 5, 0, 0, 0.24%, 1, 0, 1, 5.26, 4379, 159, 2873, 0
687, 31, 1, 5, 0, 0, 0.24%, 1, 0, 1, 5.60, 4407, 159, 2895, 0
692, 31, 1, 5, 0, 0, 0.24%, 1, 0, 1, 5.80, 4439, 159, 2916, 0
697, 31, 1, 5, 0, 0, 0.24%, 1, 0, 1, 6.23, 4474, 159, 2938, 0
703, 31, 1, 5, 0, 0, 0.24%, 1, 0, 1, 5.58, 4503, 159, 2961, 0
708, 32, 1, 5, 0, 0, 0.24%, 1, 0, 1, 5.56, 4532, 159, 2983, 0
713, 32, 1, 5, 0, 0, 0.24%, 1, 0, 1, 5.01, 4557, 159, 3006, 0
718, 32, 1, 5, 0, 0, 0.24%, 1, 0, 1, 5.66, 4586, 159, 3028, 0
723, 32, 1, 5, 0, 0, 0.24%, 1, 0, 1, 5.50, 4614, 159, 3050, 0
728, 32, 1, 5, 0, 0, 0.24%, 1, 0, 1, 6.16, 4649, 159, 3071, 0
733, 33, 1, 5, 0, 0, 0.24%, 1, 0, 1, 6.71, 4683, 159, 3092, 0
738, 33, 1, 5, 0, 0, 0.24%, 1, 0, 1, 6.24, 4719, 159, 3114, 0
744, 33, 1, 5, 0, 0, 0.24%, 1, 0, 1, 5.96, 4750, 159, 3136, 0
749, 33, 1, 5, 0, 0, 0.24%, 1, 0, 1, 4.80, 4773, 159, 3159, 0
754, 34, 1, 5, 0, 0, 0.24%, 1, 0, 1, 5.62, 4806, 159, 3181, 0
759, 34, 1, 5, 0, 0, 0.24%, 1, 0, 1, 5.52, 4834, 159, 3203, 0
764, 34, 1, 5, 0, 0, 0.24%, 1, 0, 1, 6.41, 4870, 159, 3224, 0
769, 34, 1, 5, 0, 0, 0.24%, 1, 0, 1, 5.32, 4897, 159, 3247, 0
774, 34, 1, 5, 0, 0, 0.24%, 1, 0, 1, 6.01, 4928, 159, 3269, 0
779, 35, 1, 5, 0, 0, 0.24%, 1, 0, 1, 6.04, 4960, 159, 3291, 0
784, 35, 1, 5, 0, 0, 0.24%, 1, 0, 1, 4.81, 4982, 159, 3313, 0
790, 35, 1, 5, 0, 0, 0.24%, 1, 0, 1, 5.69, 5014, 159, 3335, 0
795, 35, 1, 5, 0, 0, 0.24%, 1, 0, 1, 5.78, 5046, 159, 3357, 0
800, 36, 1, 5, 0, 0, 0.24%, 1, 0, 1, 5.64, 5074, 159, 3380, 0
805, 36, 1, 5, 0, 0, 0.24%, 1, 0, 1, 5.95, 5108, 159, 3402, 0
810, 36, 1, 5, 0, 0, 0.24%, 1, 0, 1, 5.81, 5140, 159, 3424, 0
815, 36, 1, 5, 0, 0, 0.24%, 1, 0, 1, 5.85, 5170, 159, 3446, 0
820, 36, 1, 5, 0, 0, 0.24%, 1, 0, 1, 5.39, 5197, 159, 3469, 0
825, 37, 1, 5, 0, 0, 0.24%, 1, 0, 1, 6.12, 5234, 159, 3490, 0
830, 37, 1, 5, 0, 0, 0.24%, 1, 0, 1, 5.88, 5265, 159, 3511, 0
836, 37, 1, 5, 0, 0, 0.24%, 1, 0, 1, 5.75, 5294, 159, 3534, 0
841, 37, 1, 5, 0, 0, 0.24%, 1, 0, 1, 5.46, 5326, 159, 3556, 0
846, 37, 1, 5, 0, 0, 0.24%, 1, 0, 1, 4.94, 5350, 159, 3578, 0
851, 38, 1, 5, 0, 0, 0.24%, 1, 0, 1, 5.64, 5380, 159, 3601, 0
856, 38, 1, 5, 0, 0, 0.24%, 1, 0, 1, 5.17, 5405, 159, 3624, 0
862, 38, 1, 5, 0, 0, 0.24%, 1, 0, 1, 6.40, 5442, 159, 3645, 0
867, 38, 1, 5, 0, 0, 0.24%, 1, 0, 1, 7.52, 5485, 159, 3665, 0
872, 39, 1, 5, 0, 0, 0.24%, 1, 0, 1, 7.14, 5525, 159, 3685, 0
877, 39, 1, 5, 0, 0, 0.24%, 1, 0, 1, 7.28, 5563, 159, 3706, 0
882, 39, 1, 5, 0, 0, 0.24%, 1, 0, 1, 6.70, 5601, 159, 3726, 0
887, 40, 1, 5, 0, 0, 0.24%, 1, 0, 1, 6.36, 5632, 159, 3748, 0
892, 40, 1, 5, 0, 0, 0.24%, 1, 0, 1, 5.89, 5662, 159, 3770, 0
897, 40, 1, 5, 0, 0, 0.24%, 1, 0, 1, 0.00, 5687, 159, 3790, 0
