# relative_time, cycles_done, cur_item, corpus_count, pending_total, pending_favs, map_size, saved_crashes, saved_hangs, max_depth, execs_per_sec, total_execs, edges_found, total_crashes, servers_count
61, 11, 1, 5, 0, 0, 0.10%, 0, 0, 1, 25.61, 1604, 63, 0, 0
66, 12, 1, 5, 0, 0, 0.10%, 0, 0, 1, 24.82, 1729, 63, 0, 0
71, 12, 1, 5, 0, 0, 0.10%, 0, 0, 1, 24.77, 1855, 63, 0, 0
76, 13, 1, 5, 0, 0, 0.10%, 0, 0, 1, 25.23, 1986, 63, 0, 0
81, 14, 1, 5, 0, 0, 0.10%, 0, 0, 1, 25.78, 2118, 63, 0, 0
86, 15, 1, 5, 0, 0, 0.10%, 0, 0, 1, 25.36, 2245, 63, 0, 0
91, 16, 1, 5, 0, 0, 0.10%, 0, 0, 1, 25.16, 2374, 63, 0, 0
97, 17, 1, 5, 0, 0, 0.10%, 0, 0, 1, 25.44, 2506, 63, 0, 0
102, 18, 1, 5, 0, 0, 0.10%, 0, 0, 1, 24.54, 2633, 63, 0, 0
107, 19, 1, 5, 0, 0, 0.10%, 0, 0, 1, 24.66, 2761, 63, 0, 0
112, 20, 1, 5, 0, 0, 0.10%, 0, 0, 1, 24.90, 2887, 63, 0, 0
117, 21, 1, 5, 0, 0, 0.10%, 0, 0, 1, 25.12, 3013, 63, 0, 0
122, 22, 1, 5, 0, 0, 0.10%, 0, 0, 1, 25.36, 3145, 63, 0, 0
127, 23, 1, 5, 0, 0, 0.10%, 0, 0, 1, 25.03, 3271, 63, 0, 0
132, 24, 1, 5, 0, 0, 0.10%, 0, 0, 1, 25.15, 3398, 63, 0, 0
137, 24, 1, 5, 0, 0, 0.10%, 0, 0, 1, 24.86, 3522, 63, 0, 0
142, 25, 1, 5, 0, 0, 0.10%, 0, 0, 1, 25.14, 3652, 63, 0, 0
147, 26, 1, 5, 0, 0, 0.10%, 0, 0, 1, 25.56, 3781, 63, 0, 0
153, 27, 1, 5, 0, 0, 0.10%, 0, 0, 1, 25.33, 3912, 63, 0, 0
158, 28, 1, 5, 0, 0, 0.10%, 0, 0, 1, 25.21, 4039, 63, 0, 0
163, 29, 1, 5, 0, 0, 0.10%, 0, 0, 1, 25.14, 4166, 63, 0, 0
168, 30, 1, 5, 0, 0, 0.10%, 0, 0, 1, 25.47, 4298, 63, 0, 0
173, 31, 1, 5, 0, 0, 0.10%, 0, 0, 1, 25.77, 4427, 63, 0, 0
178, 32, 1, 5, 0, 0, 0.10%, 0, 0, 1, 25.92, 4562, 63, 0, 0
183, 33, 1, 5, 0, 0, 0.10%, 0, 0, 1, 26.32, 4700, 63, 0, 0
188, 34, 1, 5, 0, 0, 0.10%, 0, 0, 1, 24.78, 4826, 63, 0, 0
194, 35, 1, 5, 0, 0, 0.10%, 0, 0, 1, 25.32, 4956, 63, 0, 0
199, 36, 1, 5, 0, 0, 0.10%, 0, 0, 1, 25.32, 5088, 63, 0, 0
204, 36, 1, 5, 0, 0, 0.10%, 0, 0, 1, 25.18, 5217, 63, 0, 0
209, 37, 1, 5, 0, 0, 0.10%, 0, 0, 1, 24.91, 5345, 63, 0, 0
214, 38, 1, 5, 0, 0, 0.10%, 0, 0, 1, 25.18, 5474, 63, 0, 0
219, 39, 1, 5, 0, 0, 0.10%, 0, 0, 1, 24.82, 5600, 63, 0, 0
224, 40, 1, 5, 0, 0, 0.10%, 0, 0, 1, 25.73, 5733, 63, 0, 0
229, 41, 1, 5, 0, 0, 0.10%, 0, 0, 1, 25.21, 5863, 63, 0, 0
235, 42, 1, 5, 0, 0, 0.10%, 0, 0, 1, 25.82, 5995, 63, 0, 0
240, 43, 1, 5, 0, 0, 0.10%, 0, 0, 1, 25.92, 6127, 63, 0, 0
245, 44, 1, 5, 0, 0, 0.10%, 0, 0, 1, 25.55, 6259, 63, 0, 0
250, 45, 1, 5, 0, 0, 0.10%, 0, 0, 1, 25.11, 6388, 63, 0, 0
255, 46, 1, 5, 0, 0, 0.10%, 0, 0, 1, 25.86, 6519, 63, 0, 0
260, 47, 1, 5, 0, 0, 0.10%, 0, 0, 1, 26.00, 6651, 63, 0, 0
265, 48, 1, 5, 0, 0, 0.10%, 0, 0, 1, 25.90, 6783, 63, 0, 0
270, 49, 1, 5, 0, 0, 0.10%, 0, 0, 1, 24.83, 6906, 63, 0, 0
275, 49, 1, 5, 0, 0, 0.10%, 0, 0, 1, 24.35, 7028, 63, 0, 0
280, 50, 1, 5, 0, 0, 0.10%, 0, 0, 1, 25.21, 7159, 63, 0, 0
285, 51, 1, 5, 0, 0, 0.10%, 0, 0, 1, 25.84, 7289, 63, 0, 0
290, 52, 1, 5, 0, 0, 0.10%, 0, 0, 1, 26.16, 7421, 63, 0, 0
295, 53, 1, 5, 0, 0, 0.10%, 0, 0, 1, 26.21, 7553, 63, 0, 0
301, 54, 1, 5, 0, 0, 0.10%, 0, 0, 1, 25.56, 7684, 63, 0, 0
306, 55, 1, 5, 0, 0, 0.10%, 0, 0, 1, 25.67, 7815, 63, 0, 0
311, 56, 1, 5, 0, 0, 0.10%, 0, 0, 1, 25.53, 7948, 63, 0, 0
316, 57, 1, 5, 0, 0, 0.10%, 0, 0, 1, 25.33, 8078, 63, 0, 0
321, 58, 1, 5, 0, 0, 0.10%, 0, 0, 1, 24.81, 8203, 63, 0, 0
326, 59, 1, 5, 0, 0, 0.10%, 0, 0, 1, 25.31, 8330, 63, 0, 0
331, 60, 1, 5, 0, 0, 0.10%, 0, 0, 1, 25.92, 8462, 63, 0, 0
336, 61, 1, 5, 0, 0, 0.10%, 0, 0, 1, 25.13, 8590, 63, 0, 0
341, 62, 1, 5, 0, 0, 0.10%, 0, 0, 1, 24.95, 8719, 63, 0, 0
347, 62, 1, 5, 0, 0, 0.10%, 0, 0, 1, 25.62, 8849, 63, 0, 0
352, 63, 1, 5, 0, 0, 0.10%, 0, 0, 1, 25.50, 8978, 63, 0, 0
357, 64, 1, 5, 0, 0, 0.10%, 0, 0, 1, 24.95, 9104, 63, 0, 0
362, 65, 1, 5, 0, 0, 0.10%, 0, 0, 1, 24.93, 9232, 63, 0, 0
367, 66, 1, 5, 0, 0, 0.10%, 0, 0, 1, 25.30, 9362, 63, 0, 0
372, 67, 1, 5, 0, 0, 0.10%, 0, 0, 1, 25.19, 9493, 63, 0, 0
377, 68, 1, 5, 0, 0, 0.10%, 0, 0, 1, 25.17, 9621, 63, 0, 0
382, 69, 1, 5, 0, 0, 0.10%, 0, 0, 1, 24.96, 9749, 63, 0, 0
387, 70, 1, 5, 0, 0, 0.10%, 0, 0, 1, 25.37, 9881, 63, 0, 0
393, 71, 1, 5, 0, 0, 0.10%, 0, 0, 1, 25.64, 10014, 63, 0, 0
398, 72, 1, 5, 0, 0, 0.10%, 0, 0, 1, 25.41, 10147, 63, 0, 0
403, 73, 1, 5, 0, 0, 0.10%, 0, 0, 1, 25.46, 10276, 63, 0, 0
408, 74, 1, 5, 0, 0, 0.10%, 0, 0, 1, 25.03, 10403, 63, 0, 0
413, 74, 1, 5, 0, 0, 0.10%, 0, 0, 1, 24.40, 10528, 63, 0, 0
418, 75, 1, 5, 0, 0, 0.10%, 0, 0, 1, 25.02, 10654, 63, 0, 0
423, 76, 1, 5, 0, 0, 0.10%, 0, 0, 1, 25.39, 10786, 63, 0, 0
428, 77, 1, 5, 0, 0, 0.10%, 0, 0, 1, 24.96, 10913, 63, 0, 0
434, 78, 1, 5, 0, 0, 0.10%, 0, 0, 1, 25.01, 11043, 63, 0, 0
439, 79, 1, 5, 0, 0, 0.10%, 0, 0, 1, 25.69, 11175, 63, 0, 0
444, 80, 1, 5, 0, 0, 0.10%, 0, 0, 1, 25.29, 11303, 63, 0, 0
449, 81, 1, 5, 0, 0, 0.10%, 0, 0, 1, 24.98, 11429, 63, 0, 0
454, 82, 1, 5, 0, 0, 0.10%, 0, 0, 1, 24.96, 11555, 63, 0, 0
459, 83, 1, 5, 0, 0, 0.10%, 0, 0, 1, 25.41, 11688, 63, 0, 0
464, 84, 1, 5, 0, 0, 0.10%, 0, 0, 1, 25.50, 11821, 63, 0, 0
469, 85, 1, 5, 0, 0, 0.10%, 0, 0, 1, 25.75, 11952, 63, 0, 0
475, 86, 1, 5, 0, 0, 0.10%, 0, 0, 1, 25.77, 12085, 63, 0, 0
480, 86, 1, 5, 0, 0, 0.10%, 0, 0, 1, 25.95, 12217, 63, 0, 0
485, 87, 1, 5, 0, 0, 0.10%, 0, 0, 1, 26.07, 12348, 63, 0, 0
490, 88, 1, 5, 0, 0, 0.10%, 0, 0, 1, 25.55, 12479, 63, 0, 0
495, 89, 1, 5, 0, 0, 0.10%, 0, 0, 1, 25.33, 12611, 63, 0, 0
500, 90, 1, 5, 0, 0, 0.10%, 0, 0, 1, 25.50, 12742, 63, 0, 0
505, 91, 1, 5, 0, 0, 0.10%, 0, 0, 1, 24.70, 12868, 63, 0, 0
510, 92, 1, 5, 0, 0, 0.10%, 0, 0, 1, 25.23, 12998, 63, 0, 0
516, 93, 1, 5, 0, 0, 0.10%, 0, 0, 1, 25.70, 13130, 63, 0, 0
521, 94, 1, 5, 0, 0, 0.10%, 0, 0, 1, 26.16, 13262, 63, 0, 0
526, 95, 1, 5, 0, 0, 0.10%, 0, 0, 1, 26.26, 13394, 63, 0, 0
531, 96, 1, 5, 0, 0, 0.10%, 0, 0, 1, 26.40, 13526, 63, 0, 0
536, 97, 1, 5, 0, 0, 0.10%, 0, 0, 1, 25.09, 13652, 63, 0, 0
541, 98, 1, 5, 0, 0, 0.10%, 0, 0, 1, 24.57, 13778, 63, 0, 0
546, 99, 1, 5, 0, 0, 0.10%, 0, 0, 1, 24.70, 13906, 63, 0, 0
551, 99, 1, 5, 0, 0, 0.10%, 0, 0, 1, 24.39, 14029, 63, 0, 0
556, 100, 1, 5, 0, 0, 0.10%, 0, 0, 1, 24.51, 14155, 63, 0, 0
561, 101, 1, 5, 0, 0, 0.10%, 0, 0, 1, 24.80, 14282, 63, 0, 0
566, 102, 1, 5, 0, 0, 0.10%, 0, 0, 1, 25.95, 14414, 63, 0, 0
571, 103, 1, 5, 0, 0, 0.10%, 0, 0, 1, 26.25, 14546, 63, 0, 0
576, 104, 1, 5, 0, 0, 0.10%, 0, 0, 1, 25.27, 14672, 63, 0, 0
581, 105, 1, 5, 0, 0, 0.10%, 0, 0, 1, 25.63, 14803, 63, 0, 0
587, 106, 1, 5, 0, 0, 0.10%, 0, 0, 1, 25.71, 14934, 63, 0, 0
592, 107, 1, 5, 0, 0, 0.10%, 0, 0, 1, 25.18, 15062, 63, 0, 0
597, 108, 1, 5, 0, 0, 0.10%, 0, 0, 1, 25.18, 15193, 63, 0, 0
602, 109, 1, 5, 0, 0, 0.10%, 0, 0, 1, 25.38, 15325, 63, 0, 0
607, 110, 1, 5, 0, 0, 0.10%, 0, 0, 1, 24.75, 15453, 63, 0, 0
612, 111, 1, 5, 0, 0, 0.10%, 0, 0, 1, 25.22, 15580, 63, 0, 0
617, 111, 1, 5, 0, 0, 0.10%, 0, 0, 1, 25.43, 15708, 63, 0, 0
622, 112, 1, 5, 0, 0, 0.10%, 0, 0, 1, 25.40, 15837, 63, 0, 0
628, 113, 1, 5, 0, 0, 0.10%, 0, 0, 1, 24.84, 15965, 63, 0, 0
633, 114, 1, 5, 0, 0, 0.10%, 0, 0, 1, 24.71, 16089, 63, 0, 0
638, 115, 1, 5, 0, 0, 0.10%, 0, 0, 1, 24.89, 16218, 63, 0, 0
643, 116, 1, 5, 0, 0, 0.10%, 0, 0, 1, 24.74, 16346, 63, 0, 0
648, 117, 1, 5, 0, 0, 0.10%, 0, 0, 1, 24.07, 16466, 63, 0, 0
653, 118, 1, 5, 0, 0, 0.10%, 0, 0, 1, 25.01, 16597, 63, 0, 0
658, 119, 1, 5, 0, 0, 0.10%, 0, 0, 1, 24.97, 16725, 63, 0, 0
664, 120, 1, 5, 0, 0, 0.10%, 0, 0, 1, 25.72, 16859, 63, 0, 0
669, 121, 1, 5, 0, 0, 0.10%, 0, 0, 1, 24.89, 16985, 63, 0, 0
674, 121, 1, 5, 0, 0, 0.10%, 0, 0, 1, 25.39, 17117, 63, 0, 0
679, 122, 1, 5, 0, 0, 0.10%, 0, 0, 1, 25.19, 17248, 63, 0, 0
684, 123, 1, 5, 0, 0, 0.10%, 0, 0, 1, 25.01, 17377, 63, 0, 0
689, 124, 1, 5, 0, 0, 0.10%, 0, 0, 1, 25.39, 17504, 63, 0, 0
694, 125, 1, 5, 0, 0, 0.10%, 0, 0, 1, 25.37, 17633, 63, 0, 0
699, 126, 1, 5, 0, 0, 0.10%, 0, 0, 1, 25.84, 17765, 63, 0, 0
704, 127, 1, 5, 0, 0, 0.10%, 0, 0, 1, 25.28, 17895, 63, 0, 0
710, 128, 1, 5, 0, 0, 0.10%, 0, 0, 1, 24.90, 18022, 63, 0, 0
715, 129, 1, 5, 0, 0, 0.10%, 0, 0, 1, 24.83, 18149, 63, 0, 0
720, 130, 1, 5, 0, 0, 0.10%, 0, 0, 1, 25.18, 18279, 63, 0, 0
725, 131, 1, 5, 0, 0, 0.10%, 0, 0, 1, 25.86, 18412, 63, 0, 0
730, 132, 1, 5, 0, 0, 0.10%, 0, 0, 1, 25.51, 18544, 63, 0, 0
735, 133, 1, 5, 0, 0, 0.10%, 0, 0, 1, 24.90, 18671, 63, 0, 0
741, 134, 1, 5, 0, 0, 0.10%, 0, 0, 1, 25.05, 18802, 63, 0, 0
746, 134, 1, 5, 0, 0, 0.10%, 0, 0, 1, 25.23, 18931, 63, 0, 0
751, 135, 1, 5, 0, 0, 0.10%, 0, 0, 1, 25.44, 19061, 63, 0, 0
756, 136, 1, 5, 0, 0, 0.10%, 0, 0, 1, 25.89, 19193, 63, 0, 0
761, 137, 1, 5, 0, 0, 0.10%, 0, 0, 1, 25.72, 19323, 63, 0, 0
766, 138, 1, 5, 0, 0, 0.10%, 0, 0, 1, 25.35, 19451, 63, 0, 0
771, 139, 1, 5, 0, 0, 0.10%, 0, 0, 1, 24.99, 19579, 63, 0, 0
776, 140, 1, 5, 0, 0, 0.10%, 0, 0, 1, 24.86, 19707, 63, 0, 0
781, 141, 1, 5, 0, 0, 0.10%, 0, 0, 1, 25.10, 19837, 63, 0, 0
787, 142, 1, 5, 0, 0, 0.10%, 0, 0, 1, 24.86, 19966, 63, 0, 0
792, 143, 1, 5, 0, 0, 0.10%, 0, 0, 1, 25.77, 20101, 63, 0, 0
797, 144, 1, 5, 0, 0, 0.10%, 0, 0, 1, 25.83, 20232, 63, 0, 0
802, 145, 1, 5, 0, 0, 0.10%, 0, 0, 1, 25.65, 20362, 63, 0, 0
807, 146, 1, 5, 0, 0, 0.10%, 0, 0, 1, 25.71, 20494, 63, 0, 0
812, 147, 1, 5, 0, 0, 0.10%, 0, 0, 1, 25.97, 20626, 63, 0, 0
817, 148, 1, 5, 0, 0, 0.10%, 0, 0, 1, 26.07, 20758, 63, 0, 0
822, 148, 1, 5, 0, 0, 0.10%, 0, 0, 1, 25.66, 20887, 63, 0, 0
827, 149, 1, 5, 0, 0, 0.10%, 0, 0, 1, 24.76, 21013, 63, 0, 0
833, 150, 1, 5, 0, 0, 0.10%, 0, 0, 1, 25.31, 21141, 63, 0, 0
838, 151, 1, 5, 0, 0, 0.10%, 0, 0, 1, 25.45, 21273, 63, 0, 0
843, 152, 1, 5, 0, 0, 0.10%, 0, 0, 1, 24.76, 21399, 63, 0, 0
848, 153, 1, 5, 0, 0, 0.10%, 0, 0, 1, 25.18, 21531, 63, 0, 0
853, 154, 1, 5, 0, 0, 0.10%, 0, 0, 1, 24.60, 21658, 63, 0, 0
858, 155, 1, 5, 0, 0, 0.10%, 0, 0, 1, 25.33, 21788, 63, 0, 0
863, 156, 1, 5, 0, 0, 0.10%, 0, 0, 1, 25.89, 21920, 63, 0, 0
868, 157, 1, 5, 0, 0, 0.10%, 0, 0, 1, 25.47, 22047, 63, 0, 0
874, 158, 1, 5, 0, 0, 0.10%, 0, 0, 1, 24.98, 22176, 63, 0, 0
879, 159, 1, 5, 0, 0, 0.10%, 0, 0, 1, 24.83, 22300, 63, 0, 0
884, 159, 1, 5, 0, 0, 0.10%, 0, 0, 1, 24.95, 22429, 63, 0, 0
889, 160, 1, 5, 0, 0, 0.10%, 0, 0, 1, 25.17, 22561, 63, 0, 0
894, 161, 1, 5, 0, 0, 0.10%, 0, 0, 1, 25.77, 22693, 63, 0, 0
897, 162, 1, 5, 0, 0, 0.10%, 0, 0, 1, 25.29, 22761, 63, 0, 0
