# relative_time, cycles_done, cur_item, corpus_count, pending_total, pending_favs, map_size, saved_crashes, saved_hangs, max_depth, execs_per_sec, total_execs, edges_found, total_crashes, servers_count
61, 20, 1, 5, 0, 0, 0.02%, 0, 0, 1, 49.50, 2958, 12, 0, 0
66, 22, 1, 5, 0, 0, 0.02%, 0, 0, 1, 48.79, 3209, 12, 0, 0
71, 24, 1, 5, 0, 0, 0.02%, 0, 0, 1, 47.27, 3449, 12, 0, 0
76, 26, 1, 5, 0, 0, 0.02%, 0, 0, 1, 47.07, 3689, 12, 0, 0
81, 27, 1, 5, 0, 0, 0.02%, 0, 0, 1, 47.07, 3929, 12, 0, 0
86, 29, 1, 5, 0, 0, 0.02%, 0, 0, 1, 47.06, 4169, 12, 0, 0
91, 31, 1, 5, 0, 0, 0.02%, 0, 0, 1, 46.94, 4409, 12, 0, 0
97, 32, 1, 5, 0, 0, 0.02%, 0, 0, 1, 46.87, 4649, 12, 0, 0
102, 34, 1, 5, 0, 0, 0.02%, 0, 0, 1, 46.98, 4889, 12, 0, 0
107, 36, 1, 5, 0, 0, 0.02%, 0, 0, 1, 47.08, 5129, 12, 0, 0
112, 38, 1, 5, 0, 0, 0.02%, 0, 0, 1, 46.66, 5369, 12, 0, 0
117, 39, 1, 5, 0, 0, 0.02%, 0, 0, 1, 46.37, 5609, 12, 0, 0
122, 41, 1, 5, 0, 0, 0.02%, 0, 0, 1, 46.32, 5848, 12, 0, 0
127, 43, 1, 5, 0, 0, 0.02%, 0, 0, 1, 47.52, 6090, 12, 0, 0
132, 45, 1, 5, 0, 0, 0.02%, 0, 0, 1, 49.46, 6345, 12, 0, 0
137, 46, 1, 5, 0, 0, 0.02%, 0, 0, 1, 49.61, 6595, 12, 0, 0
143, 48, 1, 5, 0, 0, 0.02%, 0, 0, 1, 49.63, 6845, 12, 0, 0
148, 50, 1, 5, 0, 0, 0.02%, 0, 0, 1, 49.70, 7096, 12, 0, 0
153, 52, 1, 5, 0, 0, 0.02%, 0, 0, 1, 48.71, 7348, 12, 0, 0
158, 53, 1, 5, 0, 0, 0.02%, 0, 0, 1, 46.82, 7588, 12, 0, 0
163, 55, 1, 5, 0, 0, 0.02%, 0, 0, 1, 46.47, 7828, 12, 0, 0
168, 57, 1, 5, 0, 0, 0.02%, 0, 0, 1, 46.39, 8068, 12, 0, 0
173, 59, 1, 5, 0, 0, 0.02%, 0, 0, 1, 46.36, 8308, 12, 0, 0
179, 60, 1, 5, 0, 0, 0.02%, 0, 0, 1, 46.46, 8548, 12, 0, 0
184, 62, 1, 5, 0, 0, 0.02%, 0, 0, 1, 46.36, 8788, 12, 0, 0
189, 64, 1, 5, 0, 0, 0.02%, 0, 0, 1, 46.24, 9027, 12, 0, 0
194, 65, 1, 5, 0, 0, 0.02%, 0, 0, 1, 46.22, 9267, 12, 0, 0
199, 67, 1, 5, 0, 0, 0.02%, 0, 0, 1, 46.51, 9507, 12, 0, 0
204, 69, 1, 5, 0, 0, 0.02%, 0, 0, 1, 46.52, 9747, 12, 0, 0
210, 71, 1, 5, 0, 0, 0.02%, 0, 0, 1, 46.76, 9987, 12, 0, 0
215, 72, 1, 5, 0, 0, 0.02%, 0, 0, 1, 46.77, 10227, 12, 0, 0
220, 74, 1, 5, 0, 0, 0.02%, 0, 0, 1, 46.75, 10467, 12, 0, 0
225, 76, 1, 5, 0, 0, 0.02%, 0, 0, 1, 46.80, 10707, 12, 0, 0
230, 77, 1, 5, 0, 0, 0.02%, 0, 0, 1, 46.86, 10947, 12, 0, 0
235, 79, 1, 5, 0, 0, 0.02%, 0, 0, 1, 46.82, 11187, 12, 0, 0
240, 81, 1, 5, 0, 0, 0.02%, 0, 0, 1, 48.39, 11430, 12, 0, 0
245, 83, 1, 5, 0, 0, 0.02%, 0, 0, 1, 49.66, 11688, 12, 0, 0
250, 85, 1, 5, 0, 0, 0.02%, 0, 0, 1, 49.96, 11939, 12, 0, 0
256, 86, 1, 5, 0, 0, 0.02%, 0, 0, 1, 50.03, 12198, 12, 0, 0
261, 88, 1, 5, 0, 0, 0.02%, 0, 0, 1, 50.05, 12457, 12, 0, 0
266, 90, 1, 5, 0, 0, 0.02%, 0, 0, 1, 50.11, 12711, 12, 0, 0
271, 92, 1, 5, 0, 0, 0.02%, 0, 0, 1, 50.11, 12962, 12, 0, 0
276, 94, 1, 5, 0, 0, 0.02%, 0, 0, 1, 50.04, 13213, 12, 0, 0
281, 95, 1, 5, 0, 0, 0.02%, 0, 0, 1, 50.04, 13464, 12, 0, 0
286, 97, 1, 5, 0, 0, 0.02%, 0, 0, 1, 50.07, 13724, 12, 0, 0
291, 99, 1, 5, 0, 0, 0.02%, 0, 0, 1, 49.65, 13978, 12, 0, 0
296, 101, 1, 5, 0, 0, 0.02%, 0, 0, 1, 47.67, 14218, 12, 0, 0
301, 103, 1, 5, 0, 0, 0.02%, 0, 0, 1, 47.16, 14458, 12, 0, 0
307, 104, 1, 5, 0, 0, 0.02%, 0, 0, 1, 46.62, 14698, 12, 0, 0
312, 106, 1, 5, 0, 0, 0.02%, 0, 0, 1, 46.37, 14938, 12, 0, 0
317, 108, 1, 5, 0, 0, 0.02%, 0, 0, 1, 46.38, 15178, 12, 0, 0
322, 109, 1, 5, 0, 0, 0.02%, 0, 0, 1, 46.45, 15418, 12, 0, 0
327, 111, 1, 5, 0, 0, 0.02%, 0, 0, 1, 46.44, 15658, 12, 0, 0
332, 113, 1, 5, 0, 0, 0.02%, 0, 0, 1, 46.35, 15898, 12, 0, 0
338, 114, 1, 5, 0, 0, 0.02%, 0, 0, 1, 46.40, 16137, 12, 0, 0
343, 116, 1, 5, 0, 0, 0.02%, 0, 0, 1, 46.37, 16377, 12, 0, 0
348, 118, 1, 5, 0, 0, 0.02%, 0, 0, 1, 46.42, 16617, 12, 0, 0
353, 120, 1, 5, 0, 0, 0.02%, 0, 0, 1, 46.51, 16857, 12, 0, 0
358, 121, 1, 5, 0, 0, 0.02%, 0, 0, 1, 46.42, 17097, 12, 0, 0
363, 123, 1, 5, 0, 0, 0.02%, 0, 0, 1, 48.46, 17347, 12, 0, 0
368, 125, 1, 5, 0, 0, 0.02%, 0, 0, 1, 47.83, 17588, 12, 0, 0
373, 127, 1, 5, 0, 0, 0.02%, 0, 0, 1, 47.14, 17827, 12, 0, 0
379, 128, 1, 5, 0, 0, 0.02%, 0, 0, 1, 46.96, 18067, 12, 0, 0
384, 130, 1, 5, 0, 0, 0.02%, 0, 0, 1, 46.84, 18307, 12, 0, 0
389, 132, 1, 5, 0, 0, 0.02%, 0, 0, 1, 46.82, 18547, 12, 0, 0
394, 133, 1, 5, 0, 0, 0.02%, 0, 0, 1, 47.30, 18787, 12, 0, 0
399, 135, 1, 5, 0, 0, 0.02%, 0, 0, 1, 47.34, 19027, 12, 0, 0
404, 137, 1, 5, 0, 0, 0.02%, 0, 0, 1, 46.83, 19267, 12, 0, 0
409, 139, 1, 5, 0, 0, 0.02%, 0, 0, 1, 46.82, 19507, 12, 0, 0
414, 140, 1, 5, 0, 0, 0.02%, 0, 0, 1, 48.45, 19757, 12, 0, 0
420, 142, 1, 5, 0, 0, 0.02%, 0, 0, 1, 46.98, 19997, 12, 0, 0
425, 144, 1, 5, 0, 0, 0.02%, 0, 0, 1, 46.57, 20237, 12, 0, 0
430, 145, 1, 5, 0, 0, 0.02%, 0, 0, 1, 47.32, 20477, 12, 0, 0
435, 147, 1, 5, 0, 0, 0.02%, 0, 0, 1, 47.50, 20717, 12, 0, 0
440, 149, 1, 5, 0, 0, 0.02%, 0, 0, 1, 47.55, 20957, 12, 0, 0
445, 151, 1, 5, 0, 0, 0.02%, 0, 0, 1, 47.62, 21197, 12, 0, 0
450, 152, 1, 5, 0, 0, 0.02%, 0, 0, 1, 47.48, 21437, 12, 0, 0
455, 154, 1, 5, 0, 0, 0.02%, 0, 0, 1, 47.32, 21677, 12, 0, 0
460, 156, 1, 5, 0, 0, 0.02%, 0, 0, 1, 47.38, 21917, 12, 0, 0
465, 157, 1, 5, 0, 0, 0.02%, 0, 0, 1, 47.39, 22157, 12, 0, 0
470, 159, 1, 5, 0, 0, 0.02%, 0, 0, 1, 47.43, 22397, 12, 0, 0
475, 161, 1, 5, 0, 0, 0.02%, 0, 0, 1, 47.45, 22637, 12, 0, 0
480, 163, 1, 5, 0, 0, 0.02%, 0, 0, 1, 47.27, 22877, 12, 0, 0
485, 164, 1, 5, 0, 0, 0.02%, 0, 0, 1, 47.34, 23117, 12, 0, 0
491, 166, 1, 5, 0, 0, 0.02%, 0, 0, 1, 46.97, 23357, 12, 0, 0
496, 168, 1, 5, 0, 0, 0.02%, 0, 0, 1, 46.54, 23597, 12, 0, 0
501, 169, 1, 5, 0, 0, 0.02%, 0, 0, 1, 46.50, 23837, 12, 0, 0
506, 171, 1, 5, 0, 0, 0.02%, 0, 0, 1, 46.54, 24077, 12, 0, 0
511, 173, 1, 5, 0, 0, 0.02%, 0, 0, 1, 46.92, 24316, 12, 0, 0
516, 175, 1, 5, 0, 0, 0.02%, 0, 0, 1, 49.09, 24567, 12, 0, 0
521, 177, 1, 5, 0, 0, 0.02%, 0, 0, 1, 49.63, 24820, 12, 0, 0
526, 178, 1, 5, 0, 0, 0.02%, 0, 0, 1, 49.75, 25076, 12, 0, 0
531, 180, 1, 5, 0, 0, 0.02%, 0, 0, 1, 49.76, 25327, 12, 0, 0
537, 182, 1, 5, 0, 0, 0.02%, 0, 0, 1, 48.67, 25579, 12, 0, 0
542, 184, 1, 5, 0, 0, 0.02%, 0, 0, 1, 47.25, 25819, 12, 0, 0
547, 185, 1, 5, 0, 0, 0.02%, 0, 0, 1, 47.08, 26059, 12, 0, 0
552, 187, 1, 5, 0, 0, 0.02%, 0, 0, 1, 46.98, 26299, 12, 0, 0
557, 189, 1, 5, 0, 0, 0.02%, 0, 0, 1, 46.98, 26539, 12, 0, 0
562, 191, 1, 5, 0, 0, 0.02%, 0, 0, 1, 46.97, 26779, 12, 0, 0
567, 192, 1, 5, 0, 0, 0.02%, 0, 0, 1, 47.14, 27019, 12, 0, 0
572, 194, 1, 5, 0, 0, 0.02%, 0, 0, 1, 47.02, 27259, 12, 0, 0
578, 196, 1, 5, 0, 0, 0.02%, 0, 0, 1, 46.76, 27499, 12, 0, 0
583, 197, 1, 5, 0, 0, 0.02%, 0, 0, 1, 46.70, 27739, 12, 0, 0
588, 199, 1, 5, 0, 0, 0.02%, 0, 0, 1, 46.80, 27979, 12, 0, 0
593, 201, 1, 5, 0, 0, 0.02%, 0, 0, 1, 46.91, 28219, 12, 0, 0
598, 203, 1, 5, 0, 0, 0.02%, 0, 0, 1, 46.91, 28459, 12, 0, 0
603, 204, 1, 5, 0, 0, 0.02%, 0, 0, 1, 46.78, 28699, 12, 0, 0
608, 206, 1, 5, 0, 0, 0.02%, 0, 0, 1, 46.76, 28939, 12, 0, 0
613, 208, 1, 5, 0, 0, 0.02%, 0, 0, 1, 46.90, 29179, 12, 0, 0
619, 209, 1, 5, 0, 0, 0.02%, 0, 0, 1, 46.96, 29419, 12, 0, 0
624, 211, 1, 5, 0, 0, 0.02%, 0, 0, 1, 46.92, 29659, 12, 0, 0
629, 213, 1, 5, 0, 0, 0.02%, 0, 0, 1, 46.88, 29899, 12, 0, 0
634, 215, 1, 5, 0, 0, 0.02%, 0, 0, 1, 46.94, 30139, 12, 0, 0
639, 216, 1, 5, 0, 0, 0.02%, 0, 0, 1, 47.05, 30378, 12, 0, 0
644, 218, 1, 5, 0, 0, 0.02%, 0, 0, 1, 47.14, 30618, 12, 0, 0
649, 220, 1, 5, 0, 0, 0.02%, 0, 0, 1, 47.13, 30858, 12, 0, 0
654, 221, 1, 5, 0, 0, 0.02%, 0, 0, 1, 47.15, 31098, 12, 0, 0
659, 223, 1, 5, 0, 0, 0.02%, 0, 0, 1, 47.31, 31338, 12, 0, 0
664, 225, 1, 5, 0, 0, 0.02%, 0, 0, 1, 47.22, 31578, 12, 0, 0
670, 227, 1, 5, 0, 0, 0.02%, 0, 0, 1, 49.16, 31832, 12, 0, 0
675, 228, 1, 5, 0, 0, 0.02%, 0, 0, 1, 50.17, 32095, 12, 0, 0
680, 230, 1, 5, 0, 0, 0.02%, 0, 0, 1, 50.44, 32358, 12, 0, 0
685, 232, 1, 5, 0, 0, 0.02%, 0, 0, 1, 50.49, 32611, 12, 0, 0
690, 234, 1, 5, 0, 0, 0.02%, 0, 0, 1, 50.45, 32871, 12, 0, 0
695, 236, 1, 5, 0, 0, 0.02%, 0, 0, 1, 47.22, 33110, 12, 0, 0
701, 237, 1, 5, 0, 0, 0.02%, 0, 0, 1, 46.25, 33349, 12, 0, 0
706, 239, 1, 5, 0, 0, 0.02%, 0, 0, 1, 45.92, 33579, 12, 0, 0
711, 241, 1, 5, 0, 0, 0.02%, 0, 0, 1, 45.92, 33818, 12, 0, 0
716, 243, 1, 5, 0, 0, 0.02%, 0, 0, 1, 46.08, 34058, 12, 0, 0
721, 244, 1, 5, 0, 0, 0.02%, 0, 0, 1, 46.04, 34298, 12, 0, 0
726, 246, 1, 5, 0, 0, 0.02%, 0, 0, 1, 46.14, 34538, 12, 0, 0
732, 248, 1, 5, 0, 0, 0.02%, 0, 0, 1, 46.10, 34778, 12, 0, 0
737, 249, 1, 5, 0, 0, 0.02%, 0, 0, 1, 46.15, 35018, 12, 0, 0
742, 251, 1, 5, 0, 0, 0.02%, 0, 0, 1, 47.41, 35259, 12, 0, 0
747, 253, 1, 5, 0, 0, 0.02%, 0, 0, 1, 49.51, 35515, 12, 0, 0
752, 255, 1, 5, 0, 0, 0.02%, 0, 0, 1, 49.98, 35767, 12, 0, 0
757, 257, 1, 5, 0, 0, 0.02%, 0, 0, 1, 49.91, 36018, 12, 0, 0
762, 258, 1, 5, 0, 0, 0.02%, 0, 0, 1, 49.68, 36268, 12, 0, 0
767, 260, 1, 5, 0, 0, 0.02%, 0, 0, 1, 49.61, 36519, 12, 0, 0
772, 262, 1, 5, 0, 0, 0.02%, 0, 0, 1, 49.64, 36770, 12, 0, 0
777, 264, 1, 5, 0, 0, 0.02%, 0, 0, 1, 49.55, 37021, 12, 0, 0
782, 265, 1, 5, 0, 0, 0.02%, 0, 0, 1, 49.52, 37271, 12, 0, 0
787, 267, 1, 5, 0, 0, 0.02%, 0, 0, 1, 48.84, 37521, 12, 0, 0
793, 269, 1, 5, 0, 0, 0.02%, 0, 0, 1, 47.07, 37761, 12, 0, 0
798, 271, 1, 5, 0, 0, 0.02%, 0, 0, 1, 46.67, 38001, 12, 0, 0
803, 272, 1, 5, 0, 0, 0.02%, 0, 0, 1, 46.65, 38241, 12, 0, 0
808, 274, 1, 5, 0, 0, 0.02%, 0, 0, 1, 46.75, 38481, 12, 0, 0
813, 276, 1, 5, 0, 0, 0.02%, 0, 0, 1, 46.62, 38721, 12, 0, 0
818, 278, 1, 5, 0, 0, 0.02%, 0, 0, 1, 46.85, 38961, 12, 0, 0
823, 279, 1, 5, 0, 0, 0.02%, 0, 0, 1, 46.83, 39201, 12, 0, 0
829, 281, 1, 5, 0, 0, 0.02%, 0, 0, 1, 46.88, 39441, 12, 0, 0
834, 283, 1, 5, 0, 0, 0.02%, 0, 0, 1, 46.89, 39681, 12, 0, 0
839, 284, 1, 5, 0, 0, 0.02%, 0, 0, 1, 46.81, 39921, 12, 0, 0
844, 286, 1, 5, 0, 0, 0.02%, 0, 0, 1, 46.80, 40161, 12, 0, 0
849, 288, 1, 5, 0, 0, 0.02%, 0, 0, 1, 46.50, 40401, 12, 0, 0
854, 290, 1, 5, 0, 0, 0.02%, 0, 0, 1, 46.97, 40641, 12, 0, 0
859, 291, 1, 5, 0, 0, 0.02%, 0, 0, 1, 47.15, 40881, 12, 0, 0
864, 293, 1, 5, 0, 0, 0.02%, 0, 0, 1, 49.32, 41132, 12, 0, 0
869, 295, 1, 5, 0, 0, 0.02%, 0, 0, 1, 49.83, 41387, 12, 0, 0
875, 297, 1, 5, 0, 0, 0.02%, 0, 0, 1, 49.87, 41643, 12, 0, 0
880, 298, 1, 5, 0, 0, 0.02%, 0, 0, 1, 49.83, 41896, 12, 0, 0
885, 300, 1, 5, 0, 0, 0.02%, 0, 0, 1, 49.11, 42143, 12, 0, 0
890, 302, 1, 5, 0, 0, 0.02%, 0, 0, 1, 47.16, 42383, 12, 0, 0
895, 304, 1, 5, 0, 0, 0.02%, 0, 0, 1, 46.64, 42623, 12, 0, 0
898, 305, 1, 5, 0, 0, 0.02%, 0, 0, 1, 44.99, 42743, 12, 0, 0
