# relative_time, cycles_done, cur_item, corpus_count, pending_total, pending_favs, map_size, saved_crashes, saved_hangs, max_depth, execs_per_sec, total_execs, edges_found, total_crashes, servers_count
61, 10, 1, 5, 0, 0, 0.29%, 0, 0, 1, 24.09, 1499, 190, 0, 0
66, 11, 1, 5, 0, 0, 0.29%, 0, 0, 1, 24.07, 1624, 190, 0, 0
71, 12, 1, 5, 0, 0, 0.29%, 0, 0, 1, 24.44, 1749, 190, 0, 0
76, 13, 1, 5, 0, 0, 0.29%, 0, 0, 1, 24.38, 1874, 190, 0, 0
82, 13, 1, 5, 0, 0, 0.29%, 0, 0, 1, 23.76, 1994, 190, 0, 0
87, 14, 1, 5, 0, 0, 0.29%, 0, 0, 1, 23.57, 2114, 190, 0, 0
92, 15, 1, 5, 0, 0, 0.29%, 0, 0, 1, 23.58, 2234, 190, 0, 0
97, 16, 1, 5, 0, 0, 0.29%, 0, 0, 1, 23.60, 2354, 190, 0, 0
102, 17, 1, 5, 0, 0, 0.29%, 0, 0, 1, 23.71, 2474, 190, 0, 0
107, 18, 1, 5, 0, 0, 0.29%, 0, 0, 1, 23.61, 2594, 190, 0, 0
112, 19, 1, 5, 0, 0, 0.29%, 0, 0, 1, 23.67, 2714, 190, 0, 0
117, 19, 1, 5, 0, 0, 0.29%, 0, 0, 1, 23.44, 2834, 190, 0, 0
122, 20, 1, 5, 0, 0, 0.29%, 0, 0, 1, 23.18, 2954, 190, 0, 0
127, 21, 1, 5, 0, 0, 0.29%, 0, 0, 1, 23.65, 3074, 190, 0, 0
133, 22, 1, 5, 0, 0, 0.29%, 0, 0, 1, 24.13, 3199, 190, 0, 0
138, 23, 1, 5, 0, 0, 0.29%, 0, 0, 1, 24.25, 3324, 190, 0, 0
143, 24, 1, 5, 0, 0, 0.29%, 0, 0, 1, 23.97, 3449, 190, 0, 0
148, 25, 1, 5, 0, 0, 0.29%, 0, 0, 1, 23.45, 3569, 190, 0, 0
153, 26, 1, 5, 0, 0, 0.29%, 0, 0, 1, 23.40, 3689, 190, 0, 0
158, 26, 1, 5, 0, 0, 0.29%, 0, 0, 1, 23.54, 3809, 190, 0, 0
163, 27, 1, 5, 0, 0, 0.29%, 0, 0, 1, 23.57, 3929, 190, 0, 0
169, 28, 1, 5, 0, 0, 0.29%, 0, 0, 1, 23.65, 4049, 190, 0, 0
174, 29, 1, 5, 0, 0, 0.29%, 0, 0, 1, 23.53, 4169, 190, 0, 0
179, 30, 1, 5, 0, 0, 0.29%, 0, 0, 1, 23.54, 4289, 190, 0, 0
184, 31, 1, 5, 0, 0, 0.29%, 0, 0, 1, 23.63, 4409, 190, 0, 0
189, 32, 1, 5, 0, 0, 0.29%, 0, 0, 1, 23.63, 4529, 190, 0, 0
194, 32, 1, 5, 0, 0, 0.29%, 0, 0, 1, 23.48, 4649, 190, 0, 0
199, 33, 1, 5, 0, 0, 0.29%, 0, 0, 1, 23.55, 4769, 190, 0, 0
204, 34, 1, 5, 0, 0, 0.29%, 0, 0, 1, 23.59, 4889, 190, 0, 0
209, 35, 1, 5, 0, 0, 0.29%, 0, 0, 1, 23.58, 5009, 190, 0, 0
214, 36, 1, 5, 0, 0, 0.29%, 0, 0, 1, 23.64, 5129, 190, 0, 0
220, 37, 1, 5, 0, 0, 0.29%, 0, 0, 1, 24.04, 5254, 190, 0, 0
225, 38, 1, 5, 0, 0, 0.29%, 0, 0, 1, 24.05, 5379, 190, 0, 0
230, 39, 1, 5, 0, 0, 0.29%, 0, 0, 1, 24.23, 5504, 190, 0, 0
235, 39, 1, 5, 0, 0, 0.29%, 0, 0, 1, 24.12, 5629, 190, 0, 0
240, 40, 1, 5, 0, 0, 0.29%, 0, 0, 1, 23.63, 5749, 190, 0, 0
245, 41, 1, 5, 0, 0, 0.29%, 0, 0, 1, 23.60, 5869, 190, 0, 0
250, 42, 1, 5, 0, 0, 0.29%, 0, 0, 1, 23.62, 5989, 190, 0, 0
256, 43, 1, 5, 0, 0, 0.29%, 0, 0, 1, 23.92, 6114, 190, 0, 0
261, 44, 1, 5, 0, 0, 0.29%, 0, 0, 1, 24.17, 6239, 190, 0, 0
266, 45, 1, 5, 0, 0, 0.29%, 0, 0, 1, 24.28, 6364, 190, 0, 0
271, 46, 1, 5, 0, 0, 0.29%, 0, 0, 1, 24.21, 6489, 190, 0, 0
276, 46, 1, 5, 0, 0, 0.29%, 0, 0, 1, 24.02, 6614, 190, 0, 0
281, 47, 1, 5, 0, 0, 0.29%, 0, 0, 1, 23.45, 6734, 190, 0, 0
286, 48, 1, 5, 0, 0, 0.29%, 0, 0, 1, 22.16, 6844, 190, 0, 0
292, 49, 1, 5, 0, 0, 0.29%, 0, 0, 1, 21.70, 6954, 190, 0, 0
297, 50, 1, 5, 0, 0, 0.29%, 0, 0, 1, 22.41, 7069, 190, 0, 0
302, 51, 1, 5, 0, 0, 0.29%, 0, 0, 1, 21.91, 7179, 190, 0, 0
307, 51, 1, 5, 0, 0, 0.29%, 0, 0, 1, 21.92, 7289, 190, 0, 0
312, 52, 1, 5, 0, 0, 0.29%, 0, 0, 1, 21.87, 7399, 190, 0, 0
317, 53, 1, 5, 0, 0, 0.29%, 0, 0, 1, 22.64, 7514, 190, 0, 0
322, 54, 1, 5, 0, 0, 0.29%, 0, 0, 1, 23.44, 7634, 190, 0, 0
327, 55, 1, 5, 0, 0, 0.29%, 0, 0, 1, 23.43, 7754, 190, 0, 0
332, 55, 1, 5, 0, 0, 0.29%, 0, 0, 1, 23.54, 7874, 190, 0, 0
337, 56, 1, 5, 0, 0, 0.29%, 0, 0, 1, 22.59, 7989, 190, 0, 0
342, 57, 1, 5, 0, 0, 0.29%, 0, 0, 1, 22.01, 8099, 190, 0, 0
347, 58, 1, 5, 0, 0, 0.29%, 0, 0, 1, 21.86, 8209, 190, 0, 0
352, 59, 1, 5, 0, 0, 0.29%, 0, 0, 1, 21.83, 8319, 190, 0, 0
357, 59, 1, 5, 0, 0, 0.29%, 0, 0, 1, 21.81, 8429, 190, 0, 0
362, 60, 1, 5, 0, 0, 0.29%, 0, 0, 1, 23.82, 8554, 190, 0, 0
368, 61, 1, 5, 0, 0, 0.29%, 0, 0, 1, 24.25, 8679, 190, 0, 0
373, 62, 1, 5, 0, 0, 0.29%, 0, 0, 1, 24.15, 8804, 190, 0, 0
378, 63, 1, 5, 0, 0, 0.29%, 0, 0, 1, 24.15, 8929, 190, 0, 0
383, 64, 1, 5, 0, 0, 0.29%, 0, 0, 1, 24.20, 9054, 190, 0, 0
388, 65, 1, 5, 0, 0, 0.29%, 0, 0, 1, 24.41, 9179, 190, 0, 0
393, 66, 1, 5, 0, 0, 0.29%, 0, 0, 1, 24.52, 9304, 190, 0, 0
398, 67, 1, 5, 0, 0, 0.29%, 0, 0, 1, 24.39, 9429, 190, 0, 0
404, 67, 1, 5, 0, 0, 0.29%, 0, 0, 1, 24.40, 9554, 190, 0, 0
409, 68, 1, 5, 0, 0, 0.29%, 0, 0, 1, 23.98, 9679, 190, 0, 0
414, 69, 1, 5, 0, 0, 0.29%, 0, 0, 1, 23.97, 9799, 190, 0, 0
419, 70, 1, 5, 0, 0, 0.29%, 0, 0, 1, 24.36, 9924, 190, 0, 0
424, 71, 1, 5, 0, 0, 0.29%, 0, 0, 1, 24.33, 10049, 190, 0, 0
429, 72, 1, 5, 0, 0, 0.29%, 0, 0, 1, 24.37, 10174, 190, 0, 0
434, 73, 1, 5, 0, 0, 0.29%, 0, 0, 1, 24.14, 10299, 190, 0, 0
440, 74, 1, 5, 0, 0, 0.29%, 0, 0, 1, 23.62, 10419, 190, 0, 0
445, 75, 1, 5, 0, 0, 0.29%, 0, 0, 1, 23.86, 10539, 190, 0, 0
450, 75, 1, 5, 0, 0, 0.29%, 0, 0, 1, 23.91, 10659, 190, 0, 0
455, 76, 1, 5, 0, 0, 0.29%, 0, 0, 1, 23.91, 10779, 190, 0, 0
460, 77, 1, 5, 0, 0, 0.29%, 0, 0, 1, 22.35, 10894, 190, 0, 0
465, 78, 1, 5, 0, 0, 0.29%, 0, 0, 1, 21.89, 11004, 190, 0, 0
470, 79, 1, 5, 0, 0, 0.29%, 0, 0, 1, 22.73, 11119, 190, 0, 0
475, 80, 1, 5, 0, 0, 0.29%, 0, 0, 1, 23.48, 11239, 190, 0, 0
480, 80, 1, 5, 0, 0, 0.29%, 0, 0, 1, 23.67, 11359, 190, 0, 0
485, 81, 1, 5, 0, 0, 0.29%, 0, 0, 1, 24.01, 11484, 190, 0, 0
490, 82, 1, 5, 0, 0, 0.29%, 0, 0, 1, 23.74, 11604, 190, 0, 0
495, 83, 1, 5, 0, 0, 0.29%, 0, 0, 1, 23.75, 11724, 190, 0, 0
500, 84, 1, 5, 0, 0, 0.29%, 0, 0, 1, 23.72, 11844, 190, 0, 0
506, 85, 1, 5, 0, 0, 0.29%, 0, 0, 1, 23.54, 11964, 190, 0, 0
511, 86, 1, 5, 0, 0, 0.29%, 0, 0, 1, 24.18, 12089, 190, 0, 0
516, 86, 1, 5, 0, 0, 0.29%, 0, 0, 1, 24.35, 12214, 190, 0, 0
521, 87, 1, 5, 0, 0, 0.29%, 0, 0, 1, 24.26, 12339, 190, 0, 0
526, 88, 1, 5, 0, 0, 0.29%, 0, 0, 1, 24.17, 12464, 190, 0, 0
531, 89, 1, 5, 0, 0, 0.29%, 0, 0, 1, 23.86, 12584, 190, 0, 0
536, 90, 1, 5, 0, 0, 0.29%, 0, 0, 1, 23.97, 12704, 190, 0, 0
541, 91, 1, 5, 0, 0, 0.29%, 0, 0, 1, 23.94, 12829, 190, 0, 0
546, 92, 1, 5, 0, 0, 0.29%, 0, 0, 1, 23.60, 12949, 190, 0, 0
552, 93, 1, 5, 0, 0, 0.29%, 0, 0, 1, 23.53, 13069, 190, 0, 0
557, 93, 1, 5, 0, 0, 0.29%, 0, 0, 1, 23.51, 13189, 190, 0, 0
562, 94, 1, 5, 0, 0, 0.29%, 0, 0, 1, 23.48, 13309, 190, 0, 0
567, 95, 1, 5, 0, 0, 0.29%, 0, 0, 1, 23.54, 13429, 190, 0, 0
572, 96, 1, 5, 0, 0, 0.29%, 0, 0, 1, 24.19, 13554, 190, 0, 0
577, 97, 1, 5, 0, 0, 0.29%, 0, 0, 1, 23.74, 13674, 190, 0, 0
582, 98, 1, 5, 0, 0, 0.29%, 0, 0, 1, 23.91, 13794, 190, 0, 0
587, 99, 1, 5, 0, 0, 0.29%, 0, 0, 1, 23.56, 13914, 190, 0, 0
592, 99, 1, 5, 0, 0, 0.29%, 0, 0, 1, 24.00, 14034, 190, 0, 0
597, 100, 1, 5, 0, 0, 0.29%, 0, 0, 1, 24.21, 14159, 190, 0, 0
603, 101, 1, 5, 0, 0, 0.29%, 0, 0, 1, 23.67, 14279, 190, 0, 0
608, 102, 1, 5, 0, 0, 0.29%, 0, 0, 1, 23.59, 14399, 190, 0, 0
613, 103, 1, 5, 0, 0, 0.29%, 0, 0, 1, 23.53, 14519, 190, 0, 0
618, 104, 1, 5, 0, 0, 0.29%, 0, 0, 1, 23.48, 14639, 190, 0, 0
623, 105, 1, 5, 0, 0, 0.29%, 0, 0, 1, 23.51, 14759, 190, 0, 0
628, 106, 1, 5, 0, 0, 0.29%, 0, 0, 1, 23.54, 14879, 190, 0, 0
633, 106, 1, 5, 0, 0, 0.29%, 0, 0, 1, 23.44, 14999, 190, 0, 0
638, 107, 1, 5, 0, 0, 0.29%, 0, 0, 1, 23.41, 15119, 190, 0, 0
643, 108, 1, 5, 0, 0, 0.29%, 0, 0, 1, 23.79, 15239, 190, 0, 0
649, 109, 1, 5, 0, 0, 0.29%, 0, 0, 1, 23.97, 15364, 190, 0, 0
654, 110, 1, 5, 0, 0, 0.29%, 0, 0, 1, 23.82, 15484, 190, 0, 0
659, 111, 1, 5, 0, 0, 0.29%, 0, 0, 1, 23.52, 15604, 190, 0, 0
664, 112, 1, 5, 0, 0, 0.29%, 0, 0, 1, 23.51, 15724, 190, 0, 0
669, 112, 1, 5, 0, 0, 0.29%, 0, 0, 1, 23.48, 15844, 190, 0, 0
674, 113, 1, 5, 0, 0, 0.29%, 0, 0, 1, 23.63, 15964, 190, 0, 0
679, 114, 1, 5, 0, 0, 0.29%, 0, 0, 1, 24.17, 16089, 190, 0, 0
684, 115, 1, 5, 0, 0, 0.29%, 0, 0, 1, 23.96, 16209, 190, 0, 0
689, 116, 1, 5, 0, 0, 0.29%, 0, 0, 1, 23.77, 16329, 190, 0, 0
694, 117, 1, 5, 0, 0, 0.29%, 0, 0, 1, 23.74, 16449, 190, 0, 0
699, 118, 1, 5, 0, 0, 0.29%, 0, 0, 1, 23.31, 16569, 190, 0, 0
705, 118, 1, 5, 0, 0, 0.29%, 0, 0, 1, 23.46, 16689, 190, 0, 0
710, 119, 1, 5, 0, 0, 0.29%, 0, 0, 1, 23.55, 16809, 190, 0, 0
715, 120, 1, 5, 0, 0, 0.29%, 0, 0, 1, 23.59, 16929, 190, 0, 0
720, 121, 1, 5, 0, 0, 0.29%, 0, 0, 1, 24.09, 17054, 190, 0, 0
725, 122, 1, 5, 0, 0, 0.29%, 0, 0, 1, 24.21, 17179, 190, 0, 0
730, 123, 1, 5, 0, 0, 0.29%, 0, 0, 1, 23.99, 17299, 190, 0, 0
735, 124, 1, 5, 0, 0, 0.29%, 0, 0, 1, 23.85, 17419, 190, 0, 0
740, 125, 1, 5, 0, 0, 0.29%, 0, 0, 1, 24.10, 17544, 190, 0, 0
746, 125, 1, 5, 0, 0, 0.29%, 0, 0, 1, 23.93, 17669, 190, 0, 0
751, 126, 1, 5, 0, 0, 0.29%, 0, 0, 1, 23.70, 17789, 190, 0, 0
756, 127, 1, 5, 0, 0, 0.29%, 0, 0, 1, 24.28, 17914, 190, 0, 0
761, 128, 1, 5, 0, 0, 0.29%, 0, 0, 1, 23.92, 18039, 190, 0, 0
766, 129, 1, 5, 0, 0, 0.29%, 0, 0, 1, 23.53, 18159, 190, 0, 0
771, 130, 1, 5, 0, 0, 0.29%, 0, 0, 1, 23.54, 18279, 190, 0, 0
776, 131, 1, 5, 0, 0, 0.29%, 0, 0, 1, 23.91, 18399, 190, 0, 0
781, 132, 1, 5, 0, 0, 0.29%, 0, 0, 1, 23.95, 18519, 190, 0, 0
786, 132, 1, 5, 0, 0, 0.29%, 0, 0, 1, 23.96, 18639, 190, 0, 0
791, 133, 1, 5, 0, 0, 0.29%, 0, 0, 1, 24.01, 18764, 190, 0, 0
797, 134, 1, 5, 0, 0, 0.29%, 0, 0, 1, 24.10, 18889, 190, 0, 0
802, 135, 1, 5, 0, 0, 0.29%, 0, 0, 1, 24.44, 19014, 190, 0, 0
807, 136, 1, 5, 0, 0, 0.29%, 0, 0, 1, 23.77, 19134, 190, 0, 0
812, 137, 1, 5, 0, 0, 0.29%, 0, 0, 1, 23.43, 19254, 190, 0, 0
817, 138, 1, 5, 0, 0, 0.29%, 0, 0, 1, 23.35, 19374, 190, 0, 0
822, 138, 1, 5, 0, 0, 0.29%, 0, 0, 1, 23.39, 19494, 190, 0, 0
827, 139, 1, 5, 0, 0, 0.29%, 0, 0, 1, 23.49, 19614, 190, 0, 0
832, 140, 1, 5, 0, 0, 0.29%, 0, 0, 1, 23.58, 19734, 190, 0, 0
837, 141, 1, 5, 0, 0, 0.29%, 0, 0, 1, 24.04, 19859, 190, 0, 0
843, 142, 1, 5, 0, 0, 0.29%, 0, 0, 1, 24.29, 19984, 190, 0, 0
848, 143, 1, 5, 0, 0, 0.29%, 0, 0, 1, 23.69, 20104, 190, 0, 0
853, 144, 1, 5, 0, 0, 0.29%, 0, 0, 1, 23.44, 20224, 190, 0, 0
858, 145, 1, 5, 0, 0, 0.29%, 0, 0, 1, 23.73, 20344, 190, 0, 0
863, 145, 1, 5, 0, 0, 0.29%, 0, 0, 1, 24.16, 20469, 190, 0, 0
868, 146, 1, 5, 0, 0, 0.29%, 0, 0, 1, 23.58, 20589, 190, 0, 0
873, 147, 1, 5, 0, 0, 0.29%, 0, 0, 1, 23.44, 20709, 190, 0, 0
878, 148, 1, 5, 0, 0, 0.29%, 0, 0, 1, 23.95, 20829, 190, 0, 0
883, 149, 1, 5, 0, 0, 0.29%, 0, 0, 1, 24.05, 20954, 190, 0, 0
889, 150, 1, 5, 0, 0, 0.29%, 0, 0, 1, 23.54, 21074, 190, 0, 0
894, 151, 1, 5, 0, 0, 0.29%, 0, 0, 1, 23.36, 21194, 190, 0, 0
897, 151, 1, 5, 0, 0, 0.29%, 0, 0, 1, 23.17, 21265, 190, 0, 0
