# relative_time, cycles_done, cur_item, corpus_count, pending_total, pending_favs, map_size, saved_crashes, saved_hangs, max_depth, execs_per_sec, total_execs, edges_found, total_crashes, servers_count
61, 3, 5, 6, 0, 0, 0.25%, 3, 0, 2, 11.39, 685, 161, 214, 0
66, 4, 5, 6, 0, 0, 0.25%, 3, 0, 2, 12.38, 753, 161, 229, 0
71, 4, 5, 6, 0, 0, 0.25%, 3, 0, 2, 9.63, 803, 161, 248, 0
76, 4, 1, 6, 0, 0, 0.25%, 3, 0, 2, 8.30, 847, 161, 268, 0
82, 5, 5, 6, 0, 0, 0.25%, 3, 0, 2, 8.65, 893, 161, 288, 0
87, 5, 5, 6, 0, 0, 0.25%, 3, 0, 2, 6.37, 927, 161, 310, 0
92, 5, 5, 6, 0, 0, 0.25%, 3, 0, 2, 6.21, 959, 161, 332, 0
97, 5, 1, 6, 0, 0, 0.25%, 3, 0, 2, 5.57, 997, 161, 353, 0
102, 6, 5, 6, 0, 0, 0.25%, 3, 0, 2, 8.37, 1048, 161, 372, 0
108, 6, 5, 6, 0, 0, 0.25%, 3, 0, 2, 7.72, 1088, 161, 393, 0
113, 6, 5, 6, 0, 0, 0.25%, 3, 0, 2, 9.39, 1135, 161, 411, 0
118, 7, 5, 6, 0, 0, 0.25%, 3, 0, 2, 10.21, 1195, 161, 428, 0
123, 7, 5, 6, 0, 0, 0.25%, 3, 0, 2, 8.28, 1235, 161, 449, 0
128, 7, 5, 6, 0, 0, 0.25%, 3, 0, 2, 8.77, 1278, 161, 469, 0
133, 7, 5, 6, 0, 0, 0.25%, 3, 0, 2, 7.33, 1317, 161, 490, 0
138, 7, 5, 6, 0, 0, 0.25%, 3, 0, 2, 6.10, 1349, 161, 512, 0
143, 8, 5, 6, 0, 0, 0.25%, 3, 0, 2, 8.30, 1399, 161, 531, 0
149, 8, 5, 6, 0, 0, 0.25%, 3, 0, 2, 6.54, 1431, 161, 553, 0
154, 8, 5, 6, 0, 0, 0.25%, 3, 0, 2, 7.35, 1477, 161, 572, 0
159, 9, 5, 6, 0, 0, 0.25%, 3, 0, 2, 7.50, 1517, 161, 592, 0
164, 9, 5, 6, 0, 0, 0.25%, 3, 0, 2, 6.08, 1551, 161, 614, 0
169, 9, 1, 6, 0, 0, 0.25%, 3, 0, 2, 6.51, 1590, 161, 635, 0
174, 9, 5, 6, 0, 0, 0.25%, 3, 0, 2, 6.03, 1622, 161, 657, 0
179, 9, 5, 6, 0, 0, 0.25%, 3, 0, 2, 6.40, 1659, 161, 678, 0
185, 10, 5, 6, 0, 0, 0.25%, 3, 0, 2, 6.42, 1693, 161, 699, 0
190, 10, 5, 6, 0, 0, 0.25%, 3, 0, 2, 7.39, 1737, 161, 719, 0
195, 10, 1, 6, 0, 0, 0.25%, 3, 0, 2, 7.31, 1777, 161, 739, 0
200, 10, 5, 6, 0, 0, 0.25%, 3, 0, 2, 6.78, 1810, 161, 760, 0
205, 11, 5, 6, 0, 0, 0.25%, 3, 0, 2, 7.44, 1848, 161, 780, 0
210, 11, 5, 6, 0, 0, 0.25%, 3, 0, 2, 9.52, 1898, 161, 798, 0
215, 11, 5, 6, 0, 0, 0.25%, 3, 0, 2, 8.82, 1948, 161, 816, 0
220, 11, 5, 6, 0, 0, 0.25%, 3, 0, 2, 7.31, 1985, 161, 838, 0
225, 12, 5, 6, 0, 0, 0.25%, 3, 0, 2, 7.29, 2025, 161, 858, 0
230, 12, 5, 6, 0, 0, 0.25%, 3, 0, 2, 7.87, 2074, 161, 877, 0
236, 12, 5, 6, 0, 0, 0.25%, 3, 0, 2, 7.86, 2113, 161, 898, 0
241, 12, 5, 6, 0, 0, 0.25%, 3, 0, 2, 7.15, 2151, 161, 919, 0
246, 13, 5, 6, 0, 0, 0.25%, 3, 0, 2, 5.93, 2183, 161, 941, 0
251, 13, 5, 6, 0, 0, 0.25%, 3, 0, 2, 7.00, 2224, 161, 962, 0
256, 13, 5, 6, 0, 0, 0.25%, 3, 0, 2, 7.08, 2263, 161, 983, 0
262, 14, 5, 6, 0, 0, 0.25%, 3, 0, 2, 11.83, 2331, 161, 999, 0
267, 14, 5, 6, 0, 0, 0.25%, 3, 0, 2, 13.41, 2401, 161, 1014, 0
272, 14, 5, 6, 0, 0, 0.25%, 3, 0, 2, 7.87, 2437, 161, 1035, 0
277, 14, 5, 6, 0, 0, 0.25%, 3, 0, 2, 6.10, 2466, 161, 1057, 0
282, 15, 5, 6, 0, 0, 0.25%, 3, 0, 2, 6.25, 2501, 161, 1078, 0
287, 15, 5, 6, 0, 0, 0.25%, 3, 0, 2, 7.70, 2544, 161, 1098, 0
292, 15, 5, 6, 0, 0, 0.25%, 3, 0, 2, 6.81, 2578, 161, 1119, 0
297, 15, 5, 6, 0, 0, 0.25%, 3, 0, 2, 6.56, 2611, 161, 1141, 0
303, 16, 5, 6, 0, 0, 0.25%, 3, 0, 2, 6.71, 2647, 161, 1163, 0
308, 16, 5, 6, 0, 0, 0.25%, 3, 0, 2, 8.84, 2702, 161, 1181, 0
313, 16, 5, 6, 0, 0, 0.25%, 3, 0, 2, 11.33, 2762, 161, 1198, 0
318, 17, 5, 6, 0, 0, 0.25%, 3, 0, 2, 7.72, 2797, 161, 1219, 0
323, 17, 1, 6, 0, 0, 0.25%, 3, 0, 2, 7.53, 2839, 161, 1239, 0
329, 17, 5, 6, 0, 0, 0.25%, 3, 0, 2, 10.03, 2895, 161, 1257, 0
334, 17, 5, 6, 0, 0, 0.25%, 3, 0, 2, 9.00, 2941, 161, 1276, 0
339, 18, 5, 6, 0, 0, 0.25%, 3, 0, 2, 8.50, 2990, 161, 1296, 0
344, 18, 5, 6, 0, 0, 0.25%, 3, 0, 2, 7.23, 3027, 161, 1317, 0
349, 18, 5, 6, 0, 0, 0.25%, 3, 0, 2, 7.44, 3068, 161, 1336, 0
354, 18, 5, 6, 0, 0, 0.25%, 3, 0, 2, 8.59, 3112, 161, 1356, 0
360, 19, 5, 6, 0, 0, 0.25%, 3, 0, 2, 8.38, 3164, 161, 1375, 0
365, 19, 5, 6, 0, 0, 0.25%, 3, 0, 2, 6.73, 3200, 161, 1396, 0
370, 19, 5, 6, 0, 0, 0.25%, 3, 0, 2, 6.69, 3237, 161, 1418, 0
375, 20, 5, 6, 0, 0, 0.25%, 3, 0, 2, 9.83, 3286, 161, 1437, 0
380, 20, 5, 6, 0, 0, 0.25%, 3, 0, 2, 10.80, 3349, 161, 1453, 0
385, 20, 1, 6, 0, 0, 0.25%, 3, 0, 2, 8.51, 3395, 161, 1473, 0
390, 21, 5, 6, 0, 0, 0.25%, 3, 0, 2, 7.90, 3436, 161, 1492, 0
395, 21, 5, 6, 0, 0, 0.25%, 3, 0, 2, 7.74, 3476, 161, 1512, 0
400, 21, 5, 6, 0, 0, 0.25%, 3, 0, 2, 7.81, 3517, 161, 1532, 0
405, 21, 5, 6, 0, 0, 0.25%, 3, 0, 2, 7.02, 3552, 161, 1552, 0
411, 21, 5, 6, 0, 0, 0.25%, 3, 0, 2, 6.29, 3584, 161, 1573, 0
416, 22, 5, 6, 0, 0, 0.25%, 3, 0, 2, 7.43, 3623, 161, 1594, 0
421, 22, 5, 6, 0, 0, 0.25%, 3, 0, 2, 9.36, 3683, 161, 1612, 0
426, 22, 5, 6, 0, 0, 0.25%, 3, 0, 2, 7.93, 3728, 161, 1631, 0
431, 23, 5, 6, 0, 0, 0.25%, 3, 0, 2, 7.48, 3767, 161, 1651, 0
436, 23, 5, 6, 0, 0, 0.25%, 3, 0, 2, 10.30, 3823, 161, 1668, 0
441, 23, 5, 6, 0, 0, 0.25%, 3, 0, 2, 7.22, 3860, 161, 1689, 0
446, 24, 5, 6, 0, 0, 0.25%, 3, 0, 2, 10.82, 3920, 161, 1706, 0
452, 24, 5, 6, 0, 0, 0.25%, 3, 0, 2, 8.62, 3964, 161, 1725, 0
457, 24, 5, 6, 0, 0, 0.25%, 3, 0, 2, 8.21, 4005, 161, 1745, 0
462, 24, 5, 6, 0, 0, 0.25%, 3, 0, 2, 8.01, 4046, 161, 1766, 0
467, 25, 5, 6, 0, 0, 0.25%, 3, 0, 2, 8.17, 4091, 161, 1786, 0
472, 25, 5, 6, 0, 0, 0.25%, 3, 0, 2, 10.64, 4148, 161, 1804, 0
477, 25, 5, 6, 0, 0, 0.25%, 3, 0, 2, 7.58, 4185, 161, 1825, 0
482, 25, 5, 6, 0, 0, 0.25%, 3, 0, 2, 7.04, 4222, 161, 1846, 0
488, 26, 5, 6, 0, 0, 0.25%, 3, 0, 2, 11.37, 4287, 161, 1862, 0
493, 26, 5, 6, 0, 0, 0.25%, 3, 0, 2, 9.71, 4333, 161, 1881, 0
498, 26, 5, 6, 0, 0, 0.25%, 3, 0, 2, 6.89, 4368, 161, 1902, 0
503, 27, 5, 6, 0, 0, 0.25%, 3, 0, 2, 6.32, 4401, 161, 1923, 0
508, 27, 5, 6, 0, 0, 0.25%, 3, 0, 2, 9.30, 4447, 161, 1942, 0
513, 27, 5, 6, 0, 0, 0.25%, 3, 0, 2, 8.19, 4492, 161, 1961, 0
518, 27, 5, 6, 0, 0, 0.25%, 3, 0, 2, 7.33, 4531, 161, 1981, 0
524, 28, 5, 6, 0, 0, 0.25%, 3, 0, 2, 9.15, 4588, 161, 1999, 0
529, 28, 5, 6, 0, 0, 0.25%, 3, 0, 2, 7.85, 4629, 161, 2019, 0
534, 28, 5, 6, 0, 0, 0.25%, 3, 0, 2, 8.46, 4679, 161, 2037, 0
539, 28, 5, 6, 0, 0, 0.25%, 3, 0, 2, 6.17, 4708, 161, 2059, 0
544, 29, 5, 6, 0, 0, 0.25%, 3, 0, 2, 6.95, 4752, 161, 2078, 0
549, 29, 5, 6, 0, 0, 0.25%, 3, 0, 2, 7.16, 4795, 161, 2098, 0
554, 29, 5, 6, 0, 0, 0.25%, 3, 0, 2, 7.39, 4839, 161, 2118, 0
559, 29, 5, 6, 0, 0, 0.25%, 3, 0, 2, 6.52, 4872, 161, 2140, 0
565, 30, 5, 6, 0, 0, 0.25%, 3, 0, 2, 6.22, 4907, 161, 2161, 0
570, 30, 1, 6, 0, 0, 0.25%, 3, 0, 2, 6.94, 4945, 161, 2181, 0
575, 30, 5, 6, 0, 0, 0.25%, 3, 0, 2, 6.51, 4977, 161, 2202, 0
580, 30, 5, 6, 0, 0, 0.25%, 3, 0, 2, 5.61, 5005, 161, 2224, 0
585, 31, 5, 6, 0, 0, 0.25%, 3, 0, 2, 6.62, 5045, 161, 2244, 0
590, 31, 5, 6, 0, 0, 0.25%, 3, 0, 2, 6.40, 5081, 161, 2265, 0
595, 31, 5, 6, 0, 0, 0.25%, 3, 0, 2, 6.23, 5115, 161, 2287, 0
600, 31, 5, 6, 0, 0, 0.25%, 3, 0, 2, 8.71, 5163, 161, 2306, 0
606, 32, 5, 6, 0, 0, 0.25%, 3, 0, 2, 8.95, 5207, 161, 2325, 0
611, 32, 5, 6, 0, 0, 0.25%, 3, 0, 2, 11.02, 5268, 161, 2343, 0
616, 32, 5, 6, 0, 0, 0.25%, 3, 0, 2, 8.34, 5307, 161, 2364, 0
621, 33, 1, 6, 0, 0, 0.25%, 3, 0, 2, 9.53, 5360, 161, 2383, 0
627, 33, 5, 6, 0, 0, 0.25%, 3, 0, 2, 8.72, 5411, 161, 2402, 0
632, 33, 5, 6, 0, 0, 0.25%, 3, 0, 2, 6.97, 5451, 161, 2423, 0
637, 33, 5, 6, 0, 0, 0.25%, 3, 0, 2, 7.97, 5498, 161, 2442, 0
642, 34, 1, 6, 0, 0, 0.25%, 3, 0, 2, 7.57, 5537, 161, 2463, 0
647, 34, 5, 6, 0, 0, 0.25%, 3, 0, 2, 8.30, 5583, 161, 2482, 0
652, 34, 5, 6, 0, 0, 0.25%, 3, 0, 2, 8.14, 5625, 161, 2502, 0
657, 34, 5, 6, 0, 0, 0.25%, 3, 0, 2, 6.27, 5655, 161, 2524, 0
662, 35, 5, 6, 0, 0, 0.25%, 3, 0, 2, 7.28, 5694, 161, 2544, 0
668, 35, 5, 6, 0, 0, 0.25%, 3, 0, 2, 9.39, 5746, 161, 2563, 0
673, 35, 1, 6, 0, 0, 0.25%, 3, 0, 2, 9.37, 5792, 161, 2583, 0
678, 36, 5, 6, 0, 0, 0.25%, 3, 0, 2, 8.26, 5838, 161, 2603, 0
683, 36, 5, 6, 0, 0, 0.25%, 3, 0, 2, 10.15, 5893, 161, 2621, 0
688, 36, 5, 6, 0, 0, 0.25%, 3, 0, 2, 7.85, 5931, 161, 2642, 0
693, 36, 5, 6, 0, 0, 0.25%, 3, 0, 2, 8.19, 5973, 161, 2662, 0
698, 37, 5, 6, 0, 0, 0.25%, 3, 0, 2, 9.68, 6025, 161, 2680, 0
704, 37, 5, 6, 0, 0, 0.25%, 3, 0, 2, 10.76, 6084, 161, 2699, 0
709, 37, 5, 6, 0, 0, 0.25%, 3, 0, 2, 8.24, 6125, 161, 2720, 0
714, 38, 5, 6, 0, 0, 0.25%, 3, 0, 2, 9.04, 6179, 161, 2739, 0
719, 38, 5, 6, 0, 0, 0.25%, 3, 0, 2, 10.27, 6236, 161, 2756, 0
724, 38, 5, 6, 0, 0, 0.25%, 3, 0, 2, 8.00, 6279, 161, 2776, 0
729, 39, 1, 6, 0, 0, 0.25%, 3, 0, 2, 7.89, 6320, 161, 2796, 0
734, 39, 5, 6, 0, 0, 0.25%, 3, 0, 2, 6.30, 6350, 161, 2818, 0
739, 39, 1, 6, 0, 0, 0.25%, 3, 0, 2, 8.61, 6402, 161, 2836, 0
745, 39, 5, 6, 0, 0, 0.25%, 3, 0, 2, 7.07, 6437, 161, 2857, 0
750, 40, 5, 6, 0, 0, 0.25%, 3, 0, 2, 6.97, 6477, 161, 2878, 0
755, 40, 5, 6, 0, 0, 0.25%, 3, 0, 2, 8.54, 6529, 161, 2896, 0
760, 40, 5, 6, 0, 0, 0.25%, 3, 0, 2, 7.19, 6565, 161, 2916, 0
765, 40, 5, 6, 0, 0, 0.25%, 3, 0, 2, 7.94, 6609, 161, 2935, 0
770, 41, 5, 6, 0, 0, 0.25%, 3, 0, 2, 7.67, 6656, 161, 2954, 0
775, 41, 5, 6, 0, 0, 0.25%, 3, 0, 2, 9.52, 6708, 161, 2973, 0
780, 41, 5, 6, 0, 0, 0.25%, 3, 0, 2, 8.20, 6750, 161, 2994, 0
786, 42, 1, 6, 0, 0, 0.25%, 3, 0, 2, 9.29, 6804, 161, 3012, 0
791, 42, 5, 6, 0, 0, 0.25%, 3, 0, 2, 6.53, 6833, 161, 3034, 0
796, 42, 5, 6, 0, 0, 0.25%, 3, 0, 2, 5.97, 6864, 161, 3056, 0
801, 42, 5, 6, 0, 0, 0.25%, 3, 0, 2, 6.97, 6907, 161, 3076, 0
806, 42, 1, 6, 0, 0, 0.25%, 3, 0, 2, 6.83, 6945, 161, 3096, 0
811, 43, 5, 6, 0, 0, 0.25%, 3, 0, 2, 6.26, 6976, 161, 3118, 0
817, 43, 5, 6, 0, 0, 0.25%, 3, 0, 2, 7.70, 7026, 161, 3137, 0
822, 43, 5, 6, 0, 0, 0.25%, 3, 0, 2, 8.13, 7072, 161, 3157, 0
827, 44, 1, 6, 0, 0, 0.25%, 3, 0, 2, 9.89, 7124, 161, 3175, 0
832, 44, 5, 6, 0, 0, 0.25%, 3, 0, 2, 9.65, 7178, 161, 3193, 0
837, 44, 5, 6, 0, 0, 0.25%, 3, 0, 2, 9.68, 7226, 161, 3212, 0
842, 44, 5, 6, 0, 0, 0.25%, 3, 0, 2, 8.22, 7272, 161, 3231, 0
848, 45, 5, 6, 0, 0, 0.25%, 3, 0, 2, 9.04, 7327, 161, 3249, 0
853, 45, 5, 6, 0, 0, 0.25%, 3, 0, 2, 7.56, 7364, 161, 3270, 0
858, 45, 5, 6, 0, 0, 0.25%, 3, 0, 2, 7.77, 7406, 161, 3291, 0
863, 46, 5, 6, 0, 0, 0.25%, 3, 0, 2, 11.93, 7476, 161, 3306, 0
868, 46, 1, 6, 0, 0, 0.25%, 3, 0, 2, 9.72, 7522, 161, 3325, 0
873, 46, 5, 6, 0, 0, 0.25%, 3, 0, 2, 10.46, 7575, 161, 3343, 0
878, 47, 5, 6, 0, 0, 0.25%, 3, 0, 2, 11.48, 7639, 161, 3359, 0
883, 47, 5, 6, 0, 0, 0.25%, 3, 0, 2, 8.58, 7678, 161, 3379, 0
889, 47, 5, 6, 0, 0, 0.25%, 3, 0, 2, 11.30, 7737, 161, 3397, 0
894, 48, 5, 6, 0, 0, 0.25%, 3, 0, 2, 11.45, 7797, 161, 3414, 0
897, 48, 5, 6, 0, 0, 0.25%, 3, 0, 2, 11.91, 7834, 161, 3424, 0
