# relative_time, cycles_done, cur_item, corpus_count, pending_total, pending_favs, map_size, saved_crashes, saved_hangs, max_depth, execs_per_sec, total_execs, edges_found, total_crashes, servers_count
61, 17, 1, 5, 0, 0, 0.09%, 0, 0, 1, 41.93, 2481, 61, 0, 0
66, 18, 1, 5, 0, 0, 0.09%, 0, 0, 1, 41.99, 2697, 61, 0, 0
71, 20, 1, 5, 0, 0, 0.09%, 0, 0, 1, 41.93, 2913, 61, 0, 0
77, 22, 1, 5, 0, 0, 0.09%, 0, 0, 1, 41.78, 3129, 61, 0, 0
82, 23, 1, 5, 0, 0, 0.09%, 0, 0, 1, 39.98, 3335, 61, 0, 0
87, 24, 1, 5, 0, 0, 0.09%, 0, 0, 1, 39.41, 3535, 61, 0, 0
92, 26, 1, 5, 0, 0, 0.09%, 0, 0, 1, 39.26, 3735, 61, 0, 0
97, 27, 1, 5, 0, 0, 0.09%, 0, 0, 1, 39.27, 3935, 61, 0, 0
102, 29, 1, 5, 0, 0, 0.09%, 0, 0, 1, 39.24, 4135, 61, 0, 0
107, 30, 1, 5, 0, 0, 0.09%, 0, 0, 1, 39.30, 4335, 61, 0, 0
112, 32, 1, 5, 0, 0, 0.09%, 0, 0, 1, 39.14, 4535, 61, 0, 0
118, 33, 1, 5, 0, 0, 0.09%, 0, 0, 1, 39.10, 4735, 61, 0, 0
123, 34, 1, 5, 0, 0, 0.09%, 0, 0, 1, 39.33, 4937, 61, 0, 0
128, 36, 1, 5, 0, 0, 0.09%, 0, 0, 1, 39.59, 5137, 61, 0, 0
133, 37, 1, 5, 0, 0, 0.09%, 0, 0, 1, 38.45, 5337, 61, 0, 0
138, 39, 1, 5, 0, 0, 0.09%, 0, 0, 1, 38.44, 5529, 61, 0, 0
143, 40, 1, 5, 0, 0, 0.09%, 0, 0, 1, 38.94, 5729, 61, 0, 0
148, 42, 1, 5, 0, 0, 0.09%, 0, 0, 1, 39.17, 5930, 61, 0, 0
153, 43, 1, 5, 0, 0, 0.09%, 0, 0, 1, 39.26, 6130, 61, 0, 0
158, 44, 1, 5, 0, 0, 0.09%, 0, 0, 1, 39.24, 6330, 61, 0, 0
164, 46, 1, 5, 0, 0, 0.09%, 0, 0, 1, 39.16, 6530, 61, 0, 0
169, 47, 1, 5, 0, 0, 0.09%, 0, 0, 1, 39.95, 6733, 61, 0, 0
174, 49, 1, 5, 0, 0, 0.09%, 0, 0, 1, 41.55, 6949, 61, 0, 0
179, 50, 1, 5, 0, 0, 0.09%, 0, 0, 1, 41.82, 7165, 61, 0, 0
184, 52, 1, 5, 0, 0, 0.09%, 0, 0, 1, 41.79, 7381, 61, 0, 0
189, 53, 1, 5, 0, 0, 0.09%, 0, 0, 1, 41.91, 7597, 61, 0, 0
194, 55, 1, 5, 0, 0, 0.09%, 0, 0, 1, 41.70, 7813, 61, 0, 0
200, 57, 1, 5, 0, 0, 0.09%, 0, 0, 1, 40.91, 8020, 61, 0, 0
205, 58, 1, 5, 0, 0, 0.09%, 0, 0, 1, 39.74, 8223, 61, 0, 0
210, 59, 1, 5, 0, 0, 0.09%, 0, 0, 1, 39.85, 8427, 61, 0, 0
215, 61, 1, 5, 0, 0, 0.09%, 0, 0, 1, 39.95, 8627, 61, 0, 0
220, 62, 1, 5, 0, 0, 0.09%, 0, 0, 1, 39.87, 8830, 61, 0, 0
225, 64, 1, 5, 0, 0, 0.09%, 0, 0, 1, 40.15, 9037, 61, 0, 0
230, 65, 1, 5, 0, 0, 0.09%, 0, 0, 1, 41.03, 9252, 61, 0, 0
235, 67, 1, 5, 0, 0, 0.09%, 0, 0, 1, 39.55, 9452, 61, 0, 0
240, 68, 1, 5, 0, 0, 0.09%, 0, 0, 1, 39.27, 9652, 61, 0, 0
246, 70, 1, 5, 0, 0, 0.09%, 0, 0, 1, 39.23, 9852, 61, 0, 0
251, 71, 1, 5, 0, 0, 0.09%, 0, 0, 1, 39.22, 10052, 61, 0, 0
256, 73, 1, 5, 0, 0, 0.09%, 0, 0, 1, 39.98, 10258, 61, 0, 0
261, 74, 1, 5, 0, 0, 0.09%, 0, 0, 1, 41.31, 10474, 61, 0, 0
266, 76, 1, 5, 0, 0, 0.09%, 0, 0, 1, 41.56, 10690, 61, 0, 0
271, 77, 1, 5, 0, 0, 0.09%, 0, 0, 1, 41.58, 10906, 61, 0, 0
277, 79, 1, 5, 0, 0, 0.09%, 0, 0, 1, 41.57, 11122, 61, 0, 0
282, 80, 1, 5, 0, 0, 0.09%, 0, 0, 1, 41.59, 11338, 61, 0, 0
287, 82, 1, 5, 0, 0, 0.09%, 0, 0, 1, 41.56, 11554, 61, 0, 0
292, 83, 1, 5, 0, 0, 0.09%, 0, 0, 1, 41.56, 11770, 61, 0, 0
297, 85, 1, 5, 0, 0, 0.09%, 0, 0, 1, 41.50, 11986, 61, 0, 0
303, 86, 1, 5, 0, 0, 0.09%, 0, 0, 1, 41.45, 12202, 61, 0, 0
308, 88, 1, 5, 0, 0, 0.09%, 0, 0, 1, 41.51, 12418, 61, 0, 0
313, 89, 1, 5, 0, 0, 0.09%, 0, 0, 1, 41.50, 12634, 61, 0, 0
318, 91, 1, 5, 0, 0, 0.09%, 0, 0, 1, 41.58, 12849, 61, 0, 0
323, 92, 1, 5, 0, 0, 0.09%, 0, 0, 1, 39.49, 13053, 61, 0, 0
329, 94, 1, 5, 0, 0, 0.09%, 0, 0, 1, 38.93, 13253, 61, 0, 0
334, 95, 1, 5, 0, 0, 0.09%, 0, 0, 1, 38.79, 13453, 61, 0, 0
339, 97, 1, 5, 0, 0, 0.09%, 0, 0, 1, 38.74, 13653, 61, 0, 0
344, 98, 1, 5, 0, 0, 0.09%, 0, 0, 1, 38.67, 13853, 61, 0, 0
349, 100, 1, 5, 0, 0, 0.09%, 0, 0, 1, 38.77, 14053, 61, 0, 0
354, 101, 1, 5, 0, 0, 0.09%, 0, 0, 1, 38.73, 14253, 61, 0, 0
360, 102, 1, 5, 0, 0, 0.09%, 0, 0, 1, 38.65, 14453, 61, 0, 0
365, 104, 1, 5, 0, 0, 0.09%, 0, 0, 1, 40.18, 14654, 61, 0, 0
370, 105, 1, 5, 0, 0, 0.09%, 0, 0, 1, 41.18, 14869, 61, 0, 0
375, 107, 1, 5, 0, 0, 0.09%, 0, 0, 1, 41.49, 15085, 61, 0, 0
380, 109, 1, 5, 0, 0, 0.09%, 0, 0, 1, 41.61, 15301, 61, 0, 0
385, 110, 1, 5, 0, 0, 0.09%, 0, 0, 1, 40.61, 15511, 61, 0, 0
390, 111, 1, 5, 0, 0, 0.09%, 0, 0, 1, 39.14, 15711, 61, 0, 0
396, 113, 1, 5, 0, 0, 0.09%, 0, 0, 1, 38.90, 15911, 61, 0, 0
401, 114, 1, 5, 0, 0, 0.09%, 0, 0, 1, 38.89, 16111, 61, 0, 0
406, 116, 1, 5, 0, 0, 0.09%, 0, 0, 1, 38.81, 16311, 61, 0, 0
411, 117, 1, 5, 0, 0, 0.09%, 0, 0, 1, 38.89, 16511, 61, 0, 0
416, 119, 1, 5, 0, 0, 0.09%, 0, 0, 1, 38.74, 16711, 61, 0, 0
421, 120, 1, 5, 0, 0, 0.09%, 0, 0, 1, 38.73, 16911, 61, 0, 0
427, 121, 1, 5, 0, 0, 0.09%, 0, 0, 1, 38.80, 17111, 61, 0, 0
432, 123, 1, 5, 0, 0, 0.09%, 0, 0, 1, 38.84, 17311, 61, 0, 0
437, 124, 1, 5, 0, 0, 0.09%, 0, 0, 1, 38.70, 17511, 61, 0, 0
442, 126, 1, 5, 0, 0, 0.09%, 0, 0, 1, 39.16, 17711, 61, 0, 0
447, 127, 1, 5, 0, 0, 0.09%, 0, 0, 1, 39.22, 17911, 61, 0, 0
452, 129, 1, 5, 0, 0, 0.09%, 0, 0, 1, 39.12, 18111, 61, 0, 0
457, 130, 1, 5, 0, 0, 0.09%, 0, 0, 1, 39.26, 18311, 61, 0, 0
462, 131, 1, 5, 0, 0, 0.09%, 0, 0, 1, 39.26, 18511, 61, 0, 0
467, 133, 1, 5, 0, 0, 0.09%, 0, 0, 1, 39.26, 18711, 61, 0, 0
473, 134, 1, 5, 0, 0, 0.09%, 0, 0, 1, 39.71, 18916, 61, 0, 0
478, 136, 1, 5, 0, 0, 0.09%, 0, 0, 1, 39.78, 19117, 61, 0, 0
483, 137, 1, 5, 0, 0, 0.09%, 0, 0, 1, 39.87, 19317, 61, 0, 0
488, 139, 1, 5, 0, 0, 0.09%, 0, 0, 1, 39.23, 19517, 61, 0, 0
493, 140, 1, 5, 0, 0, 0.09%, 0, 0, 1, 39.19, 19717, 61, 0, 0
498, 142, 1, 5, 0, 0, 0.09%, 0, 0, 1, 39.76, 19922, 61, 0, 0
503, 143, 1, 5, 0, 0, 0.09%, 0, 0, 1, 40.86, 20129, 61, 0, 0
508, 144, 1, 5, 0, 0, 0.09%, 0, 0, 1, 41.23, 20336, 61, 0, 0
513, 146, 1, 5, 0, 0, 0.09%, 0, 0, 1, 41.22, 20543, 61, 0, 0
518, 147, 1, 5, 0, 0, 0.09%, 0, 0, 1, 41.19, 20750, 61, 0, 0
523, 149, 1, 5, 0, 0, 0.09%, 0, 0, 1, 41.25, 20957, 61, 0, 0
528, 150, 1, 5, 0, 0, 0.09%, 0, 0, 1, 40.36, 21161, 61, 0, 0
533, 152, 1, 5, 0, 0, 0.09%, 0, 0, 1, 39.71, 21361, 61, 0, 0
538, 153, 1, 5, 0, 0, 0.09%, 0, 0, 1, 39.60, 21561, 61, 0, 0
543, 155, 1, 5, 0, 0, 0.09%, 0, 0, 1, 39.67, 21762, 61, 0, 0
548, 156, 1, 5, 0, 0, 0.09%, 0, 0, 1, 39.67, 21963, 61, 0, 0
554, 158, 1, 5, 0, 0, 0.09%, 0, 0, 1, 39.62, 22165, 61, 0, 0
559, 159, 1, 5, 0, 0, 0.09%, 0, 0, 1, 39.56, 22365, 61, 0, 0
564, 160, 1, 5, 0, 0, 0.09%, 0, 0, 1, 41.13, 22576, 61, 0, 0
569, 162, 1, 5, 0, 0, 0.09%, 0, 0, 1, 41.70, 22792, 61, 0, 0
574, 164, 1, 5, 0, 0, 0.09%, 0, 0, 1, 41.83, 23008, 61, 0, 0
579, 165, 1, 5, 0, 0, 0.09%, 0, 0, 1, 41.78, 23224, 61, 0, 0
584, 167, 1, 5, 0, 0, 0.09%, 0, 0, 1, 41.79, 23440, 61, 0, 0
590, 168, 1, 5, 0, 0, 0.09%, 0, 0, 1, 41.84, 23656, 61, 0, 0
595, 170, 1, 5, 0, 0, 0.09%, 0, 0, 1, 41.84, 23872, 61, 0, 0
600, 171, 1, 5, 0, 0, 0.09%, 0, 0, 1, 41.75, 24088, 61, 0, 0
605, 173, 1, 5, 0, 0, 0.09%, 0, 0, 1, 40.69, 24293, 61, 0, 0
610, 174, 1, 5, 0, 0, 0.09%, 0, 0, 1, 41.74, 24509, 61, 0, 0
615, 176, 1, 5, 0, 0, 0.09%, 0, 0, 1, 42.05, 24725, 61, 0, 0
620, 177, 1, 5, 0, 0, 0.09%, 0, 0, 1, 42.10, 24941, 61, 0, 0
625, 179, 1, 5, 0, 0, 0.09%, 0, 0, 1, 39.59, 25138, 61, 0, 0
631, 180, 1, 5, 0, 0, 0.09%, 0, 0, 1, 38.76, 25338, 61, 0, 0
636, 182, 1, 5, 0, 0, 0.09%, 0, 0, 1, 38.54, 25538, 61, 0, 0
641, 183, 1, 5, 0, 0, 0.09%, 0, 0, 1, 38.57, 25738, 61, 0, 0
646, 184, 1, 5, 0, 0, 0.09%, 0, 0, 1, 38.37, 25930, 61, 0, 0
651, 186, 1, 5, 0, 0, 0.09%, 0, 0, 1, 38.39, 26122, 61, 0, 0
656, 187, 1, 5, 0, 0, 0.09%, 0, 0, 1, 38.36, 26314, 61, 0, 0
661, 189, 1, 5, 0, 0, 0.09%, 0, 0, 1, 38.38, 26506, 61, 0, 0
666, 190, 1, 5, 0, 0, 0.09%, 0, 0, 1, 38.38, 26706, 61, 0, 0
671, 191, 1, 5, 0, 0, 0.09%, 0, 0, 1, 38.37, 26898, 61, 0, 0
676, 193, 1, 5, 0, 0, 0.09%, 0, 0, 1, 38.31, 27090, 61, 0, 0
681, 194, 1, 5, 0, 0, 0.09%, 0, 0, 1, 38.58, 27290, 61, 0, 0
687, 196, 1, 5, 0, 0, 0.09%, 0, 0, 1, 38.63, 27490, 61, 0, 0
692, 197, 1, 5, 0, 0, 0.09%, 0, 0, 1, 38.64, 27690, 61, 0, 0
697, 198, 1, 5, 0, 0, 0.09%, 0, 0, 1, 38.61, 27890, 61, 0, 0
702, 200, 1, 5, 0, 0, 0.09%, 0, 0, 1, 38.62, 28090, 61, 0, 0
707, 201, 1, 5, 0, 0, 0.09%, 0, 0, 1, 38.52, 28290, 61, 0, 0
712, 203, 1, 5, 0, 0, 0.09%, 0, 0, 1, 39.34, 28490, 61, 0, 0
717, 204, 1, 5, 0, 0, 0.09%, 0, 0, 1, 39.52, 28690, 61, 0, 0
723, 206, 1, 5, 0, 0, 0.09%, 0, 0, 1, 39.66, 28894, 61, 0, 0
728, 207, 1, 5, 0, 0, 0.09%, 0, 0, 1, 39.65, 29096, 61, 0, 0
733, 208, 1, 5, 0, 0, 0.09%, 0, 0, 1, 39.67, 29297, 61, 0, 0
738, 210, 1, 5, 0, 0, 0.09%, 0, 0, 1, 40.66, 29506, 61, 0, 0
743, 211, 1, 5, 0, 0, 0.09%, 0, 0, 1, 41.04, 29713, 61, 0, 0
748, 213, 1, 5, 0, 0, 0.09%, 0, 0, 1, 40.13, 29918, 61, 0, 0
753, 214, 1, 5, 0, 0, 0.09%, 0, 0, 1, 39.92, 30124, 61, 0, 0
758, 216, 1, 5, 0, 0, 0.09%, 0, 0, 1, 39.82, 30327, 61, 0, 0
763, 217, 1, 5, 0, 0, 0.09%, 0, 0, 1, 39.83, 30533, 61, 0, 0
769, 219, 1, 5, 0, 0, 0.09%, 0, 0, 1, 39.83, 30737, 61, 0, 0
774, 220, 1, 5, 0, 0, 0.09%, 0, 0, 1, 39.34, 30938, 61, 0, 0
779, 222, 1, 5, 0, 0, 0.09%, 0, 0, 1, 39.12, 31138, 61, 0, 0
784, 223, 1, 5, 0, 0, 0.09%, 0, 0, 1, 39.06, 31338, 61, 0, 0
789, 225, 1, 5, 0, 0, 0.09%, 0, 0, 1, 39.08, 31538, 61, 0, 0
794, 226, 1, 5, 0, 0, 0.09%, 0, 0, 1, 39.07, 31738, 61, 0, 0
799, 227, 1, 5, 0, 0, 0.09%, 0, 0, 1, 39.11, 31938, 61, 0, 0
804, 229, 1, 5, 0, 0, 0.09%, 0, 0, 1, 39.12, 32138, 61, 0, 0
809, 230, 1, 5, 0, 0, 0.09%, 0, 0, 1, 39.07, 32338, 61, 0, 0
815, 232, 1, 5, 0, 0, 0.09%, 0, 0, 1, 39.04, 32538, 61, 0, 0
820, 233, 1, 5, 0, 0, 0.09%, 0, 0, 1, 39.04, 32738, 61, 0, 0
825, 235, 1, 5, 0, 0, 0.09%, 0, 0, 1, 38.99, 32938, 61, 0, 0
830, 236, 1, 5, 0, 0, 0.09%, 0, 0, 1, 39.04, 33138, 61, 0, 0
835, 237, 1, 5, 0, 0, 0.09%, 0, 0, 1, 39.21, 33338, 61, 0, 0
840, 239, 1, 5, 0, 0, 0.09%, 0, 0, 1, 39.23, 33538, 61, 0, 0
845, 240, 1, 5, 0, 0, 0.09%, 0, 0, 1, 39.47, 33739, 61, 0, 0
850, 242, 1, 5, 0, 0, 0.09%, 0, 0, 1, 39.71, 33941, 61, 0, 0
855, 243, 1, 5, 0, 0, 0.09%, 0, 0, 1, 39.69, 34142, 61, 0, 0
861, 245, 1, 5, 0, 0, 0.09%, 0, 0, 1, 39.87, 34346, 61, 0, 0
866, 246, 1, 5, 0, 0, 0.09%, 0, 0, 1, 39.81, 34551, 61, 0, 0
871, 247, 1, 5, 0, 0, 0.09%, 0, 0, 1, 39.70, 34751, 61, 0, 0
876, 249, 1, 5, 0, 0, 0.09%, 0, 0, 1, 39.65, 34951, 61, 0, 0
881, 250, 1, 5, 0, 0, 0.09%, 0, 0, 1, 39.66, 35151, 61, 0, 0
886, 252, 1, 5, 0, 0, 0.09%, 0, 0, 1, 40.56, 35360, 61, 0, 0
891, 253, 1, 5, 0, 0, 0.09%, 0, 0, 1, 41.65, 35576, 61, 0, 0
896, 255, 1, 5, 0, 0, 0.09%, 0, 0, 1, 41.42, 35790, 61, 0, 0
897, 255, 1, 5, 0, 0, 0.09%, 0, 0, 1, 39.33, 35831, 61, 0, 0
