# relative_time, cycles_done, cur_item, corpus_count, pending_total, pending_favs, map_size, saved_crashes, saved_hangs, max_depth, execs_per_sec, total_execs, edges_found, total_crashes, servers_count
61, 14, 1, 5, 0, 0, 0.10%, 0, 0, 1, 20.09, 1272, 66, 0, 0
66, 15, 1, 5, 0, 0, 0.10%, 0, 0, 1, 20.13, 1374, 66, 0, 0
71, 17, 1, 5, 0, 0, 0.10%, 0, 0, 1, 20.13, 1478, 66, 0, 0
76, 18, 1, 5, 0, 0, 0.10%, 0, 0, 1, 20.13, 1580, 66, 0, 0
82, 19, 1, 5, 0, 0, 0.10%, 0, 0, 1, 20.13, 1685, 66, 0, 0
87, 20, 1, 5, 0, 0, 0.10%, 0, 0, 1, 20.10, 1788, 66, 0, 0
92, 22, 1, 5, 0, 0, 0.10%, 0, 0, 1, 20.11, 1891, 66, 0, 0
97, 23, 1, 5, 0, 0, 0.10%, 0, 0, 1, 20.09, 1992, 66, 0, 0
102, 24, 1, 5, 0, 0, 0.10%, 0, 0, 1, 20.10, 2097, 66, 0, 0
107, 25, 1, 5, 0, 0, 0.10%, 0, 0, 1, 20.09, 2201, 66, 0, 0
113, 27, 1, 5, 0, 0, 0.10%, 0, 0, 1, 20.11, 2306, 66, 0, 0
118, 28, 1, 5, 0, 0, 0.10%, 0, 0, 1, 20.02, 2409, 66, 0, 0
123, 29, 1, 5, 0, 0, 0.10%, 0, 0, 1, 19.79, 2511, 66, 0, 0
128, 30, 1, 5, 0, 0, 0.10%, 0, 0, 1, 19.71, 2611, 66, 0, 0
133, 31, 1, 5, 0, 0, 0.10%, 0, 0, 1, 19.74, 2712, 66, 0, 0
138, 33, 1, 5, 0, 0, 0.10%, 0, 0, 1, 19.73, 2812, 66, 0, 0
143, 34, 1, 5, 0, 0, 0.10%, 0, 0, 1, 19.69, 2912, 66, 0, 0
148, 35, 1, 5, 0, 0, 0.10%, 0, 0, 1, 19.81, 3012, 66, 0, 0
153, 36, 1, 5, 0, 0, 0.10%, 0, 0, 1, 20.12, 3116, 66, 0, 0
159, 37, 1, 5, 0, 0, 0.10%, 0, 0, 1, 20.21, 3220, 66, 0, 0
164, 39, 1, 5, 0, 0, 0.10%, 0, 0, 1, 20.23, 3324, 66, 0, 0
169, 40, 1, 5, 0, 0, 0.10%, 0, 0, 1, 20.24, 3428, 66, 0, 0
174, 41, 1, 5, 0, 0, 0.10%, 0, 0, 1, 20.23, 3533, 66, 0, 0
179, 42, 1, 5, 0, 0, 0.10%, 0, 0, 1, 20.20, 3635, 66, 0, 0
184, 44, 1, 5, 0, 0, 0.10%, 0, 0, 1, 20.21, 3739, 66, 0, 0
189, 45, 1, 5, 0, 0, 0.10%, 0, 0, 1, 20.23, 3843, 66, 0, 0
194, 46, 1, 5, 0, 0, 0.10%, 0, 0, 1, 20.22, 3946, 66, 0, 0
200, 47, 1, 5, 0, 0, 0.10%, 0, 0, 1, 20.24, 4051, 66, 0, 0
205, 48, 1, 5, 0, 0, 0.10%, 0, 0, 1, 20.21, 4153, 66, 0, 0
210, 50, 1, 5, 0, 0, 0.10%, 0, 0, 1, 19.90, 4255, 66, 0, 0
215, 51, 1, 5, 0, 0, 0.10%, 0, 0, 1, 20.17, 4358, 66, 0, 0
220, 52, 1, 5, 0, 0, 0.10%, 0, 0, 1, 20.24, 4463, 66, 0, 0
225, 53, 1, 5, 0, 0, 0.10%, 0, 0, 1, 20.27, 4568, 66, 0, 0
230, 55, 1, 5, 0, 0, 0.10%, 0, 0, 1, 20.27, 4673, 66, 0, 0
235, 56, 1, 5, 0, 0, 0.10%, 0, 0, 1, 20.28, 4776, 66, 0, 0
241, 57, 1, 5, 0, 0, 0.10%, 0, 0, 1, 20.25, 4879, 66, 0, 0
246, 58, 1, 5, 0, 0, 0.10%, 0, 0, 1, 20.86, 4989, 66, 0, 0
251, 60, 1, 5, 0, 0, 0.10%, 0, 0, 1, 20.81, 5094, 66, 0, 0
256, 61, 1, 5, 0, 0, 0.10%, 0, 0, 1, 20.91, 5199, 66, 0, 0
261, 62, 1, 5, 0, 0, 0.10%, 0, 0, 1, 21.03, 5309, 66, 0, 0
266, 64, 1, 5, 0, 0, 0.10%, 0, 0, 1, 20.42, 5414, 66, 0, 0
271, 65, 1, 5, 0, 0, 0.10%, 0, 0, 1, 20.03, 5516, 66, 0, 0
276, 66, 1, 5, 0, 0, 0.10%, 0, 0, 1, 19.95, 5617, 66, 0, 0
281, 67, 1, 5, 0, 0, 0.10%, 0, 0, 1, 19.98, 5717, 66, 0, 0
287, 68, 1, 5, 0, 0, 0.10%, 0, 0, 1, 19.87, 5819, 66, 0, 0
292, 70, 1, 5, 0, 0, 0.10%, 0, 0, 1, 19.85, 5919, 66, 0, 0
297, 71, 1, 5, 0, 0, 0.10%, 0, 0, 1, 19.96, 6020, 66, 0, 0
302, 72, 1, 5, 0, 0, 0.10%, 0, 0, 1, 20.02, 6122, 66, 0, 0
307, 73, 1, 5, 0, 0, 0.10%, 0, 0, 1, 20.00, 6223, 66, 0, 0
312, 74, 1, 5, 0, 0, 0.10%, 0, 0, 1, 20.78, 6333, 66, 0, 0
317, 76, 1, 5, 0, 0, 0.10%, 0, 0, 1, 20.99, 6443, 66, 0, 0
322, 77, 1, 5, 0, 0, 0.10%, 0, 0, 1, 21.04, 6553, 66, 0, 0
328, 78, 1, 5, 0, 0, 0.10%, 0, 0, 1, 21.07, 6663, 66, 0, 0
333, 80, 1, 5, 0, 0, 0.10%, 0, 0, 1, 21.07, 6773, 66, 0, 0
338, 81, 1, 5, 0, 0, 0.10%, 0, 0, 1, 21.09, 6883, 66, 0, 0
343, 82, 1, 5, 0, 0, 0.10%, 0, 0, 1, 20.98, 6993, 66, 0, 0
348, 84, 1, 5, 0, 0, 0.10%, 0, 0, 1, 20.75, 7098, 66, 0, 0
354, 85, 1, 5, 0, 0, 0.10%, 0, 0, 1, 20.69, 7203, 66, 0, 0
359, 86, 1, 5, 0, 0, 0.10%, 0, 0, 1, 20.65, 7308, 66, 0, 0
364, 87, 1, 5, 0, 0, 0.10%, 0, 0, 1, 20.70, 7413, 66, 0, 0
369, 89, 1, 5, 0, 0, 0.10%, 0, 0, 1, 20.74, 7518, 66, 0, 0
374, 90, 1, 5, 0, 0, 0.10%, 0, 0, 1, 20.71, 7623, 66, 0, 0
379, 91, 1, 5, 0, 0, 0.10%, 0, 0, 1, 20.74, 7728, 66, 0, 0
384, 92, 1, 5, 0, 0, 0.10%, 0, 0, 1, 20.75, 7833, 66, 0, 0
389, 94, 1, 5, 0, 0, 0.10%, 0, 0, 1, 20.71, 7938, 66, 0, 0
394, 95, 1, 5, 0, 0, 0.10%, 0, 0, 1, 20.04, 8040, 66, 0, 0
399, 96, 1, 5, 0, 0, 0.10%, 0, 0, 1, 19.87, 8141, 66, 0, 0
404, 97, 1, 5, 0, 0, 0.10%, 0, 0, 1, 19.85, 8241, 66, 0, 0
409, 98, 1, 5, 0, 0, 0.10%, 0, 0, 1, 19.82, 8342, 66, 0, 0
414, 100, 1, 5, 0, 0, 0.10%, 0, 0, 1, 19.83, 8443, 66, 0, 0
420, 101, 1, 5, 0, 0, 0.10%, 0, 0, 1, 19.88, 8545, 66, 0, 0
425, 102, 1, 5, 0, 0, 0.10%, 0, 0, 1, 20.29, 8649, 66, 0, 0
430, 103, 1, 5, 0, 0, 0.10%, 0, 0, 1, 20.81, 8754, 66, 0, 0
435, 105, 1, 5, 0, 0, 0.10%, 0, 0, 1, 20.94, 8859, 66, 0, 0
440, 106, 1, 5, 0, 0, 0.10%, 0, 0, 1, 20.95, 8964, 66, 0, 0
445, 107, 1, 5, 0, 0, 0.10%, 0, 0, 1, 20.92, 9069, 66, 0, 0
450, 108, 1, 5, 0, 0, 0.10%, 0, 0, 1, 20.87, 9174, 66, 0, 0
455, 110, 1, 5, 0, 0, 0.10%, 0, 0, 1, 20.90, 9279, 66, 0, 0
460, 111, 1, 5, 0, 0, 0.10%, 0, 0, 1, 20.88, 9384, 66, 0, 0
465, 112, 1, 5, 0, 0, 0.10%, 0, 0, 1, 20.90, 9489, 66, 0, 0
470, 113, 1, 5, 0, 0, 0.10%, 0, 0, 1, 20.92, 9594, 66, 0, 0
475, 115, 1, 5, 0, 0, 0.10%, 0, 0, 1, 20.89, 9699, 66, 0, 0
480, 116, 1, 5, 0, 0, 0.10%, 0, 0, 1, 20.88, 9804, 66, 0, 0
485, 117, 1, 5, 0, 0, 0.10%, 0, 0, 1, 20.90, 9909, 66, 0, 0
490, 118, 1, 5, 0, 0, 0.10%, 0, 0, 1, 20.92, 10014, 66, 0, 0
495, 120, 1, 5, 0, 0, 0.10%, 0, 0, 1, 20.80, 10119, 66, 0, 0
500, 121, 1, 5, 0, 0, 0.10%, 0, 0, 1, 20.72, 10224, 66, 0, 0
505, 122, 1, 5, 0, 0, 0.10%, 0, 0, 1, 20.74, 10329, 66, 0, 0
510, 123, 1, 5, 0, 0, 0.10%, 0, 0, 1, 20.61, 10433, 66, 0, 0
515, 125, 1, 5, 0, 0, 0.10%, 0, 0, 1, 20.61, 10538, 66, 0, 0
520, 126, 1, 5, 0, 0, 0.10%, 0, 0, 1, 20.65, 10643, 66, 0, 0
525, 127, 1, 5, 0, 0, 0.10%, 0, 0, 1, 20.88, 10748, 66, 0, 0
530, 128, 1, 5, 0, 0, 0.10%, 0, 0, 1, 20.94, 10853, 66, 0, 0
536, 130, 1, 5, 0, 0, 0.10%, 0, 0, 1, 20.95, 10963, 66, 0, 0
541, 131, 1, 5, 0, 0, 0.10%, 0, 0, 1, 20.06, 11066, 66, 0, 0
546, 132, 1, 5, 0, 0, 0.10%, 0, 0, 1, 19.97, 11168, 66, 0, 0
551, 133, 1, 5, 0, 0, 0.10%, 0, 0, 1, 19.94, 11268, 66, 0, 0
556, 134, 1, 5, 0, 0, 0.10%, 0, 0, 1, 19.94, 11368, 66, 0, 0
561, 136, 1, 5, 0, 0, 0.10%, 0, 0, 1, 19.93, 11470, 66, 0, 0
566, 137, 1, 5, 0, 0, 0.10%, 0, 0, 1, 19.92, 11572, 66, 0, 0
571, 138, 1, 5, 0, 0, 0.10%, 0, 0, 1, 19.82, 11673, 66, 0, 0
576, 139, 1, 5, 0, 0, 0.10%, 0, 0, 1, 19.84, 11773, 66, 0, 0
581, 140, 1, 5, 0, 0, 0.10%, 0, 0, 1, 19.80, 11873, 66, 0, 0
586, 142, 1, 5, 0, 0, 0.10%, 0, 0, 1, 19.80, 11973, 66, 0, 0
592, 143, 1, 5, 0, 0, 0.10%, 0, 0, 1, 19.50, 12073, 66, 0, 0
597, 144, 1, 5, 0, 0, 0.10%, 0, 0, 1, 17.06, 12146, 66, 0, 0
602, 145, 1, 5, 0, 0, 0.10%, 0, 0, 1, 19.44, 12249, 66, 0, 0
607, 146, 1, 5, 0, 0, 0.10%, 0, 0, 1, 19.86, 12350, 66, 0, 0
612, 147, 1, 5, 0, 0, 0.10%, 0, 0, 1, 20.12, 12452, 66, 0, 0
617, 149, 1, 5, 0, 0, 0.10%, 0, 0, 1, 20.14, 12556, 66, 0, 0
622, 150, 1, 5, 0, 0, 0.10%, 0, 0, 1, 20.12, 12657, 66, 0, 0
627, 151, 1, 5, 0, 0, 0.10%, 0, 0, 1, 20.10, 12761, 66, 0, 0
632, 152, 1, 5, 0, 0, 0.10%, 0, 0, 1, 20.11, 12865, 66, 0, 0
637, 153, 1, 5, 0, 0, 0.10%, 0, 0, 1, 20.14, 12966, 66, 0, 0
642, 155, 1, 5, 0, 0, 0.10%, 0, 0, 1, 20.11, 13069, 66, 0, 0
648, 156, 1, 5, 0, 0, 0.10%, 0, 0, 1, 20.12, 13172, 66, 0, 0
653, 157, 1, 5, 0, 0, 0.10%, 0, 0, 1, 20.12, 13275, 66, 0, 0
658, 158, 1, 5, 0, 0, 0.10%, 0, 0, 1, 20.09, 13378, 66, 0, 0
663, 160, 1, 5, 0, 0, 0.10%, 0, 0, 1, 20.05, 13481, 66, 0, 0
668, 161, 1, 5, 0, 0, 0.10%, 0, 0, 1, 20.02, 13582, 66, 0, 0
673, 162, 1, 5, 0, 0, 0.10%, 0, 0, 1, 19.99, 13684, 66, 0, 0
678, 163, 1, 5, 0, 0, 0.10%, 0, 0, 1, 19.99, 13787, 66, 0, 0
683, 164, 1, 5, 0, 0, 0.10%, 0, 0, 1, 20.01, 13889, 66, 0, 0
689, 166, 1, 5, 0, 0, 0.10%, 0, 0, 1, 20.11, 13993, 66, 0, 0
694, 167, 1, 5, 0, 0, 0.10%, 0, 0, 1, 20.15, 14097, 66, 0, 0
699, 168, 1, 5, 0, 0, 0.10%, 0, 0, 1, 20.09, 14200, 66, 0, 0
704, 169, 1, 5, 0, 0, 0.10%, 0, 0, 1, 19.94, 14302, 66, 0, 0
709, 171, 1, 5, 0, 0, 0.10%, 0, 0, 1, 19.91, 14402, 66, 0, 0
714, 172, 1, 5, 0, 0, 0.10%, 0, 0, 1, 19.92, 14504, 66, 0, 0
719, 173, 1, 5, 0, 0, 0.10%, 0, 0, 1, 19.90, 14607, 66, 0, 0
724, 174, 1, 5, 0, 0, 0.10%, 0, 0, 1, 19.88, 14708, 66, 0, 0
729, 175, 1, 5, 0, 0, 0.10%, 0, 0, 1, 19.99, 14809, 66, 0, 0
735, 177, 1, 5, 0, 0, 0.10%, 0, 0, 1, 20.02, 14914, 66, 0, 0
740, 178, 1, 5, 0, 0, 0.10%, 0, 0, 1, 20.18, 15016, 66, 0, 0
745, 179, 1, 5, 0, 0, 0.10%, 0, 0, 1, 20.25, 15119, 66, 0, 0
750, 180, 1, 5, 0, 0, 0.10%, 0, 0, 1, 20.21, 15221, 66, 0, 0
755, 182, 1, 5, 0, 0, 0.10%, 0, 0, 1, 20.25, 15326, 66, 0, 0
760, 183, 1, 5, 0, 0, 0.10%, 0, 0, 1, 20.25, 15431, 66, 0, 0
765, 184, 1, 5, 0, 0, 0.10%, 0, 0, 1, 20.25, 15535, 66, 0, 0
770, 185, 1, 5, 0, 0, 0.10%, 0, 0, 1, 20.23, 15639, 66, 0, 0
776, 186, 1, 5, 0, 0, 0.10%, 0, 0, 1, 20.27, 15744, 66, 0, 0
781, 188, 1, 5, 0, 0, 0.10%, 0, 0, 1, 20.15, 15847, 66, 0, 0
786, 189, 1, 5, 0, 0, 0.10%, 0, 0, 1, 20.11, 15950, 66, 0, 0
791, 190, 1, 5, 0, 0, 0.10%, 0, 0, 1, 20.11, 16053, 66, 0, 0
796, 191, 1, 5, 0, 0, 0.10%, 0, 0, 1, 20.09, 16154, 66, 0, 0
801, 193, 1, 5, 0, 0, 0.10%, 0, 0, 1, 20.11, 16257, 66, 0, 0
806, 194, 1, 5, 0, 0, 0.10%, 0, 0, 1, 20.11, 16361, 66, 0, 0
811, 195, 1, 5, 0, 0, 0.10%, 0, 0, 1, 20.07, 16462, 66, 0, 0
816, 196, 1, 5, 0, 0, 0.10%, 0, 0, 1, 20.04, 16565, 66, 0, 0
822, 197, 1, 5, 0, 0, 0.10%, 0, 0, 1, 20.07, 16668, 66, 0, 0
827, 199, 1, 5, 0, 0, 0.10%, 0, 0, 1, 20.06, 16771, 66, 0, 0
832, 200, 1, 5, 0, 0, 0.10%, 0, 0, 1, 20.06, 16876, 66, 0, 0
837, 201, 1, 5, 0, 0, 0.10%, 0, 0, 1, 19.53, 16973, 66, 0, 0
842, 202, 1, 5, 0, 0, 0.10%, 0, 0, 1, 19.99, 17075, 66, 0, 0
847, 204, 1, 5, 0, 0, 0.10%, 0, 0, 1, 20.03, 17178, 66, 0, 0
852, 205, 1, 5, 0, 0, 0.10%, 0, 0, 1, 20.01, 17280, 66, 0, 0
857, 206, 1, 5, 0, 0, 0.10%, 0, 0, 1, 20.11, 17381, 66, 0, 0
863, 207, 1, 5, 0, 0, 0.10%, 0, 0, 1, 20.11, 17484, 66, 0, 0
868, 208, 1, 5, 0, 0, 0.10%, 0, 0, 1, 20.50, 17588, 66, 0, 0
873, 210, 1, 5, 0, 0, 0.10%, 0, 0, 1, 20.80, 17693, 66, 0, 0
878, 211, 1, 5, 0, 0, 0.10%, 0, 0, 1, 20.90, 17798, 66, 0, 0
883, 212, 1, 5, 0, 0, 0.10%, 0, 0, 1, 20.95, 17903, 66, 0, 0
888, 213, 1, 5, 0, 0, 0.10%, 0, 0, 1, 20.93, 18008, 66, 0, 0
893, 215, 1, 5, 0, 0, 0.10%, 0, 0, 1, 20.88, 18113, 66, 0, 0
896, 216, 1, 5, 0, 0, 0.10%, 0, 0, 1, 20.07, 18188, 66, 0, 0
