# relative_time, cycles_done, cur_item, corpus_count, pending_total, pending_favs, map_size, saved_crashes, saved_hangs, max_depth, execs_per_sec, total_execs, edges_found, total_crashes, servers_count
61, 13, 0, 5, 0, 0, 0.09%, 0, 0, 1, 18.84, 1193, 59, 0, 0
66, 14, 1, 5, 0, 0, 0.09%, 0, 0, 1, 18.79, 1289, 59, 0, 0
71, 15, 1, 5, 0, 0, 0.09%, 0, 0, 1, 18.74, 1385, 59, 0, 0
76, 17, 1, 5, 0, 0, 0.09%, 0, 0, 1, 18.71, 1481, 59, 0, 0
81, 18, 1, 5, 0, 0, 0.09%, 0, 0, 1, 18.73, 1577, 59, 0, 0
87, 19, 0, 5, 0, 0, 0.09%, 0, 0, 1, 18.66, 1673, 59, 0, 0
92, 20, 1, 5, 0, 0, 0.09%, 0, 0, 1, 18.64, 1769, 59, 0, 0
97, 21, 1, 5, 0, 0, 0.09%, 0, 0, 1, 18.38, 1861, 59, 0, 0
102, 22, 0, 5, 0, 0, 0.09%, 0, 0, 1, 18.52, 1957, 59, 0, 0
107, 23, 1, 5, 0, 0, 0.09%, 0, 0, 1, 18.46, 2053, 59, 0, 0
112, 25, 0, 5, 0, 0, 0.09%, 0, 0, 1, 18.86, 2149, 59, 0, 0
117, 26, 1, 5, 0, 0, 0.09%, 0, 0, 1, 19.12, 2246, 59, 0, 0
122, 27, 1, 5, 0, 0, 0.09%, 0, 0, 1, 18.96, 2342, 59, 0, 0
127, 28, 1, 5, 0, 0, 0.09%, 0, 0, 1, 18.86, 2438, 59, 0, 0
133, 29, 0, 5, 0, 0, 0.09%, 0, 0, 1, 18.73, 2534, 59, 0, 0
138, 30, 1, 5, 0, 0, 0.09%, 0, 0, 1, 18.40, 2626, 59, 0, 0
143, 31, 0, 5, 0, 0, 0.09%, 0, 0, 1, 18.51, 2722, 59, 0, 0
148, 33, 1, 5, 0, 0, 0.09%, 0, 0, 1, 19.10, 2821, 59, 0, 0
153, 34, 1, 5, 0, 0, 0.09%, 0, 0, 1, 19.17, 2921, 59, 0, 0
158, 35, 1, 5, 0, 0, 0.09%, 0, 0, 1, 18.92, 3018, 59, 0, 0
163, 36, 1, 5, 0, 0, 0.09%, 0, 0, 1, 19.05, 3114, 59, 0, 0
168, 37, 0, 5, 0, 0, 0.09%, 0, 0, 1, 19.01, 3211, 59, 0, 0
174, 38, 0, 5, 0, 0, 0.09%, 0, 0, 1, 18.68, 3307, 59, 0, 0
179, 40, 1, 5, 0, 0, 0.09%, 0, 0, 1, 18.78, 3403, 59, 0, 0
184, 41, 1, 5, 0, 0, 0.09%, 0, 0, 1, 18.67, 3499, 59, 0, 0
189, 42, 0, 5, 0, 0, 0.09%, 0, 0, 1, 18.72, 3595, 59, 0, 0
194, 43, 0, 5, 0, 0, 0.09%, 0, 0, 1, 18.34, 3687, 59, 0, 0
199, 44, 1, 5, 0, 0, 0.09%, 0, 0, 1, 18.34, 3783, 59, 0, 0
204, 45, 1, 5, 0, 0, 0.09%, 0, 0, 1, 18.37, 3875, 59, 0, 0
209, 46, 1, 5, 0, 0, 0.09%, 0, 0, 1, 18.60, 3971, 59, 0, 0
215, 47, 1, 5, 0, 0, 0.09%, 0, 0, 1, 17.50, 4059, 59, 0, 0
220, 48, 1, 5, 0, 0, 0.09%, 0, 0, 1, 17.11, 4147, 59, 0, 0
225, 49, 1, 5, 0, 0, 0.09%, 0, 0, 1, 17.95, 4239, 59, 0, 0
230, 51, 0, 5, 0, 0, 0.09%, 0, 0, 1, 18.27, 4335, 59, 0, 0
235, 52, 1, 5, 0, 0, 0.09%, 0, 0, 1, 18.61, 4431, 59, 0, 0
240, 53, 1, 5, 0, 0, 0.09%, 0, 0, 1, 18.68, 4527, 59, 0, 0
246, 54, 0, 5, 0, 0, 0.09%, 0, 0, 1, 18.51, 4623, 59, 0, 0
251, 55, 1, 5, 0, 0, 0.09%, 0, 0, 1, 18.58, 4719, 59, 0, 0
256, 56, 1, 5, 0, 0, 0.09%, 0, 0, 1, 18.44, 4815, 59, 0, 0
261, 57, 0, 5, 0, 0, 0.09%, 0, 0, 1, 18.76, 4911, 59, 0, 0
266, 59, 1, 5, 0, 0, 0.09%, 0, 0, 1, 19.00, 5009, 59, 0, 0
271, 60, 1, 5, 0, 0, 0.09%, 0, 0, 1, 18.45, 5105, 59, 0, 0
276, 61, 1, 5, 0, 0, 0.09%, 0, 0, 1, 18.42, 5197, 59, 0, 0
282, 62, 1, 5, 0, 0, 0.09%, 0, 0, 1, 18.45, 5293, 59, 0, 0
287, 63, 1, 5, 0, 0, 0.09%, 0, 0, 1, 18.31, 5385, 59, 0, 0
292, 64, 1, 5, 0, 0, 0.09%, 0, 0, 1, 18.25, 5477, 59, 0, 0
297, 65, 1, 5, 0, 0, 0.09%, 0, 0, 1, 18.34, 5569, 59, 0, 0
302, 66, 0, 5, 0, 0, 0.09%, 0, 0, 1, 18.61, 5665, 59, 0, 0
307, 68, 1, 5, 0, 0, 0.09%, 0, 0, 1, 19.04, 5762, 59, 0, 0
312, 69, 1, 5, 0, 0, 0.09%, 0, 0, 1, 18.70, 5858, 59, 0, 0
317, 70, 0, 5, 0, 0, 0.09%, 0, 0, 1, 18.50, 5954, 59, 0, 0
322, 71, 1, 5, 0, 0, 0.09%, 0, 0, 1, 18.25, 6046, 59, 0, 0
327, 72, 1, 5, 0, 0, 0.09%, 0, 0, 1, 18.14, 6138, 59, 0, 0
332, 73, 1, 5, 0, 0, 0.09%, 0, 0, 1, 18.25, 6230, 59, 0, 0
337, 74, 1, 5, 0, 0, 0.09%, 0, 0, 1, 18.42, 6322, 59, 0, 0
343, 75, 1, 5, 0, 0, 0.09%, 0, 0, 1, 18.04, 6414, 59, 0, 0
348, 76, 0, 5, 0, 0, 0.09%, 0, 0, 1, 18.44, 6510, 59, 0, 0
353, 78, 1, 5, 0, 0, 0.09%, 0, 0, 1, 18.47, 6606, 59, 0, 0
358, 79, 1, 5, 0, 0, 0.09%, 0, 0, 1, 18.69, 6702, 59, 0, 0
363, 80, 0, 5, 0, 0, 0.09%, 0, 0, 1, 18.57, 6798, 59, 0, 0
368, 81, 1, 5, 0, 0, 0.09%, 0, 0, 1, 18.20, 6890, 59, 0, 0
373, 82, 0, 5, 0, 0, 0.09%, 0, 0, 1, 18.24, 6982, 59, 0, 0
378, 83, 1, 5, 0, 0, 0.09%, 0, 0, 1, 18.36, 7074, 59, 0, 0
384, 84, 1, 5, 0, 0, 0.09%, 0, 0, 1, 18.47, 7170, 59, 0, 0
389, 85, 1, 5, 0, 0, 0.09%, 0, 0, 1, 18.62, 7266, 59, 0, 0
394, 87, 1, 5, 0, 0, 0.09%, 0, 0, 1, 18.47, 7362, 59, 0, 0
399, 88, 1, 5, 0, 0, 0.09%, 0, 0, 1, 18.42, 7458, 59, 0, 0
404, 89, 0, 5, 0, 0, 0.09%, 0, 0, 1, 18.40, 7554, 59, 0, 0
409, 90, 1, 5, 0, 0, 0.09%, 0, 0, 1, 18.49, 7650, 59, 0, 0
415, 91, 1, 5, 0, 0, 0.09%, 0, 0, 1, 18.51, 7746, 59, 0, 0
420, 92, 1, 5, 0, 0, 0.09%, 0, 0, 1, 18.60, 7842, 59, 0, 0
425, 93, 1, 5, 0, 0, 0.09%, 0, 0, 1, 18.76, 7938, 59, 0, 0
430, 95, 0, 5, 0, 0, 0.09%, 0, 0, 1, 18.90, 8034, 59, 0, 0
435, 96, 0, 5, 0, 0, 0.09%, 0, 0, 1, 19.20, 8133, 59, 0, 0
440, 97, 1, 5, 0, 0, 0.09%, 0, 0, 1, 19.22, 8231, 59, 0, 0
445, 98, 1, 5, 0, 0, 0.09%, 0, 0, 1, 19.20, 8329, 59, 0, 0
450, 99, 1, 5, 0, 0, 0.09%, 0, 0, 1, 19.15, 8425, 59, 0, 0
455, 100, 0, 5, 0, 0, 0.09%, 0, 0, 1, 18.92, 8521, 59, 0, 0
461, 102, 1, 5, 0, 0, 0.09%, 0, 0, 1, 18.67, 8617, 59, 0, 0
466, 103, 1, 5, 0, 0, 0.09%, 0, 0, 1, 18.83, 8714, 59, 0, 0
471, 104, 0, 5, 0, 0, 0.09%, 0, 0, 1, 18.59, 8810, 59, 0, 0
476, 105, 1, 5, 0, 0, 0.09%, 0, 0, 1, 18.50, 8906, 59, 0, 0
481, 106, 1, 5, 0, 0, 0.09%, 0, 0, 1, 18.30, 8998, 59, 0, 0
486, 107, 1, 5, 0, 0, 0.09%, 0, 0, 1, 18.47, 9094, 59, 0, 0
492, 108, 1, 5, 0, 0, 0.09%, 0, 0, 1, 18.35, 9190, 59, 0, 0
497, 109, 0, 5, 0, 0, 0.09%, 0, 0, 1, 18.18, 9282, 59, 0, 0
502, 111, 1, 5, 0, 0, 0.09%, 0, 0, 1, 18.13, 9374, 59, 0, 0
507, 112, 1, 5, 0, 0, 0.09%, 0, 0, 1, 18.66, 9470, 59, 0, 0
512, 113, 1, 5, 0, 0, 0.09%, 0, 0, 1, 18.87, 9567, 59, 0, 0
517, 114, 1, 5, 0, 0, 0.09%, 0, 0, 1, 18.96, 9663, 59, 0, 0
522, 115, 1, 5, 0, 0, 0.09%, 0, 0, 1, 18.80, 9759, 59, 0, 0
527, 116, 1, 5, 0, 0, 0.09%, 0, 0, 1, 18.72, 9855, 59, 0, 0
532, 117, 1, 5, 0, 0, 0.09%, 0, 0, 1, 18.53, 9951, 59, 0, 0
538, 119, 1, 5, 0, 0, 0.09%, 0, 0, 1, 18.52, 10047, 59, 0, 0
543, 120, 1, 5, 0, 0, 0.09%, 0, 0, 1, 18.59, 10143, 59, 0, 0
548, 121, 0, 5, 0, 0, 0.09%, 0, 0, 1, 18.36, 10235, 59, 0, 0
553, 122, 0, 5, 0, 0, 0.09%, 0, 0, 1, 18.44, 10331, 59, 0, 0
558, 123, 1, 5, 0, 0, 0.09%, 0, 0, 1, 18.40, 10423, 59, 0, 0
563, 124, 1, 5, 0, 0, 0.09%, 0, 0, 1, 18.33, 10515, 59, 0, 0
568, 125, 1, 5, 0, 0, 0.09%, 0, 0, 1, 18.65, 10611, 59, 0, 0
573, 126, 1, 5, 0, 0, 0.09%, 0, 0, 1, 18.94, 10708, 59, 0, 0
579, 128, 1, 5, 0, 0, 0.09%, 0, 0, 1, 18.75, 10806, 59, 0, 0
584, 129, 1, 5, 0, 0, 0.09%, 0, 0, 1, 18.50, 10902, 59, 0, 0
589, 130, 1, 5, 0, 0, 0.09%, 0, 0, 1, 18.42, 10994, 59, 0, 0
594, 131, 1, 5, 0, 0, 0.09%, 0, 0, 1, 18.30, 11086, 59, 0, 0
599, 132, 1, 5, 0, 0, 0.09%, 0, 0, 1, 18.27, 11178, 59, 0, 0
604, 133, 1, 5, 0, 0, 0.09%, 0, 0, 1, 18.50, 11274, 59, 0, 0
609, 134, 1, 5, 0, 0, 0.09%, 0, 0, 1, 18.35, 11366, 59, 0, 0
614, 135, 1, 5, 0, 0, 0.09%, 0, 0, 1, 18.46, 11462, 59, 0, 0
619, 137, 1, 5, 0, 0, 0.09%, 0, 0, 1, 18.52, 11558, 59, 0, 0
625, 138, 1, 5, 0, 0, 0.09%, 0, 0, 1, 18.51, 11654, 59, 0, 0
630, 139, 0, 5, 0, 0, 0.09%, 0, 0, 1, 18.86, 11752, 59, 0, 0
635, 140, 1, 5, 0, 0, 0.09%, 0, 0, 1, 18.53, 11848, 59, 0, 0
640, 141, 0, 5, 0, 0, 0.09%, 0, 0, 1, 18.30, 11940, 59, 0, 0
645, 142, 1, 5, 0, 0, 0.09%, 0, 0, 1, 18.45, 12032, 59, 0, 0
650, 143, 1, 5, 0, 0, 0.09%, 0, 0, 1, 18.53, 12128, 59, 0, 0
655, 145, 1, 5, 0, 0, 0.09%, 0, 0, 1, 18.48, 12224, 59, 0, 0
660, 146, 1, 5, 0, 0, 0.09%, 0, 0, 1, 18.56, 12320, 59, 0, 0
665, 147, 0, 5, 0, 0, 0.09%, 0, 0, 1, 18.44, 12412, 59, 0, 0
671, 148, 0, 5, 0, 0, 0.09%, 0, 0, 1, 18.59, 12508, 59, 0, 0
676, 149, 1, 5, 0, 0, 0.09%, 0, 0, 1, 18.64, 12604, 59, 0, 0
681, 150, 0, 5, 0, 0, 0.09%, 0, 0, 1, 18.62, 12700, 59, 0, 0
686, 151, 1, 5, 0, 0, 0.09%, 0, 0, 1, 18.53, 12796, 59, 0, 0
691, 152, 0, 5, 0, 0, 0.09%, 0, 0, 1, 18.44, 12892, 59, 0, 0
696, 154, 1, 5, 0, 0, 0.09%, 0, 0, 1, 18.50, 12988, 59, 0, 0
702, 155, 1, 5, 0, 0, 0.09%, 0, 0, 1, 18.51, 13084, 59, 0, 0
707, 156, 1, 5, 0, 0, 0.09%, 0, 0, 1, 18.34, 13176, 59, 0, 0
712, 157, 1, 5, 0, 0, 0.09%, 0, 0, 1, 18.21, 13268, 59, 0, 0
717, 158, 1, 5, 0, 0, 0.09%, 0, 0, 1, 18.18, 13360, 59, 0, 0
722, 159, 1, 5, 0, 0, 0.09%, 0, 0, 1, 18.53, 13456, 59, 0, 0
727, 160, 1, 5, 0, 0, 0.09%, 0, 0, 1, 18.52, 13552, 59, 0, 0
732, 161, 1, 5, 0, 0, 0.09%, 0, 0, 1, 19.07, 13648, 59, 0, 0
737, 163, 1, 5, 0, 0, 0.09%, 0, 0, 1, 18.50, 13741, 59, 0, 0
742, 164, 1, 5, 0, 0, 0.09%, 0, 0, 1, 18.13, 13833, 59, 0, 0
747, 165, 1, 5, 0, 0, 0.09%, 0, 0, 1, 18.49, 13929, 59, 0, 0
753, 166, 1, 5, 0, 0, 0.09%, 0, 0, 1, 17.84, 14021, 59, 0, 0
758, 167, 1, 5, 0, 0, 0.09%, 0, 0, 1, 17.34, 14109, 59, 0, 0
763, 168, 1, 5, 0, 0, 0.09%, 0, 0, 1, 17.11, 14197, 59, 0, 0
768, 169, 1, 5, 0, 0, 0.09%, 0, 0, 1, 17.77, 14289, 59, 0, 0
773, 170, 0, 5, 0, 0, 0.09%, 0, 0, 1, 18.77, 14385, 59, 0, 0
778, 171, 1, 5, 0, 0, 0.09%, 0, 0, 1, 18.96, 14483, 59, 0, 0
783, 173, 1, 5, 0, 0, 0.09%, 0, 0, 1, 18.90, 14579, 59, 0, 0
788, 174, 1, 5, 0, 0, 0.09%, 0, 0, 1, 19.00, 14676, 59, 0, 0
794, 175, 1, 5, 0, 0, 0.09%, 0, 0, 1, 18.81, 14773, 59, 0, 0
799, 176, 1, 5, 0, 0, 0.09%, 0, 0, 1, 18.76, 14869, 59, 0, 0
804, 177, 1, 5, 0, 0, 0.09%, 0, 0, 1, 18.83, 14965, 59, 0, 0
809, 178, 1, 5, 0, 0, 0.09%, 0, 0, 1, 18.31, 15057, 59, 0, 0
814, 179, 0, 5, 0, 0, 0.09%, 0, 0, 1, 17.83, 15145, 59, 0, 0
819, 180, 1, 5, 0, 0, 0.09%, 0, 0, 1, 18.10, 15237, 59, 0, 0
824, 182, 1, 5, 0, 0, 0.09%, 0, 0, 1, 18.39, 15333, 59, 0, 0
829, 183, 1, 5, 0, 0, 0.09%, 0, 0, 1, 18.47, 15429, 59, 0, 0
834, 184, 1, 5, 0, 0, 0.09%, 0, 0, 1, 18.31, 15521, 59, 0, 0
840, 185, 1, 5, 0, 0, 0.09%, 0, 0, 1, 18.13, 15613, 59, 0, 0
845, 186, 1, 5, 0, 0, 0.09%, 0, 0, 1, 18.47, 15709, 59, 0, 0
850, 187, 1, 5, 0, 0, 0.09%, 0, 0, 1, 18.93, 15805, 59, 0, 0
855, 188, 1, 5, 0, 0, 0.09%, 0, 0, 1, 19.18, 15902, 59, 0, 0
860, 189, 1, 5, 0, 0, 0.09%, 0, 0, 1, 19.00, 15999, 59, 0, 0
865, 191, 1, 5, 0, 0, 0.09%, 0, 0, 1, 18.68, 16095, 59, 0, 0
870, 192, 1, 5, 0, 0, 0.09%, 0, 0, 1, 18.44, 16191, 59, 0, 0
875, 193, 1, 5, 0, 0, 0.09%, 0, 0, 1, 19.01, 16288, 59, 0, 0
880, 194, 1, 5, 0, 0, 0.09%, 0, 0, 1, 18.78, 16384, 59, 0, 0
886, 195, 1, 5, 0, 0, 0.09%, 0, 0, 1, 18.66, 16480, 59, 0, 0
891, 196, 1, 5, 0, 0, 0.09%, 0, 0, 1, 18.98, 16577, 59, 0, 0
896, 197, 0, 5, 0, 0, 0.09%, 0, 0, 1, 18.52, 16669, 59, 0, 0
896, 198, 1, 5, 0, 0, 0.09%, 0, 0, 1, 18.21, 16680, 59, 0, 0
