# relative_time, cycles_done, cur_item, corpus_count, pending_total, pending_favs, map_size, saved_crashes, saved_hangs, max_depth, execs_per_sec, total_execs, edges_found, total_crashes, servers_count
61, 9, 1, 5, 0, 0, 0.28%, 0, 0, 1, 21.54, 1309, 184, 0, 0
66, 9, 1, 5, 0, 0, 0.28%, 0, 0, 1, 19.89, 1410, 184, 0, 0
71, 10, 1, 5, 0, 0, 0.28%, 0, 0, 1, 19.49, 1509, 184, 0, 0
76, 11, 1, 5, 0, 0, 0.28%, 0, 0, 1, 20.39, 1614, 184, 0, 0
81, 12, 1, 5, 0, 0, 0.28%, 0, 0, 1, 20.11, 1718, 184, 0, 0
86, 12, 1, 5, 0, 0, 0.28%, 0, 0, 1, 19.32, 1814, 184, 0, 0
91, 13, 1, 5, 0, 0, 0.28%, 0, 0, 1, 19.16, 1910, 184, 0, 0
96, 14, 1, 5, 0, 0, 0.28%, 0, 0, 1, 19.14, 2006, 184, 0, 0
101, 14, 1, 5, 0, 0, 0.28%, 0, 0, 1, 18.95, 2102, 184, 0, 0
107, 15, 1, 5, 0, 0, 0.28%, 0, 0, 1, 19.03, 2198, 184, 0, 0
112, 16, 1, 5, 0, 0, 0.28%, 0, 0, 1, 19.98, 2303, 184, 0, 0
117, 16, 1, 5, 0, 0, 0.28%, 0, 0, 1, 20.57, 2408, 184, 0, 0
122, 17, 1, 5, 0, 0, 0.28%, 0, 0, 1, 20.82, 2517, 184, 0, 0
127, 18, 1, 5, 0, 0, 0.28%, 0, 0, 1, 20.86, 2622, 184, 0, 0
132, 19, 1, 5, 0, 0, 0.28%, 0, 0, 1, 20.81, 2727, 184, 0, 0
137, 19, 1, 5, 0, 0, 0.28%, 0, 0, 1, 20.82, 2832, 184, 0, 0
142, 20, 1, 5, 0, 0, 0.28%, 0, 0, 1, 20.84, 2937, 184, 0, 0
147, 21, 1, 5, 0, 0, 0.28%, 0, 0, 1, 21.13, 3047, 184, 0, 0
152, 22, 1, 5, 0, 0, 0.28%, 0, 0, 1, 20.79, 3152, 184, 0, 0
157, 22, 1, 5, 0, 0, 0.28%, 0, 0, 1, 20.82, 3257, 184, 0, 0
163, 23, 1, 5, 0, 0, 0.28%, 0, 0, 1, 20.86, 3362, 184, 0, 0
168, 24, 1, 5, 0, 0, 0.28%, 0, 0, 1, 20.82, 3467, 184, 0, 0
173, 25, 1, 5, 0, 0, 0.28%, 0, 0, 1, 20.57, 3572, 184, 0, 0
178, 25, 1, 5, 0, 0, 0.28%, 0, 0, 1, 20.72, 3677, 184, 0, 0
183, 26, 1, 5, 0, 0, 0.28%, 0, 0, 1, 20.99, 3787, 184, 0, 0
188, 27, 1, 5, 0, 0, 0.28%, 0, 0, 1, 21.12, 3897, 184, 0, 0
193, 28, 1, 5, 0, 0, 0.28%, 0, 0, 1, 20.98, 4005, 184, 0, 0
198, 29, 1, 5, 0, 0, 0.28%, 0, 0, 1, 20.65, 4109, 184, 0, 0
203, 29, 1, 5, 0, 0, 0.28%, 0, 0, 1, 20.69, 4214, 184, 0, 0
208, 30, 1, 5, 0, 0, 0.28%, 0, 0, 1, 20.86, 4319, 184, 0, 0
213, 31, 1, 5, 0, 0, 0.28%, 0, 0, 1, 20.93, 4424, 184, 0, 0
218, 32, 1, 5, 0, 0, 0.28%, 0, 0, 1, 20.95, 4529, 184, 0, 0
224, 32, 1, 5, 0, 0, 0.28%, 0, 0, 1, 20.97, 4634, 184, 0, 0
229, 33, 1, 5, 0, 0, 0.28%, 0, 0, 1, 21.38, 4744, 184, 0, 0
234, 34, 1, 5, 0, 0, 0.28%, 0, 0, 1, 21.37, 4854, 184, 0, 0
239, 35, 1, 5, 0, 0, 0.28%, 0, 0, 1, 21.33, 4964, 184, 0, 0
244, 35, 1, 5, 0, 0, 0.28%, 0, 0, 1, 20.87, 5069, 184, 0, 0
249, 36, 1, 5, 0, 0, 0.28%, 0, 0, 1, 20.77, 5174, 184, 0, 0
254, 37, 1, 5, 0, 0, 0.28%, 0, 0, 1, 20.73, 5279, 184, 0, 0
259, 38, 1, 5, 0, 0, 0.28%, 0, 0, 1, 20.73, 5384, 184, 0, 0
264, 38, 1, 5, 0, 0, 0.28%, 0, 0, 1, 20.86, 5489, 184, 0, 0
269, 39, 1, 5, 0, 0, 0.28%, 0, 0, 1, 20.89, 5594, 184, 0, 0
274, 40, 1, 5, 0, 0, 0.28%, 0, 0, 1, 20.88, 5699, 184, 0, 0
279, 41, 1, 5, 0, 0, 0.28%, 0, 0, 1, 20.81, 5804, 184, 0, 0
284, 41, 1, 5, 0, 0, 0.28%, 0, 0, 1, 20.95, 5909, 184, 0, 0
289, 42, 1, 5, 0, 0, 0.28%, 0, 0, 1, 21.23, 6019, 184, 0, 0
295, 43, 1, 5, 0, 0, 0.28%, 0, 0, 1, 21.06, 6129, 184, 0, 0
300, 44, 1, 5, 0, 0, 0.28%, 0, 0, 1, 20.76, 6234, 184, 0, 0
305, 45, 1, 5, 0, 0, 0.28%, 0, 0, 1, 20.64, 6339, 184, 0, 0
310, 45, 1, 5, 0, 0, 0.28%, 0, 0, 1, 20.68, 6444, 184, 0, 0
315, 46, 1, 5, 0, 0, 0.28%, 0, 0, 1, 20.80, 6549, 184, 0, 0
320, 47, 1, 5, 0, 0, 0.28%, 0, 0, 1, 20.80, 6658, 184, 0, 0
325, 48, 1, 5, 0, 0, 0.28%, 0, 0, 1, 20.87, 6763, 184, 0, 0
330, 48, 1, 5, 0, 0, 0.28%, 0, 0, 1, 20.78, 6868, 184, 0, 0
335, 49, 1, 5, 0, 0, 0.28%, 0, 0, 1, 20.92, 6973, 184, 0, 0
341, 50, 1, 5, 0, 0, 0.28%, 0, 0, 1, 21.06, 7083, 184, 0, 0
346, 51, 1, 5, 0, 0, 0.28%, 0, 0, 1, 20.97, 7193, 184, 0, 0
351, 51, 1, 5, 0, 0, 0.28%, 0, 0, 1, 20.89, 7303, 184, 0, 0
356, 52, 1, 5, 0, 0, 0.28%, 0, 0, 1, 20.74, 7408, 184, 0, 0
361, 53, 1, 5, 0, 0, 0.28%, 0, 0, 1, 20.93, 7518, 184, 0, 0
366, 54, 1, 5, 0, 0, 0.28%, 0, 0, 1, 20.92, 7623, 184, 0, 0
371, 54, 1, 5, 0, 0, 0.28%, 0, 0, 1, 20.82, 7728, 184, 0, 0
377, 55, 1, 5, 0, 0, 0.28%, 0, 0, 1, 20.98, 7838, 184, 0, 0
382, 56, 1, 5, 0, 0, 0.28%, 0, 0, 1, 20.76, 7942, 184, 0, 0
387, 57, 1, 5, 0, 0, 0.28%, 0, 0, 1, 20.69, 8047, 184, 0, 0
392, 57, 1, 5, 0, 0, 0.28%, 0, 0, 1, 20.63, 8152, 184, 0, 0
397, 58, 1, 5, 0, 0, 0.28%, 0, 0, 1, 20.47, 8257, 184, 0, 0
402, 59, 1, 5, 0, 0, 0.28%, 0, 0, 1, 20.83, 8362, 184, 0, 0
407, 60, 1, 5, 0, 0, 0.28%, 0, 0, 1, 21.21, 8472, 184, 0, 0
412, 61, 1, 5, 0, 0, 0.28%, 0, 0, 1, 21.01, 8582, 184, 0, 0
417, 61, 1, 5, 0, 0, 0.28%, 0, 0, 1, 20.73, 8687, 184, 0, 0
422, 62, 1, 5, 0, 0, 0.28%, 0, 0, 1, 19.96, 8786, 184, 0, 0
428, 63, 1, 5, 0, 0, 0.28%, 0, 0, 1, 20.72, 8896, 184, 0, 0
433, 64, 1, 5, 0, 0, 0.28%, 0, 0, 1, 20.84, 9001, 184, 0, 0
438, 64, 1, 5, 0, 0, 0.28%, 0, 0, 1, 20.84, 9106, 184, 0, 0
443, 65, 1, 5, 0, 0, 0.28%, 0, 0, 1, 20.86, 9211, 184, 0, 0
448, 66, 1, 5, 0, 0, 0.28%, 0, 0, 1, 20.95, 9316, 184, 0, 0
453, 67, 1, 5, 0, 0, 0.28%, 0, 0, 1, 20.92, 9421, 184, 0, 0
458, 67, 1, 5, 0, 0, 0.28%, 0, 0, 1, 20.93, 9526, 184, 0, 0
463, 68, 1, 5, 0, 0, 0.28%, 0, 0, 1, 20.71, 9631, 184, 0, 0
468, 69, 1, 5, 0, 0, 0.28%, 0, 0, 1, 21.31, 9741, 184, 0, 0
473, 70, 1, 5, 0, 0, 0.28%, 0, 0, 1, 21.61, 9851, 184, 0, 0
478, 70, 1, 5, 0, 0, 0.28%, 0, 0, 1, 21.52, 9961, 184, 0, 0
483, 71, 1, 5, 0, 0, 0.28%, 0, 0, 1, 21.02, 10066, 184, 0, 0
488, 72, 1, 5, 0, 0, 0.28%, 0, 0, 1, 20.98, 10171, 184, 0, 0
493, 73, 1, 5, 0, 0, 0.28%, 0, 0, 1, 20.79, 10276, 184, 0, 0
498, 73, 1, 5, 0, 0, 0.28%, 0, 0, 1, 20.85, 10381, 184, 0, 0
503, 74, 1, 5, 0, 0, 0.28%, 0, 0, 1, 21.01, 10486, 184, 0, 0
509, 75, 1, 5, 0, 0, 0.28%, 0, 0, 1, 21.06, 10596, 184, 0, 0
514, 76, 1, 5, 0, 0, 0.28%, 0, 0, 1, 20.82, 10701, 184, 0, 0
519, 76, 1, 5, 0, 0, 0.28%, 0, 0, 1, 20.83, 10806, 184, 0, 0
524, 77, 1, 5, 0, 0, 0.28%, 0, 0, 1, 20.56, 10911, 184, 0, 0
529, 78, 1, 5, 0, 0, 0.28%, 0, 0, 1, 20.50, 11016, 184, 0, 0
534, 79, 1, 5, 0, 0, 0.28%, 0, 0, 1, 20.57, 11121, 184, 0, 0
539, 79, 1, 5, 0, 0, 0.28%, 0, 0, 1, 20.39, 11225, 184, 0, 0
544, 80, 1, 5, 0, 0, 0.28%, 0, 0, 1, 20.44, 11330, 184, 0, 0
549, 81, 1, 5, 0, 0, 0.28%, 0, 0, 1, 20.74, 11435, 184, 0, 0
555, 82, 1, 5, 0, 0, 0.28%, 0, 0, 1, 21.00, 11545, 184, 0, 0
560, 82, 1, 5, 0, 0, 0.28%, 0, 0, 1, 21.12, 11655, 184, 0, 0
565, 83, 1, 5, 0, 0, 0.28%, 0, 0, 1, 21.01, 11760, 184, 0, 0
570, 84, 1, 5, 0, 0, 0.28%, 0, 0, 1, 21.30, 11870, 184, 0, 0
575, 85, 1, 5, 0, 0, 0.28%, 0, 0, 1, 21.27, 11980, 184, 0, 0
580, 86, 1, 5, 0, 0, 0.28%, 0, 0, 1, 21.16, 12090, 184, 0, 0
585, 86, 1, 5, 0, 0, 0.28%, 0, 0, 1, 21.18, 12200, 184, 0, 0
591, 87, 1, 5, 0, 0, 0.28%, 0, 0, 1, 20.82, 12309, 184, 0, 0
596, 88, 1, 5, 0, 0, 0.28%, 0, 0, 1, 20.65, 12414, 184, 0, 0
601, 89, 1, 5, 0, 0, 0.28%, 0, 0, 1, 20.71, 12518, 184, 0, 0
606, 89, 1, 5, 0, 0, 0.28%, 0, 0, 1, 20.83, 12623, 184, 0, 0
611, 90, 1, 5, 0, 0, 0.28%, 0, 0, 1, 20.87, 12728, 184, 0, 0
616, 91, 1, 5, 0, 0, 0.28%, 0, 0, 1, 20.78, 12833, 184, 0, 0
621, 92, 1, 5, 0, 0, 0.28%, 0, 0, 1, 20.75, 12938, 184, 0, 0
626, 92, 1, 5, 0, 0, 0.28%, 0, 0, 1, 20.75, 13043, 184, 0, 0
631, 93, 1, 5, 0, 0, 0.28%, 0, 0, 1, 19.69, 13145, 184, 0, 0
636, 94, 1, 5, 0, 0, 0.28%, 0, 0, 1, 19.14, 13241, 184, 0, 0
641, 95, 1, 5, 0, 0, 0.28%, 0, 0, 1, 20.13, 13345, 184, 0, 0
647, 95, 1, 5, 0, 0, 0.28%, 0, 0, 1, 20.61, 13450, 184, 0, 0
652, 96, 1, 5, 0, 0, 0.28%, 0, 0, 1, 20.80, 13555, 184, 0, 0
657, 97, 1, 5, 0, 0, 0.28%, 0, 0, 1, 20.60, 13660, 184, 0, 0
662, 98, 1, 5, 0, 0, 0.28%, 0, 0, 1, 20.77, 13765, 184, 0, 0
667, 98, 1, 5, 0, 0, 0.28%, 0, 0, 1, 20.49, 13870, 184, 0, 0
672, 99, 1, 5, 0, 0, 0.28%, 0, 0, 1, 20.54, 13975, 184, 0, 0
677, 100, 1, 5, 0, 0, 0.28%, 0, 0, 1, 20.59, 14080, 184, 0, 0
682, 101, 1, 5, 0, 0, 0.28%, 0, 0, 1, 20.54, 14185, 184, 0, 0
687, 101, 1, 5, 0, 0, 0.28%, 0, 0, 1, 20.52, 14290, 184, 0, 0
692, 102, 1, 5, 0, 0, 0.28%, 0, 0, 1, 20.87, 14395, 184, 0, 0
697, 103, 1, 5, 0, 0, 0.28%, 0, 0, 1, 20.88, 14500, 184, 0, 0
702, 104, 1, 5, 0, 0, 0.28%, 0, 0, 1, 20.88, 14605, 184, 0, 0
708, 104, 1, 5, 0, 0, 0.28%, 0, 0, 1, 21.06, 14715, 184, 0, 0
713, 105, 1, 5, 0, 0, 0.28%, 0, 0, 1, 20.75, 14820, 184, 0, 0
718, 106, 1, 5, 0, 0, 0.28%, 0, 0, 1, 20.81, 14925, 184, 0, 0
723, 107, 1, 5, 0, 0, 0.28%, 0, 0, 1, 20.90, 15030, 184, 0, 0
728, 107, 1, 5, 0, 0, 0.28%, 0, 0, 1, 20.91, 15135, 184, 0, 0
733, 108, 1, 5, 0, 0, 0.28%, 0, 0, 1, 20.90, 15240, 184, 0, 0
738, 109, 1, 5, 0, 0, 0.28%, 0, 0, 1, 20.65, 15344, 184, 0, 0
743, 110, 1, 5, 0, 0, 0.28%, 0, 0, 1, 20.65, 15449, 184, 0, 0
748, 110, 1, 5, 0, 0, 0.28%, 0, 0, 1, 20.64, 15554, 184, 0, 0
753, 111, 1, 5, 0, 0, 0.28%, 0, 0, 1, 20.68, 15659, 184, 0, 0
758, 112, 1, 5, 0, 0, 0.28%, 0, 0, 1, 20.63, 15764, 184, 0, 0
763, 113, 1, 5, 0, 0, 0.28%, 0, 0, 1, 20.66, 15869, 184, 0, 0
768, 113, 1, 5, 0, 0, 0.28%, 0, 0, 1, 20.65, 15974, 184, 0, 0
774, 114, 1, 5, 0, 0, 0.28%, 0, 0, 1, 20.50, 16079, 184, 0, 0
779, 115, 1, 5, 0, 0, 0.28%, 0, 0, 1, 20.78, 16184, 184, 0, 0
784, 116, 1, 5, 0, 0, 0.28%, 0, 0, 1, 20.55, 16288, 184, 0, 0
789, 116, 1, 5, 0, 0, 0.28%, 0, 0, 1, 20.68, 16393, 184, 0, 0
794, 117, 1, 5, 0, 0, 0.28%, 0, 0, 1, 21.26, 16503, 184, 0, 0
799, 118, 1, 5, 0, 0, 0.28%, 0, 0, 1, 21.19, 16613, 184, 0, 0
804, 119, 1, 5, 0, 0, 0.28%, 0, 0, 1, 21.29, 16723, 184, 0, 0
809, 119, 1, 5, 0, 0, 0.28%, 0, 0, 1, 21.17, 16833, 184, 0, 0
815, 120, 1, 5, 0, 0, 0.28%, 0, 0, 1, 21.07, 16943, 184, 0, 0
820, 121, 1, 5, 0, 0, 0.28%, 0, 0, 1, 20.99, 17048, 184, 0, 0
825, 122, 1, 5, 0, 0, 0.28%, 0, 0, 1, 20.83, 17153, 184, 0, 0
830, 123, 1, 5, 0, 0, 0.28%, 0, 0, 1, 20.72, 17258, 184, 0, 0
835, 123, 1, 5, 0, 0, 0.28%, 0, 0, 1, 20.81, 17363, 184, 0, 0
840, 124, 1, 5, 0, 0, 0.28%, 0, 0, 1, 20.99, 17473, 184, 0, 0
845, 125, 1, 5, 0, 0, 0.28%, 0, 0, 1, 20.98, 17578, 184, 0, 0
850, 126, 1, 5, 0, 0, 0.28%, 0, 0, 1, 20.96, 17683, 184, 0, 0
855, 126, 1, 5, 0, 0, 0.28%, 0, 0, 1, 20.81, 17788, 184, 0, 0
860, 127, 1, 5, 0, 0, 0.28%, 0, 0, 1, 20.37, 17890, 184, 0, 0
865, 128, 1, 5, 0, 0, 0.28%, 0, 0, 1, 20.83, 17995, 184, 0, 0
870, 129, 1, 5, 0, 0, 0.28%, 0, 0, 1, 20.82, 18100, 184, 0, 0
875, 129, 1, 5, 0, 0, 0.28%, 0, 0, 1, 20.44, 18207, 184, 0, 0
881, 130, 1, 5, 0, 0, 0.28%, 0, 0, 1, 20.61, 18312, 184, 0, 0
886, 131, 1, 5, 0, 0, 0.28%, 0, 0, 1, 20.75, 18417, 184, 0, 0
891, 132, 1, 5, 0, 0, 0.28%, 0, 0, 1, 21.01, 18522, 184, 0, 0
896, 132, 1, 5, 0, 0, 0.28%, 0, 0, 1, 20.91, 18631, 184, 0, 0
897, 132, 1, 5, 0, 0, 0.28%, 0, 0, 1, 20.55, 18647, 184, 0, 0
