# relative_time, cycles_done, cur_item, corpus_count, pending_total, pending_favs, map_size, saved_crashes, saved_hangs, max_depth, execs_per_sec, total_execs, edges_found, total_crashes, servers_count
64, 3, 6, 7, 0, 0, 0.07%, 0, 0, 2, 8.84, 752, 47, 0, 0
69, 3, 6, 7, 0, 0, 0.07%, 0, 0, 2, 2.42, 780, 47, 0, 0
74, 4, 5, 7, 0, 0, 0.07%, 0, 0, 2, 48.54, 891, 47, 0, 0
80, 4, 0, 7, 0, 0, 0.07%, 0, 0, 2, 4.08, 990, 47, 0, 0
86, 4, 1, 7, 0, 0, 0.07%, 0, 0, 2, 2.55, 1050, 47, 0, 0
92, 5, 1, 7, 0, 0, 0.07%, 0, 0, 2, 3.54, 1079, 47, 0, 0
97, 5, 6, 7, 0, 0, 0.07%, 0, 0, 2, 44.84, 1149, 47, 0, 0
103, 5, 0, 7, 0, 0, 0.07%, 0, 0, 2, 0.52, 1159, 47, 0, 0
108, 6, 1, 7, 0, 0, 0.07%, 0, 0, 2, 6.26, 1238, 47, 0, 0
113, 6, 0, 7, 0, 0, 0.07%, 0, 0, 2, 20.33, 1266, 47, 0, 0
119, 6, 6, 7, 0, 0, 0.07%, 0, 0, 2, 3.48, 1298, 47, 0, 0
124, 6, 1, 7, 0, 0, 0.07%, 0, 0, 2, 4.86, 1341, 47, 0, 0
129, 6, 6, 7, 0, 0, 0.07%, 0, 0, 2, 1.26, 1385, 47, 0, 0
134, 7, 1, 7, 0, 0, 0.07%, 0, 0, 2, 24.29, 1452, 47, 0, 0
139, 7, 0, 7, 0, 0, 0.07%, 0, 0, 2, 2.76, 1518, 47, 0, 0
145, 7, 6, 7, 0, 0, 0.07%, 0, 0, 2, 1.05, 1541, 47, 0, 0
151, 7, 6, 7, 0, 0, 0.07%, 0, 0, 2, 2.14, 1562, 47, 0, 0
156, 8, 6, 7, 0, 0, 0.07%, 0, 0, 2, 46.76, 1641, 47, 0, 0
162, 8, 6, 7, 0, 0, 0.07%, 0, 0, 2, 6.96, 1690, 47, 0, 0
167, 8, 6, 7, 0, 0, 0.07%, 0, 0, 2, 3.08, 1775, 47, 0, 0
172, 8, 6, 7, 0, 0, 0.07%, 0, 0, 2, 12.84, 1835, 47, 0, 0
178, 9, 5, 7, 0, 0, 0.07%, 0, 0, 2, 26.26, 1917, 47, 0, 0
183, 9, 0, 7, 0, 0, 0.07%, 0, 0, 2, 47.43, 1968, 47, 0, 0
188, 9, 6, 7, 0, 0, 0.07%, 0, 0, 2, 12.01, 2006, 47, 0, 0
193, 9, 1, 7, 0, 0, 0.07%, 0, 0, 2, 2.61, 2029, 47, 0, 0
198, 10, 1, 7, 0, 0, 0.07%, 0, 0, 2, 11.74, 2081, 47, 0, 0
204, 10, 0, 7, 0, 0, 0.07%, 0, 0, 2, 2.53, 2114, 47, 0, 0
209, 10, 0, 7, 0, 0, 0.07%, 0, 0, 2, 1.07, 2157, 47, 0, 0
214, 10, 6, 7, 0, 0, 0.07%, 0, 0, 2, 1.36, 2163, 47, 0, 0
219, 11, 1, 7, 0, 0, 0.07%, 0, 0, 2, 56.79, 2237, 47, 0, 0
224, 11, 6, 7, 0, 0, 0.07%, 0, 0, 2, 27.38, 2268, 47, 0, 0
230, 11, 1, 7, 0, 0, 0.07%, 0, 0, 2, 5.35, 2288, 47, 0, 0
235, 11, 1, 7, 0, 0, 0.07%, 0, 0, 2, 1.63, 2300, 47, 0, 0
241, 11, 0, 7, 0, 0, 0.07%, 0, 0, 2, 1.05, 2343, 47, 0, 0
247, 11, 0, 7, 0, 0, 0.07%, 0, 0, 2, 2.11, 2367, 47, 0, 0
252, 11, 0, 7, 0, 0, 0.07%, 0, 0, 2, 2.29, 2380, 47, 0, 0
259, 12, 6, 7, 0, 0, 0.07%, 0, 0, 2, 3.04, 2423, 47, 0, 0
264, 12, 0, 7, 0, 0, 0.07%, 0, 0, 2, 36.17, 2517, 47, 0, 0
270, 12, 0, 7, 0, 0, 0.07%, 0, 0, 2, 2.42, 2549, 47, 0, 0
275, 13, 5, 7, 0, 0, 0.07%, 0, 0, 2, 8.85, 2577, 47, 0, 0
280, 13, 0, 7, 0, 0, 0.07%, 0, 0, 2, 28.89, 2650, 47, 0, 0
288, 13, 0, 7, 0, 0, 0.07%, 0, 0, 2, 0.30, 2681, 47, 0, 0
293, 13, 1, 7, 0, 0, 0.07%, 0, 0, 2, 4.39, 2698, 47, 0, 0
298, 14, 5, 7, 0, 0, 0.07%, 0, 0, 2, 4.98, 2735, 47, 0, 0
303, 14, 0, 7, 0, 0, 0.07%, 0, 0, 2, 2.28, 2757, 47, 0, 0
308, 14, 1, 7, 0, 0, 0.07%, 0, 0, 2, 2.89, 2798, 47, 0, 0
315, 14, 6, 7, 0, 0, 0.07%, 0, 0, 2, 1.55, 2816, 47, 0, 0
320, 14, 6, 7, 0, 0, 0.07%, 0, 0, 2, 1.90, 2830, 47, 0, 0
325, 14, 0, 7, 0, 0, 0.07%, 0, 0, 2, 8.95, 2866, 47, 0, 0
330, 14, 6, 7, 0, 0, 0.07%, 0, 0, 2, 1.56, 2902, 47, 0, 0
335, 15, 0, 7, 0, 0, 0.07%, 0, 0, 2, 2.90, 2924, 47, 0, 0
340, 15, 6, 7, 0, 0, 0.07%, 0, 0, 2, 3.36, 2941, 47, 0, 0
346, 15, 6, 7, 0, 0, 0.07%, 0, 0, 2, 2.86, 2983, 47, 0, 0
352, 15, 5, 7, 0, 0, 0.07%, 0, 0, 2, 6.71, 3027, 47, 0, 0
357, 16, 1, 7, 0, 0, 0.07%, 0, 0, 2, 41.04, 3148, 47, 0, 0
362, 16, 5, 7, 0, 0, 0.07%, 0, 0, 2, 2.68, 3163, 47, 0, 0
371, 16, 1, 7, 0, 0, 0.07%, 0, 0, 2, 1.30, 3227, 47, 0, 0
376, 16, 6, 7, 0, 0, 0.07%, 0, 0, 2, 4.42, 3274, 47, 0, 0
381, 16, 6, 7, 0, 0, 0.07%, 0, 0, 2, 4.98, 3297, 47, 0, 0
387, 17, 6, 7, 0, 0, 0.07%, 0, 0, 2, 1.36, 3321, 47, 0, 0
392, 17, 6, 7, 0, 0, 0.07%, 0, 0, 2, 1.07, 3344, 47, 0, 0
397, 17, 6, 7, 0, 0, 0.07%, 0, 0, 2, 2.40, 3486, 47, 0, 0
402, 17, 6, 7, 0, 0, 0.07%, 0, 0, 2, 3.21, 3498, 47, 0, 0
408, 18, 1, 7, 0, 0, 0.07%, 0, 0, 2, 8.88, 3553, 47, 0, 0
415, 18, 1, 7, 0, 0, 0.07%, 0, 0, 2, 0.61, 3565, 47, 0, 0
421, 18, 0, 7, 0, 0, 0.07%, 0, 0, 2, 1.05, 3596, 47, 0, 0
426, 18, 5, 7, 0, 0, 0.07%, 0, 0, 2, 3.46, 3650, 47, 0, 0
432, 18, 5, 7, 0, 0, 0.07%, 0, 0, 2, 2.72, 3656, 47, 0, 0
437, 19, 1, 7, 0, 0, 0.07%, 0, 0, 2, 1.93, 3688, 47, 0, 0
442, 19, 0, 7, 0, 0, 0.07%, 0, 0, 2, 2.04, 3739, 47, 0, 0
450, 19, 5, 7, 0, 0, 0.07%, 0, 0, 2, 0.27, 3756, 47, 0, 0
455, 19, 1, 7, 0, 0, 0.07%, 0, 0, 2, 6.41, 3784, 47, 0, 0
460, 19, 6, 7, 0, 0, 0.07%, 0, 0, 2, 2.16, 3818, 47, 0, 0
465, 19, 5, 7, 0, 0, 0.07%, 0, 0, 2, 11.10, 3843, 47, 0, 0
471, 20, 1, 7, 0, 0, 0.07%, 0, 0, 2, 2.26, 3881, 47, 0, 0
476, 20, 6, 7, 0, 0, 0.07%, 0, 0, 2, 11.78, 3907, 47, 0, 0
481, 20, 6, 7, 0, 0, 0.07%, 0, 0, 2, 8.20, 4005, 47, 0, 0
487, 21, 1, 7, 0, 0, 0.07%, 0, 0, 2, 13.85, 4084, 47, 0, 0
492, 21, 6, 7, 0, 0, 0.07%, 0, 0, 2, 39.92, 4120, 47, 0, 0
498, 21, 0, 7, 0, 0, 0.07%, 0, 0, 2, 6.12, 4149, 47, 0, 0
503, 21, 6, 7, 0, 0, 0.07%, 0, 0, 2, 1.85, 4172, 47, 0, 0
511, 21, 1, 7, 0, 0, 0.07%, 0, 0, 2, 2.67, 4197, 47, 0, 0
519, 21, 1, 7, 0, 0, 0.07%, 0, 0, 2, 1.73, 4219, 47, 0, 0
525, 22, 5, 7, 0, 0, 0.07%, 0, 0, 2, 11.93, 4251, 47, 0, 0
530, 22, 1, 7, 0, 0, 0.07%, 0, 0, 2, 3.50, 4302, 47, 0, 0
535, 22, 6, 7, 0, 0, 0.07%, 0, 0, 2, 8.18, 4357, 47, 0, 0
540, 23, 6, 7, 0, 0, 0.07%, 0, 0, 2, 46.51, 4418, 47, 0, 0
546, 23, 0, 7, 0, 0, 0.07%, 0, 0, 2, 1.04, 4496, 47, 0, 0
551, 23, 0, 7, 0, 0, 0.07%, 0, 0, 2, 0.27, 4502, 47, 0, 0
559, 23, 1, 7, 0, 0, 0.07%, 0, 0, 2, 10.22, 4542, 47, 0, 0
565, 23, 6, 7, 0, 0, 0.07%, 0, 0, 2, 5.03, 4579, 47, 0, 0
570, 24, 5, 7, 0, 0, 0.07%, 0, 0, 2, 41.10, 4660, 47, 0, 0
576, 24, 6, 7, 0, 0, 0.07%, 0, 0, 2, 7.58, 4733, 47, 0, 0
581, 24, 1, 7, 0, 0, 0.07%, 0, 0, 2, 18.80, 4765, 47, 0, 0
587, 25, 0, 7, 0, 0, 0.07%, 0, 0, 2, 4.00, 4808, 47, 0, 0
592, 25, 5, 7, 0, 0, 0.07%, 0, 0, 2, 26.83, 4885, 47, 0, 0
597, 25, 0, 7, 0, 0, 0.07%, 0, 0, 2, 4.13, 4910, 47, 0, 0
602, 25, 0, 7, 0, 0, 0.07%, 0, 0, 2, 3.87, 4932, 47, 0, 0
608, 26, 5, 7, 0, 0, 0.07%, 0, 0, 2, 39.30, 5009, 47, 0, 0
613, 26, 6, 7, 0, 0, 0.07%, 0, 0, 2, 2.18, 5072, 47, 0, 0
618, 26, 6, 7, 0, 0, 0.07%, 0, 0, 2, 2.35, 5083, 47, 0, 0
624, 27, 6, 7, 0, 0, 0.07%, 0, 0, 2, 4.19, 5139, 47, 0, 0
629, 27, 0, 7, 0, 0, 0.07%, 0, 0, 2, 2.04, 5182, 47, 0, 0
634, 27, 6, 7, 0, 0, 0.07%, 0, 0, 2, 2.28, 5207, 47, 0, 0
640, 27, 6, 7, 0, 0, 0.07%, 0, 0, 2, 23.19, 5254, 47, 0, 0
646, 27, 5, 7, 0, 0, 0.07%, 0, 0, 2, 1.57, 5296, 47, 0, 0
651, 28, 0, 7, 0, 0, 0.07%, 0, 0, 2, 4.18, 5329, 47, 0, 0
656, 28, 1, 7, 0, 0, 0.07%, 0, 0, 2, 4.97, 5351, 47, 0, 0
664, 28, 6, 7, 0, 0, 0.07%, 0, 0, 2, 1.13, 5378, 47, 0, 0
669, 28, 6, 7, 0, 0, 0.07%, 0, 0, 2, 14.42, 5462, 47, 0, 0
675, 28, 5, 7, 0, 0, 0.07%, 0, 0, 2, 3.90, 5491, 47, 0, 0
680, 29, 1, 7, 0, 0, 0.07%, 0, 0, 2, 2.99, 5539, 47, 0, 0
685, 29, 0, 7, 0, 0, 0.07%, 0, 0, 2, 6.54, 5602, 47, 0, 0
690, 29, 6, 7, 0, 0, 0.07%, 0, 0, 2, 44.90, 5663, 47, 0, 0
696, 30, 0, 7, 0, 0, 0.07%, 0, 0, 2, 0.55, 5682, 47, 0, 0
701, 30, 6, 7, 0, 0, 0.07%, 0, 0, 2, 36.40, 5726, 47, 0, 0
707, 30, 0, 7, 0, 0, 0.07%, 0, 0, 2, 1.09, 5767, 47, 0, 0
712, 30, 6, 7, 0, 0, 0.07%, 0, 0, 2, 1.97, 5807, 47, 0, 0
717, 30, 6, 7, 0, 0, 0.07%, 0, 0, 2, 2.00, 5816, 47, 0, 0
722, 30, 0, 7, 0, 0, 0.07%, 0, 0, 2, 17.22, 5847, 47, 0, 0
728, 31, 0, 7, 0, 0, 0.07%, 0, 0, 2, 2.12, 5921, 47, 0, 0
733, 31, 6, 7, 0, 0, 0.07%, 0, 0, 2, 3.84, 5982, 47, 0, 0
738, 32, 5, 7, 0, 0, 0.07%, 0, 0, 2, 44.12, 6086, 47, 0, 0
743, 32, 0, 7, 0, 0, 0.07%, 0, 0, 2, 3.78, 6130, 47, 0, 0
749, 32, 0, 7, 0, 0, 0.07%, 0, 0, 2, 4.05, 6147, 47, 0, 0
754, 32, 0, 7, 0, 0, 0.07%, 0, 0, 2, 4.06, 6167, 47, 0, 0
760, 32, 1, 7, 0, 0, 0.07%, 0, 0, 2, 4.77, 6193, 47, 0, 0
765, 33, 0, 7, 0, 0, 0.07%, 0, 0, 2, 6.37, 6200, 47, 0, 0
771, 33, 0, 7, 0, 0, 0.07%, 0, 0, 2, 5.16, 6214, 47, 0, 0
776, 33, 0, 7, 0, 0, 0.07%, 0, 0, 2, 8.16, 6237, 47, 0, 0
781, 33, 6, 7, 0, 0, 0.07%, 0, 0, 2, 3.32, 6243, 47, 0, 0
788, 33, 6, 7, 0, 0, 0.07%, 0, 0, 2, 0.54, 6256, 47, 0, 0
793, 33, 1, 7, 0, 0, 0.07%, 0, 0, 2, 8.42, 6303, 47, 0, 0
799, 34, 1, 7, 0, 0, 0.07%, 0, 0, 2, 19.08, 6404, 47, 0, 0
806, 34, 0, 7, 0, 0, 0.07%, 0, 0, 2, 2.28, 6449, 47, 0, 0
811, 34, 0, 7, 0, 0, 0.07%, 0, 0, 2, 27.67, 6525, 47, 0, 0
818, 35, 0, 7, 0, 0, 0.07%, 0, 0, 2, 0.57, 6567, 47, 0, 0
823, 35, 0, 7, 0, 0, 0.07%, 0, 0, 2, 1.70, 6572, 47, 0, 0
828, 35, 5, 7, 0, 0, 0.07%, 0, 0, 2, 4.48, 6632, 47, 0, 0
833, 35, 6, 7, 0, 0, 0.07%, 0, 0, 2, 7.46, 6696, 47, 0, 0
839, 35, 6, 7, 0, 0, 0.07%, 0, 0, 2, 0.54, 6708, 47, 0, 0
844, 36, 0, 7, 0, 0, 0.07%, 0, 0, 2, 47.20, 6759, 47, 0, 0
850, 36, 6, 7, 0, 0, 0.07%, 0, 0, 2, 7.60, 6836, 47, 0, 0
857, 36, 0, 7, 0, 0, 0.07%, 0, 0, 2, 0.27, 6893, 47, 0, 0
862, 36, 0, 7, 0, 0, 0.07%, 0, 0, 2, 2.23, 6911, 47, 0, 0
867, 37, 6, 7, 0, 0, 0.07%, 0, 0, 2, 33.54, 6942, 47, 0, 0
872, 37, 0, 7, 0, 0, 0.07%, 0, 0, 2, 2.82, 6980, 47, 0, 0
877, 37, 6, 7, 0, 0, 0.07%, 0, 0, 2, 45.58, 7092, 47, 0, 0
883, 38, 5, 7, 0, 0, 0.07%, 0, 0, 2, 18.99, 7200, 47, 0, 0
890, 38, 0, 7, 0, 0, 0.07%, 0, 0, 2, 0.79, 7256, 47, 0, 0
897, 38, 5, 7, 0, 0, 0.07%, 0, 0, 2, 1.89, 7274, 47, 0, 0
