# relative_time, cycles_done, cur_item, corpus_count, pending_total, pending_favs, map_size, saved_crashes, saved_hangs, max_depth, execs_per_sec, total_execs, edges_found, total_crashes, servers_count
61, 13, 1, 5, 0, 0, 0.09%, 0, 0, 1, 18.17, 1161, 59, 0, 0
66, 14, 0, 5, 0, 0, 0.09%, 0, 0, 1, 18.19, 1253, 59, 0, 0
71, 15, 1, 5, 0, 0, 0.09%, 0, 0, 1, 18.20, 1345, 59, 0, 0
76, 16, 1, 5, 0, 0, 0.09%, 0, 0, 1, 18.18, 1437, 59, 0, 0
81, 17, 1, 5, 0, 0, 0.09%, 0, 0, 1, 18.04, 1529, 59, 0, 0
86, 18, 1, 5, 0, 0, 0.09%, 0, 0, 1, 18.09, 1621, 59, 0, 0
91, 19, 1, 5, 0, 0, 0.09%, 0, 0, 1, 18.22, 1713, 59, 0, 0
97, 21, 1, 5, 0, 0, 0.09%, 0, 0, 1, 18.48, 1809, 59, 0, 0
102, 22, 0, 5, 0, 0, 0.09%, 0, 0, 1, 18.22, 1901, 59, 0, 0
107, 23, 0, 5, 0, 0, 0.09%, 0, 0, 1, 18.08, 1993, 59, 0, 0
112, 24, 1, 5, 0, 0, 0.09%, 0, 0, 1, 18.20, 2085, 59, 0, 0
117, 25, 1, 5, 0, 0, 0.09%, 0, 0, 1, 18.13, 2177, 59, 0, 0
122, 26, 1, 5, 0, 0, 0.09%, 0, 0, 1, 18.16, 2269, 59, 0, 0
127, 27, 1, 5, 0, 0, 0.09%, 0, 0, 1, 18.30, 2361, 59, 0, 0
132, 28, 1, 5, 0, 0, 0.09%, 0, 0, 1, 18.21, 2453, 59, 0, 0
137, 29, 1, 5, 0, 0, 0.09%, 0, 0, 1, 18.29, 2545, 59, 0, 0
142, 30, 1, 5, 0, 0, 0.09%, 0, 0, 1, 18.29, 2637, 59, 0, 0
147, 31, 1, 5, 0, 0, 0.09%, 0, 0, 1, 18.43, 2729, 59, 0, 0
152, 33, 1, 5, 0, 0, 0.09%, 0, 0, 1, 18.42, 2821, 59, 0, 0
157, 34, 1, 5, 0, 0, 0.09%, 0, 0, 1, 18.45, 2917, 59, 0, 0
162, 35, 0, 5, 0, 0, 0.09%, 0, 0, 1, 18.29, 3009, 59, 0, 0
167, 36, 1, 5, 0, 0, 0.09%, 0, 0, 1, 18.14, 3101, 59, 0, 0
172, 37, 1, 5, 0, 0, 0.09%, 0, 0, 1, 18.19, 3193, 59, 0, 0
178, 38, 1, 5, 0, 0, 0.09%, 0, 0, 1, 18.46, 3289, 59, 0, 0
183, 39, 1, 5, 0, 0, 0.09%, 0, 0, 1, 18.52, 3385, 59, 0, 0
188, 40, 1, 5, 0, 0, 0.09%, 0, 0, 1, 18.57, 3481, 59, 0, 0
193, 42, 1, 5, 0, 0, 0.09%, 0, 0, 1, 18.41, 3577, 59, 0, 0
198, 43, 1, 5, 0, 0, 0.09%, 0, 0, 1, 18.17, 3669, 59, 0, 0
203, 44, 1, 5, 0, 0, 0.09%, 0, 0, 1, 18.06, 3761, 59, 0, 0
208, 45, 1, 5, 0, 0, 0.09%, 0, 0, 1, 18.06, 3853, 59, 0, 0
214, 46, 1, 5, 0, 0, 0.09%, 0, 0, 1, 18.17, 3945, 59, 0, 0
219, 47, 1, 5, 0, 0, 0.09%, 0, 0, 1, 18.30, 4037, 59, 0, 0
224, 48, 1, 5, 0, 0, 0.09%, 0, 0, 1, 18.31, 4129, 59, 0, 0
229, 49, 1, 5, 0, 0, 0.09%, 0, 0, 1, 18.51, 4225, 59, 0, 0
234, 50, 1, 5, 0, 0, 0.09%, 0, 0, 1, 18.24, 4317, 59, 0, 0
239, 51, 0, 5, 0, 0, 0.09%, 0, 0, 1, 18.16, 4409, 59, 0, 0
244, 53, 1, 5, 0, 0, 0.09%, 0, 0, 1, 18.25, 4501, 59, 0, 0
249, 54, 1, 5, 0, 0, 0.09%, 0, 0, 1, 18.38, 4593, 59, 0, 0
254, 55, 1, 5, 0, 0, 0.09%, 0, 0, 1, 18.35, 4685, 59, 0, 0
259, 56, 1, 5, 0, 0, 0.09%, 0, 0, 1, 18.08, 4777, 59, 0, 0
264, 57, 1, 5, 0, 0, 0.09%, 0, 0, 1, 18.33, 4869, 59, 0, 0
269, 58, 1, 5, 0, 0, 0.09%, 0, 0, 1, 18.18, 4961, 59, 0, 0
274, 59, 1, 5, 0, 0, 0.09%, 0, 0, 1, 18.17, 5053, 59, 0, 0
279, 60, 0, 5, 0, 0, 0.09%, 0, 0, 1, 18.04, 5145, 59, 0, 0
284, 61, 1, 5, 0, 0, 0.09%, 0, 0, 1, 18.20, 5237, 59, 0, 0
290, 62, 0, 5, 0, 0, 0.09%, 0, 0, 1, 18.38, 5333, 59, 0, 0
295, 64, 1, 5, 0, 0, 0.09%, 0, 0, 1, 18.49, 5429, 59, 0, 0
300, 65, 1, 5, 0, 0, 0.09%, 0, 0, 1, 18.62, 5525, 59, 0, 0
305, 66, 1, 5, 0, 0, 0.09%, 0, 0, 1, 18.72, 5621, 59, 0, 0
310, 67, 1, 5, 0, 0, 0.09%, 0, 0, 1, 18.64, 5717, 59, 0, 0
315, 68, 1, 5, 0, 0, 0.09%, 0, 0, 1, 18.73, 5813, 59, 0, 0
320, 69, 0, 5, 0, 0, 0.09%, 0, 0, 1, 18.00, 5905, 59, 0, 0
325, 70, 1, 5, 0, 0, 0.09%, 0, 0, 1, 17.35, 5989, 59, 0, 0
330, 71, 1, 5, 0, 0, 0.09%, 0, 0, 1, 18.06, 6081, 59, 0, 0
335, 72, 0, 5, 0, 0, 0.09%, 0, 0, 1, 18.21, 6173, 59, 0, 0
340, 74, 0, 5, 0, 0, 0.09%, 0, 0, 1, 18.44, 6265, 59, 0, 0
346, 75, 1, 5, 0, 0, 0.09%, 0, 0, 1, 18.83, 6361, 59, 0, 0
351, 76, 1, 5, 0, 0, 0.09%, 0, 0, 1, 18.87, 6458, 59, 0, 0
356, 77, 1, 5, 0, 0, 0.09%, 0, 0, 1, 18.56, 6554, 59, 0, 0
361, 78, 1, 5, 0, 0, 0.09%, 0, 0, 1, 18.37, 6646, 59, 0, 0
366, 79, 1, 5, 0, 0, 0.09%, 0, 0, 1, 18.30, 6738, 59, 0, 0
371, 80, 1, 5, 0, 0, 0.09%, 0, 0, 1, 18.41, 6830, 59, 0, 0
376, 81, 1, 5, 0, 0, 0.09%, 0, 0, 1, 18.33, 6922, 59, 0, 0
381, 82, 1, 5, 0, 0, 0.09%, 0, 0, 1, 18.35, 7014, 59, 0, 0
386, 84, 1, 5, 0, 0, 0.09%, 0, 0, 1, 18.32, 7106, 59, 0, 0
391, 85, 1, 5, 0, 0, 0.09%, 0, 0, 1, 18.39, 7198, 59, 0, 0
396, 86, 1, 5, 0, 0, 0.09%, 0, 0, 1, 18.34, 7290, 59, 0, 0
401, 87, 0, 5, 0, 0, 0.09%, 0, 0, 1, 18.50, 7386, 59, 0, 0
406, 88, 1, 5, 0, 0, 0.09%, 0, 0, 1, 18.18, 7478, 59, 0, 0
411, 89, 1, 5, 0, 0, 0.09%, 0, 0, 1, 18.18, 7570, 59, 0, 0
416, 90, 1, 5, 0, 0, 0.09%, 0, 0, 1, 18.23, 7662, 59, 0, 0
422, 91, 1, 5, 0, 0, 0.09%, 0, 0, 1, 18.03, 7754, 59, 0, 0
427, 92, 1, 5, 0, 0, 0.09%, 0, 0, 1, 17.91, 7846, 59, 0, 0
432, 93, 1, 5, 0, 0, 0.09%, 0, 0, 1, 18.01, 7938, 59, 0, 0
437, 95, 0, 5, 0, 0, 0.09%, 0, 0, 1, 17.97, 8030, 59, 0, 0
442, 96, 0, 5, 0, 0, 0.09%, 0, 0, 1, 18.11, 8122, 59, 0, 0
447, 97, 0, 5, 0, 0, 0.09%, 0, 0, 1, 17.96, 8214, 59, 0, 0
452, 98, 1, 5, 0, 0, 0.09%, 0, 0, 1, 18.13, 8306, 59, 0, 0
457, 99, 1, 5, 0, 0, 0.09%, 0, 0, 1, 18.29, 8398, 59, 0, 0
462, 100, 1, 5, 0, 0, 0.09%, 0, 0, 1, 18.12, 8490, 59, 0, 0
467, 101, 1, 5, 0, 0, 0.09%, 0, 0, 1, 18.02, 8582, 59, 0, 0
473, 102, 1, 5, 0, 0, 0.09%, 0, 0, 1, 18.21, 8674, 59, 0, 0
478, 103, 1, 5, 0, 0, 0.09%, 0, 0, 1, 18.53, 8770, 59, 0, 0
483, 104, 1, 5, 0, 0, 0.09%, 0, 0, 1, 18.41, 8862, 59, 0, 0
488, 106, 1, 5, 0, 0, 0.09%, 0, 0, 1, 18.48, 8958, 59, 0, 0
493, 107, 1, 5, 0, 0, 0.09%, 0, 0, 1, 18.35, 9050, 59, 0, 0
498, 108, 1, 5, 0, 0, 0.09%, 0, 0, 1, 18.27, 9142, 59, 0, 0
503, 109, 1, 5, 0, 0, 0.09%, 0, 0, 1, 18.23, 9234, 59, 0, 0
508, 110, 1, 5, 0, 0, 0.09%, 0, 0, 1, 18.25, 9326, 59, 0, 0
513, 111, 1, 5, 0, 0, 0.09%, 0, 0, 1, 18.14, 9418, 59, 0, 0
518, 112, 0, 5, 0, 0, 0.09%, 0, 0, 1, 18.11, 9510, 59, 0, 0
523, 113, 1, 5, 0, 0, 0.09%, 0, 0, 1, 18.13, 9602, 59, 0, 0
528, 114, 1, 5, 0, 0, 0.09%, 0, 0, 1, 18.25, 9694, 59, 0, 0
533, 115, 1, 5, 0, 0, 0.09%, 0, 0, 1, 18.26, 9786, 59, 0, 0
538, 117, 1, 5, 0, 0, 0.09%, 0, 0, 1, 18.20, 9878, 59, 0, 0
544, 118, 1, 5, 0, 0, 0.09%, 0, 0, 1, 18.22, 9970, 59, 0, 0
549, 119, 1, 5, 0, 0, 0.09%, 0, 0, 1, 18.22, 10062, 59, 0, 0
554, 120, 0, 5, 0, 0, 0.09%, 0, 0, 1, 18.24, 10154, 59, 0, 0
559, 121, 1, 5, 0, 0, 0.09%, 0, 0, 1, 18.17, 10246, 59, 0, 0
564, 122, 1, 5, 0, 0, 0.09%, 0, 0, 1, 18.46, 10338, 59, 0, 0
569, 123, 1, 5, 0, 0, 0.09%, 0, 0, 1, 18.51, 10434, 59, 0, 0
574, 124, 0, 5, 0, 0, 0.09%, 0, 0, 1, 18.38, 10530, 59, 0, 0
579, 125, 1, 5, 0, 0, 0.09%, 0, 0, 1, 18.58, 10626, 59, 0, 0
584, 127, 1, 5, 0, 0, 0.09%, 0, 0, 1, 18.40, 10718, 59, 0, 0
589, 128, 1, 5, 0, 0, 0.09%, 0, 0, 1, 18.25, 10810, 59, 0, 0
594, 129, 1, 5, 0, 0, 0.09%, 0, 0, 1, 18.20, 10902, 59, 0, 0
599, 130, 0, 5, 0, 0, 0.09%, 0, 0, 1, 18.21, 10994, 59, 0, 0
604, 131, 1, 5, 0, 0, 0.09%, 0, 0, 1, 18.23, 11086, 59, 0, 0
610, 132, 0, 5, 0, 0, 0.09%, 0, 0, 1, 18.19, 11178, 59, 0, 0
615, 133, 1, 5, 0, 0, 0.09%, 0, 0, 1, 18.21, 11270, 59, 0, 0
620, 134, 1, 5, 0, 0, 0.09%, 0, 0, 1, 18.29, 11362, 59, 0, 0
625, 135, 1, 5, 0, 0, 0.09%, 0, 0, 1, 18.36, 11454, 59, 0, 0
630, 136, 1, 5, 0, 0, 0.09%, 0, 0, 1, 18.34, 11550, 59, 0, 0
635, 138, 1, 5, 0, 0, 0.09%, 0, 0, 1, 18.32, 11642, 59, 0, 0
640, 139, 1, 5, 0, 0, 0.09%, 0, 0, 1, 18.19, 11734, 59, 0, 0
645, 140, 1, 5, 0, 0, 0.09%, 0, 0, 1, 17.92, 11826, 59, 0, 0
650, 141, 1, 5, 0, 0, 0.09%, 0, 0, 1, 17.48, 11910, 59, 0, 0
655, 142, 1, 5, 0, 0, 0.09%, 0, 0, 1, 18.50, 12006, 59, 0, 0
660, 143, 1, 5, 0, 0, 0.09%, 0, 0, 1, 18.70, 12102, 59, 0, 0
666, 144, 0, 5, 0, 0, 0.09%, 0, 0, 1, 18.56, 12198, 59, 0, 0
671, 145, 0, 5, 0, 0, 0.09%, 0, 0, 1, 18.46, 12294, 59, 0, 0
676, 146, 1, 5, 0, 0, 0.09%, 0, 0, 1, 18.45, 12390, 59, 0, 0
681, 148, 1, 5, 0, 0, 0.09%, 0, 0, 1, 18.39, 12482, 59, 0, 0
686, 149, 1, 5, 0, 0, 0.09%, 0, 0, 1, 18.22, 12574, 59, 0, 0
691, 150, 1, 5, 0, 0, 0.09%, 0, 0, 1, 18.11, 12666, 59, 0, 0
696, 151, 1, 5, 0, 0, 0.09%, 0, 0, 1, 18.24, 12758, 59, 0, 0
701, 152, 1, 5, 0, 0, 0.09%, 0, 0, 1, 18.31, 12850, 59, 0, 0
706, 153, 1, 5, 0, 0, 0.09%, 0, 0, 1, 18.21, 12942, 59, 0, 0
711, 154, 1, 5, 0, 0, 0.09%, 0, 0, 1, 17.93, 13034, 59, 0, 0
717, 155, 1, 5, 0, 0, 0.09%, 0, 0, 1, 18.25, 13126, 59, 0, 0
722, 156, 0, 5, 0, 0, 0.09%, 0, 0, 1, 18.25, 13218, 59, 0, 0
727, 157, 1, 5, 0, 0, 0.09%, 0, 0, 1, 17.26, 13306, 59, 0, 0
732, 158, 1, 5, 0, 0, 0.09%, 0, 0, 1, 16.57, 13390, 59, 0, 0
737, 159, 1, 5, 0, 0, 0.09%, 0, 0, 1, 16.35, 13474, 59, 0, 0
742, 160, 1, 5, 0, 0, 0.09%, 0, 0, 1, 17.71, 13566, 59, 0, 0
747, 162, 0, 5, 0, 0, 0.09%, 0, 0, 1, 18.14, 13658, 59, 0, 0
752, 163, 1, 5, 0, 0, 0.09%, 0, 0, 1, 18.26, 13750, 59, 0, 0
757, 164, 1, 5, 0, 0, 0.09%, 0, 0, 1, 18.23, 13842, 59, 0, 0
762, 165, 1, 5, 0, 0, 0.09%, 0, 0, 1, 18.25, 13934, 59, 0, 0
767, 166, 1, 5, 0, 0, 0.09%, 0, 0, 1, 18.40, 14026, 59, 0, 0
772, 167, 1, 5, 0, 0, 0.09%, 0, 0, 1, 18.33, 14118, 59, 0, 0
777, 168, 1, 5, 0, 0, 0.09%, 0, 0, 1, 18.42, 14210, 59, 0, 0
782, 169, 0, 5, 0, 0, 0.09%, 0, 0, 1, 18.40, 14302, 59, 0, 0
787, 170, 1, 5, 0, 0, 0.09%, 0, 0, 1, 18.25, 14394, 59, 0, 0
792, 171, 0, 5, 0, 0, 0.09%, 0, 0, 1, 18.20, 14486, 59, 0, 0
797, 173, 1, 5, 0, 0, 0.09%, 0, 0, 1, 18.03, 14578, 59, 0, 0
803, 174, 1, 5, 0, 0, 0.09%, 0, 0, 1, 17.98, 14670, 59, 0, 0
808, 175, 1, 5, 0, 0, 0.09%, 0, 0, 1, 18.05, 14762, 59, 0, 0
813, 176, 1, 5, 0, 0, 0.09%, 0, 0, 1, 18.15, 14854, 59, 0, 0
818, 177, 0, 5, 0, 0, 0.09%, 0, 0, 1, 17.90, 14946, 59, 0, 0
823, 178, 1, 5, 0, 0, 0.09%, 0, 0, 1, 17.99, 15038, 59, 0, 0
828, 179, 1, 5, 0, 0, 0.09%, 0, 0, 1, 17.91, 15130, 59, 0, 0
833, 180, 1, 5, 0, 0, 0.09%, 0, 0, 1, 18.18, 15222, 59, 0, 0
838, 181, 1, 5, 0, 0, 0.09%, 0, 0, 1, 18.41, 15318, 59, 0, 0
843, 182, 1, 5, 0, 0, 0.09%, 0, 0, 1, 18.38, 15410, 59, 0, 0
849, 184, 1, 5, 0, 0, 0.09%, 0, 0, 1, 18.43, 15506, 59, 0, 0
854, 185, 1, 5, 0, 0, 0.09%, 0, 0, 1, 18.25, 15598, 59, 0, 0
859, 186, 1, 5, 0, 0, 0.09%, 0, 0, 1, 17.97, 15690, 59, 0, 0
864, 187, 1, 5, 0, 0, 0.09%, 0, 0, 1, 18.05, 15782, 59, 0, 0
869, 188, 1, 5, 0, 0, 0.09%, 0, 0, 1, 18.06, 15874, 59, 0, 0
874, 189, 1, 5, 0, 0, 0.09%, 0, 0, 1, 18.12, 15966, 59, 0, 0
879, 190, 1, 5, 0, 0, 0.09%, 0, 0, 1, 18.05, 16058, 59, 0, 0
884, 191, 1, 5, 0, 0, 0.09%, 0, 0, 1, 18.00, 16150, 59, 0, 0
889, 192, 1, 5, 0, 0, 0.09%, 0, 0, 1, 17.89, 16242, 59, 0, 0
895, 193, 1, 5, 0, 0, 0.09%, 0, 0, 1, 17.97, 16334, 59, 0, 0
896, 194, 1, 5, 0, 0, 0.09%, 0, 0, 1, 0.00, 16362, 59, 0, 0
