# relative_time, cycles_done, cur_item, corpus_count, pending_total, pending_favs, map_size, saved_crashes, saved_hangs, max_depth, execs_per_sec, total_execs, edges_found, total_crashes, servers_count
64, 0, 1, 5, 0, 0, 0.24%, 1, 0, 1, 0.27, 68, 157, 31, 0
70, 0, 1, 5, 0, 0, 0.24%, 1, 0, 1, 2.00, 72, 157, 34, 0
75, 0, 1, 5, 0, 0, 0.24%, 1, 0, 1, 1.79, 76, 157, 38, 0
83, 0, 1, 5, 0, 0, 0.24%, 1, 0, 1, 0.25, 79, 157, 41, 0
89, 0, 1, 5, 0, 0, 0.24%, 1, 0, 1, 4.20, 86, 157, 45, 0
95, 0, 1, 5, 0, 0, 0.24%, 1, 0, 1, 0.25, 93, 157, 51, 0
101, 0, 1, 5, 0, 0, 0.24%, 1, 0, 1, 2.96, 97, 157, 54, 0
109, 0, 1, 5, 0, 0, 0.24%, 1, 0, 1, 0.25, 106, 157, 59, 0
116, 0, 1, 5, 0, 0, 0.24%, 1, 0, 1, 0.25, 113, 157, 64, 0
123, 0, 1, 5, 0, 0, 0.24%, 1, 0, 1, 1.85, 121, 157, 68, 0
128, 0, 1, 5, 0, 0, 0.24%, 1, 0, 1, 1.73, 125, 157, 71, 0
133, 0, 1, 5, 0, 0, 0.24%, 1, 0, 1, 1.68, 131, 157, 74, 0
141, 0, 1, 5, 0, 0, 0.24%, 1, 0, 1, 0.59, 136, 157, 78, 0
150, 0, 1, 5, 0, 0, 0.24%, 1, 0, 1, 0.28, 143, 157, 82, 0
158, 0, 1, 5, 0, 0, 0.24%, 1, 0, 1, 3.14, 150, 157, 85, 0
163, 0, 1, 5, 0, 0, 0.24%, 1, 0, 1, 0.25, 152, 157, 87, 0
168, 0, 1, 5, 0, 0, 0.24%, 1, 0, 1, 0.50, 160, 157, 90, 0
175, 0, 1, 5, 0, 0, 0.24%, 1, 0, 1, 0.49, 163, 157, 92, 0
182, 0, 1, 5, 0, 0, 0.24%, 1, 0, 1, 0.55, 166, 157, 95, 0
189, 1, 1, 5, 0, 0, 0.24%, 1, 0, 1, 0.73, 172, 157, 98, 0
195, 1, 1, 5, 0, 0, 0.24%, 1, 0, 1, 0.29, 179, 157, 102, 0
200, 1, 1, 5, 0, 0, 0.24%, 1, 0, 1, 0.36, 183, 157, 104, 0
207, 1, 1, 5, 0, 0, 0.24%, 1, 0, 1, 1.65, 187, 157, 108, 0
213, 1, 1, 5, 0, 0, 0.24%, 1, 0, 1, 1.66, 191, 157, 111, 0
221, 1, 1, 5, 0, 0, 0.24%, 1, 0, 1, 0.26, 196, 157, 116, 0
229, 1, 1, 5, 0, 0, 0.24%, 1, 0, 1, 0.27, 199, 157, 119, 0
234, 1, 1, 5, 0, 0, 0.24%, 1, 0, 1, 0.31, 202, 157, 121, 0
242, 1, 1, 5, 0, 0, 0.24%, 1, 0, 1, 0.30, 204, 157, 123, 0
247, 1, 1, 5, 0, 0, 0.24%, 1, 0, 1, 0.25, 207, 157, 125, 0
254, 1, 1, 5, 0, 0, 0.24%, 1, 0, 1, 0.25, 209, 157, 127, 0
261, 1, 1, 5, 0, 0, 0.24%, 1, 0, 1, 0.33, 212, 157, 130, 0
267, 1, 1, 5, 0, 0, 0.24%, 1, 0, 1, 0.44, 219, 157, 132, 0
275, 1, 1, 5, 0, 0, 0.24%, 1, 0, 1, 0.53, 225, 157, 135, 0
283, 1, 1, 5, 0, 0, 0.24%, 1, 0, 1, 0.26, 233, 157, 137, 0
291, 1, 1, 5, 0, 0, 0.24%, 1, 0, 1, 1.46, 238, 157, 141, 0
296, 1, 1, 5, 0, 0, 0.24%, 1, 0, 1, 1.68, 245, 157, 146, 0
302, 1, 1, 5, 0, 0, 0.24%, 1, 0, 1, 0.27, 247, 157, 148, 0
308, 1, 1, 5, 0, 0, 0.24%, 1, 0, 1, 0.48, 252, 157, 151, 0
315, 1, 1, 5, 0, 0, 0.24%, 1, 0, 1, 0.42, 256, 157, 155, 0
322, 1, 1, 5, 0, 0, 0.24%, 1, 0, 1, 0.56, 261, 157, 159, 0
329, 1, 1, 5, 0, 0, 0.24%, 1, 0, 1, 0.53, 263, 157, 161, 0
334, 1, 1, 5, 0, 0, 0.24%, 1, 0, 1, 2.16, 268, 157, 165, 0
339, 1, 1, 5, 0, 0, 0.24%, 1, 0, 1, 1.98, 274, 157, 168, 0
346, 1, 1, 5, 0, 0, 0.24%, 1, 0, 1, 1.68, 287, 157, 173, 0
352, 1, 1, 5, 0, 0, 0.24%, 1, 0, 1, 0.32, 291, 157, 176, 0
357, 1, 1, 5, 0, 0, 0.24%, 1, 0, 1, 5.52, 304, 157, 181, 0
363, 1, 1, 5, 0, 0, 0.24%, 1, 0, 1, 0.34, 306, 157, 183, 0
371, 1, 1, 5, 0, 0, 0.24%, 1, 0, 1, 0.77, 311, 157, 186, 0
377, 2, 1, 5, 0, 0, 0.24%, 1, 0, 1, 0.75, 314, 157, 188, 0
384, 2, 1, 5, 0, 0, 0.24%, 1, 0, 1, 0.78, 319, 157, 192, 0
390, 2, 1, 5, 0, 0, 0.24%, 1, 0, 1, 0.72, 321, 157, 194, 0
397, 2, 1, 5, 0, 0, 0.24%, 1, 0, 1, 0.76, 325, 157, 197, 0
403, 2, 1, 5, 0, 0, 0.24%, 1, 0, 1, 0.26, 330, 157, 201, 0
410, 2, 1, 5, 0, 0, 0.24%, 1, 0, 1, 0.25, 335, 157, 205, 0
416, 2, 1, 5, 0, 0, 0.24%, 1, 0, 1, 0.50, 342, 157, 207, 0
421, 2, 1, 5, 0, 0, 0.24%, 1, 0, 1, 10.33, 352, 157, 211, 0
428, 2, 1, 5, 0, 0, 0.24%, 1, 0, 1, 0.25, 360, 157, 215, 0
436, 2, 1, 5, 0, 0, 0.24%, 1, 0, 1, 0.28, 364, 157, 217, 0
441, 2, 1, 5, 0, 0, 0.24%, 1, 0, 1, 2.11, 367, 157, 220, 0
449, 2, 1, 5, 0, 0, 0.24%, 1, 0, 1, 0.79, 372, 157, 223, 0
455, 2, 1, 5, 0, 0, 0.24%, 1, 0, 1, 0.74, 374, 157, 225, 0
461, 2, 1, 5, 0, 0, 0.24%, 1, 0, 1, 0.86, 378, 157, 228, 0
469, 2, 1, 5, 0, 0, 0.24%, 1, 0, 1, 0.98, 382, 157, 231, 0
475, 2, 1, 5, 0, 0, 0.24%, 1, 0, 1, 0.91, 384, 157, 233, 0
481, 2, 1, 5, 0, 0, 0.24%, 1, 0, 1, 0.86, 387, 157, 235, 0
487, 2, 1, 5, 0, 0, 0.24%, 1, 0, 1, 1.22, 392, 157, 239, 0
493, 2, 1, 5, 0, 0, 0.24%, 1, 0, 1, 1.16, 396, 157, 241, 0
500, 2, 1, 5, 0, 0, 0.24%, 1, 0, 1, 1.19, 402, 157, 246, 0
507, 2, 1, 5, 0, 0, 0.24%, 1, 0, 1, 1.16, 405, 157, 249, 0
513, 2, 1, 5, 0, 0, 0.24%, 1, 0, 1, 1.08, 408, 157, 251, 0
521, 2, 1, 5, 0, 0, 0.24%, 1, 0, 1, 1.12, 411, 157, 254, 0
528, 2, 1, 5, 0, 0, 0.24%, 1, 0, 1, 0.36, 417, 157, 258, 0
535, 2, 1, 5, 0, 0, 0.24%, 1, 0, 1, 0.43, 421, 157, 261, 0
540, 2, 1, 5, 0, 0, 0.24%, 1, 0, 1, 0.44, 424, 157, 263, 0
547, 2, 1, 5, 0, 0, 0.24%, 1, 0, 1, 0.52, 427, 157, 266, 0
553, 2, 1, 5, 0, 0, 0.24%, 1, 0, 1, 0.50, 429, 157, 268, 0
559, 2, 1, 5, 0, 0, 0.24%, 1, 0, 1, 0.48, 431, 157, 270, 0
567, 2, 1, 5, 0, 0, 0.24%, 1, 0, 1, 0.48, 435, 157, 273, 0
573, 2, 1, 5, 0, 0, 0.24%, 1, 0, 1, 1.54, 439, 157, 276, 0
580, 2, 1, 5, 0, 0, 0.24%, 1, 0, 1, 0.30, 443, 157, 279, 0
588, 2, 1, 5, 0, 0, 0.24%, 1, 0, 1, 0.27, 449, 157, 283, 0
594, 3, 1, 5, 0, 0, 0.24%, 1, 0, 1, 1.85, 454, 157, 287, 0
601, 3, 1, 5, 0, 0, 0.24%, 1, 0, 1, 0.44, 459, 157, 291, 0
607, 3, 1, 5, 0, 0, 0.24%, 1, 0, 1, 0.47, 462, 157, 294, 0
614, 3, 1, 5, 0, 0, 0.24%, 1, 0, 1, 0.65, 469, 157, 298, 0
619, 3, 1, 5, 0, 0, 0.24%, 1, 0, 1, 0.47, 474, 157, 302, 0
627, 3, 1, 5, 0, 0, 0.24%, 1, 0, 1, 0.25, 479, 157, 306, 0
633, 3, 1, 5, 0, 0, 0.24%, 1, 0, 1, 0.25, 483, 157, 308, 0
638, 3, 1, 5, 0, 0, 0.24%, 1, 0, 1, 0.27, 485, 157, 310, 0
645, 3, 1, 5, 0, 0, 0.24%, 1, 0, 1, 1.95, 489, 157, 314, 0
651, 3, 1, 5, 0, 0, 0.24%, 1, 0, 1, 0.26, 493, 157, 318, 0
658, 3, 1, 5, 0, 0, 0.24%, 1, 0, 1, 0.25, 497, 157, 322, 0
666, 3, 1, 5, 0, 0, 0.24%, 1, 0, 1, 0.33, 503, 157, 325, 0
675, 3, 1, 5, 0, 0, 0.24%, 1, 0, 1, 3.51, 519, 157, 330, 0
683, 3, 1, 5, 0, 0, 0.24%, 1, 0, 1, 0.49, 522, 157, 332, 0
690, 3, 1, 5, 0, 0, 0.24%, 1, 0, 1, 0.33, 535, 157, 336, 0
697, 3, 1, 5, 0, 0, 0.24%, 1, 0, 1, 0.32, 537, 157, 338, 0
705, 3, 1, 5, 0, 0, 0.24%, 1, 0, 1, 0.27, 544, 157, 341, 0
711, 3, 1, 5, 0, 0, 0.24%, 1, 0, 1, 0.28, 546, 157, 343, 0
717, 3, 1, 5, 0, 0, 0.24%, 1, 0, 1, 0.80, 552, 157, 348, 0
723, 3, 1, 5, 0, 0, 0.24%, 1, 0, 1, 0.74, 554, 157, 350, 0
731, 3, 1, 5, 0, 0, 0.24%, 1, 0, 1, 0.70, 557, 157, 352, 0
739, 3, 1, 5, 0, 0, 0.24%, 1, 0, 1, 0.67, 561, 157, 355, 0
745, 3, 1, 5, 0, 0, 0.24%, 1, 0, 1, 0.51, 564, 157, 358, 0
751, 3, 1, 5, 0, 0, 0.24%, 1, 0, 1, 0.41, 568, 157, 362, 0
758, 3, 1, 5, 0, 0, 0.24%, 1, 0, 1, 0.44, 572, 157, 364, 0
763, 3, 1, 5, 0, 0, 0.24%, 1, 0, 1, 0.43, 574, 157, 366, 0
768, 3, 1, 5, 0, 0, 0.24%, 1, 0, 1, 0.63, 577, 157, 369, 0
775, 3, 1, 5, 0, 0, 0.24%, 1, 0, 1, 0.70, 582, 157, 372, 0
782, 3, 1, 5, 0, 0, 0.24%, 1, 0, 1, 0.35, 589, 157, 377, 0
789, 3, 1, 5, 0, 0, 0.24%, 1, 0, 1, 0.34, 591, 157, 379, 0
794, 4, 1, 5, 0, 0, 0.24%, 1, 0, 1, 0.35, 593, 157, 381, 0
800, 4, 1, 5, 0, 0, 0.24%, 1, 0, 1, 0.70, 601, 157, 386, 0
808, 4, 1, 5, 0, 0, 0.24%, 1, 0, 1, 0.26, 606, 157, 390, 0
814, 4, 1, 5, 0, 0, 0.24%, 1, 0, 1, 0.29, 609, 157, 392, 0
821, 4, 1, 5, 0, 0, 0.24%, 1, 0, 1, 0.35, 613, 157, 395, 0
827, 4, 1, 5, 0, 0, 0.24%, 1, 0, 1, 0.36, 615, 157, 397, 0
832, 4, 1, 5, 0, 0, 0.24%, 1, 0, 1, 4.17, 620, 157, 402, 0
838, 4, 1, 5, 0, 0, 0.24%, 1, 0, 1, 0.30, 623, 157, 405, 0
843, 4, 1, 5, 0, 0, 0.24%, 1, 0, 1, 0.32, 625, 157, 407, 0
849, 4, 1, 5, 0, 0, 0.24%, 1, 0, 1, 0.64, 630, 157, 412, 0
856, 4, 1, 5, 0, 0, 0.24%, 1, 0, 1, 0.71, 635, 157, 416, 0
862, 4, 1, 5, 0, 0, 0.24%, 1, 0, 1, 0.67, 637, 157, 418, 0
868, 4, 1, 5, 0, 0, 0.24%, 1, 0, 1, 0.63, 639, 157, 420, 0
876, 4, 1, 5, 0, 0, 0.24%, 1, 0, 1, 0.60, 642, 157, 423, 0
881, 4, 1, 5, 0, 0, 0.24%, 1, 0, 1, 0.57, 644, 157, 425, 0
886, 4, 1, 5, 0, 0, 0.24%, 1, 0, 1, 0.55, 646, 157, 427, 0
892, 4, 1, 5, 0, 0, 0.24%, 1, 0, 1, 0.51, 650, 157, 430, 0
896, 4, 1, 5, 0, 0, 0.24%, 1, 0, 1, 0.00, 656, 157, 435, 0
