# relative_time, cycles_done, cur_item, corpus_count, pending_total, pending_favs, map_size, saved_crashes, saved_hangs, max_depth, execs_per_sec, total_execs, edges_found, total_crashes, servers_count
61, 3, 1, 5, 0, 0, 0.24%, 1, 0, 1, 8.19, 583, 157, 234, 0
66, 4, 1, 5, 0, 0, 0.24%, 1, 0, 1, 8.90, 636, 157, 252, 0
71, 4, 1, 5, 0, 0, 0.24%, 1, 0, 1, 7.56, 678, 157, 271, 0
77, 4, 1, 5, 0, 0, 0.24%, 1, 0, 1, 6.69, 713, 157, 292, 0
82, 5, 1, 5, 0, 0, 0.24%, 1, 0, 1, 6.84, 749, 157, 312, 0
87, 5, 1, 5, 0, 0, 0.24%, 1, 0, 1, 7.06, 786, 157, 332, 0
92, 5, 1, 5, 0, 0, 0.24%, 1, 0, 1, 10.17, 842, 157, 349, 0
97, 6, 1, 5, 0, 0, 0.24%, 1, 0, 1, 11.06, 902, 157, 365, 0
102, 6, 1, 5, 0, 0, 0.24%, 1, 0, 1, 10.32, 951, 157, 383, 0
107, 6, 1, 5, 0, 0, 0.24%, 1, 0, 1, 7.83, 992, 157, 403, 0
112, 7, 1, 5, 0, 0, 0.24%, 1, 0, 1, 6.97, 1031, 157, 424, 0
117, 7, 1, 5, 0, 0, 0.24%, 1, 0, 1, 7.70, 1081, 157, 442, 0
123, 7, 1, 5, 0, 0, 0.24%, 1, 0, 1, 7.12, 1119, 157, 463, 0
128, 8, 1, 5, 0, 0, 0.24%, 1, 0, 1, 8.00, 1162, 157, 483, 0
133, 8, 1, 5, 0, 0, 0.24%, 1, 0, 1, 8.45, 1208, 157, 502, 0
138, 8, 1, 5, 0, 0, 0.24%, 1, 0, 1, 10.54, 1270, 157, 519, 0
143, 9, 1, 5, 0, 0, 0.24%, 1, 0, 1, 7.72, 1306, 157, 540, 0
148, 9, 1, 5, 0, 0, 0.24%, 1, 0, 1, 7.20, 1344, 157, 560, 0
153, 9, 1, 5, 0, 0, 0.24%, 1, 0, 1, 9.33, 1388, 157, 580, 0
159, 9, 1, 5, 0, 0, 0.24%, 1, 0, 1, 7.74, 1429, 157, 600, 0
164, 10, 1, 5, 0, 0, 0.24%, 1, 0, 1, 7.79, 1471, 157, 620, 0
169, 10, 1, 5, 0, 0, 0.24%, 1, 0, 1, 8.11, 1516, 157, 639, 0
174, 11, 1, 5, 0, 0, 0.24%, 1, 0, 1, 9.28, 1574, 157, 656, 0
179, 11, 1, 5, 0, 0, 0.24%, 1, 0, 1, 7.12, 1608, 157, 677, 0
184, 11, 1, 5, 0, 0, 0.24%, 1, 0, 1, 8.21, 1656, 157, 695, 0
189, 11, 1, 5, 0, 0, 0.24%, 1, 0, 1, 7.81, 1701, 157, 714, 0
194, 12, 1, 5, 0, 0, 0.24%, 1, 0, 1, 6.86, 1736, 157, 734, 0
199, 12, 1, 5, 0, 0, 0.24%, 1, 0, 1, 8.36, 1788, 157, 752, 0
204, 12, 1, 5, 0, 0, 0.24%, 1, 0, 1, 7.00, 1823, 157, 772, 0
210, 13, 1, 5, 0, 0, 0.24%, 1, 0, 1, 12.30, 1887, 157, 788, 0
215, 13, 1, 5, 0, 0, 0.24%, 1, 0, 1, 8.33, 1924, 157, 808, 0
220, 13, 1, 5, 0, 0, 0.24%, 1, 0, 1, 8.37, 1963, 157, 828, 0
225, 14, 1, 5, 0, 0, 0.24%, 1, 0, 1, 7.67, 2005, 157, 848, 0
230, 14, 1, 5, 0, 0, 0.24%, 1, 0, 1, 8.58, 2050, 157, 867, 0
235, 14, 1, 5, 0, 0, 0.24%, 1, 0, 1, 7.61, 2087, 157, 888, 0
240, 15, 1, 5, 0, 0, 0.24%, 1, 0, 1, 8.29, 2133, 157, 908, 0
245, 15, 1, 5, 0, 0, 0.24%, 1, 0, 1, 8.62, 2182, 157, 927, 0
250, 15, 1, 5, 0, 0, 0.24%, 1, 0, 1, 7.80, 2225, 157, 947, 0
256, 15, 1, 5, 0, 0, 0.24%, 1, 0, 1, 6.95, 2264, 157, 968, 0
261, 16, 1, 5, 0, 0, 0.24%, 1, 0, 1, 7.63, 2306, 157, 988, 0
266, 16, 1, 5, 0, 0, 0.24%, 1, 0, 1, 8.58, 2357, 157, 1007, 0
271, 16, 1, 5, 0, 0, 0.24%, 1, 0, 1, 8.82, 2402, 157, 1026, 0
276, 17, 1, 5, 0, 0, 0.24%, 1, 0, 1, 7.90, 2443, 157, 1046, 0
281, 17, 1, 5, 0, 0, 0.24%, 1, 0, 1, 8.45, 2493, 157, 1065, 0
287, 17, 1, 5, 0, 0, 0.24%, 1, 0, 1, 6.49, 2525, 157, 1087, 0
292, 18, 1, 5, 0, 0, 0.24%, 1, 0, 1, 7.49, 2566, 157, 1107, 0
297, 18, 1, 5, 0, 0, 0.24%, 1, 0, 1, 7.04, 2603, 157, 1128, 0
302, 18, 1, 5, 0, 0, 0.24%, 1, 0, 1, 6.63, 2639, 157, 1149, 0
307, 18, 1, 5, 0, 0, 0.24%, 1, 0, 1, 8.23, 2691, 157, 1168, 0
312, 19, 1, 5, 0, 0, 0.24%, 1, 0, 1, 8.05, 2738, 157, 1187, 0
318, 19, 1, 5, 0, 0, 0.24%, 1, 0, 1, 8.97, 2789, 157, 1205, 0
323, 19, 1, 5, 0, 0, 0.24%, 1, 0, 1, 7.31, 2825, 157, 1226, 0
328, 20, 1, 5, 0, 0, 0.24%, 1, 0, 1, 6.47, 2860, 157, 1247, 0
333, 20, 1, 5, 0, 0, 0.24%, 1, 0, 1, 5.83, 2891, 157, 1269, 0
338, 20, 1, 5, 0, 0, 0.24%, 1, 0, 1, 6.93, 2933, 157, 1289, 0
343, 21, 1, 5, 0, 0, 0.24%, 1, 0, 1, 7.09, 2975, 157, 1308, 0
348, 21, 1, 5, 0, 0, 0.24%, 1, 0, 1, 7.28, 3016, 157, 1329, 0
353, 21, 1, 5, 0, 0, 0.24%, 1, 0, 1, 8.19, 3059, 157, 1349, 0
358, 21, 1, 5, 0, 0, 0.24%, 1, 0, 1, 7.61, 3098, 157, 1370, 0
363, 22, 1, 5, 0, 0, 0.24%, 1, 0, 1, 7.67, 3140, 157, 1390, 0
368, 22, 1, 5, 0, 0, 0.24%, 1, 0, 1, 5.68, 3166, 157, 1413, 0
374, 22, 1, 5, 0, 0, 0.24%, 1, 0, 1, 7.69, 3210, 157, 1433, 0
379, 23, 1, 5, 0, 0, 0.24%, 1, 0, 1, 8.98, 3255, 157, 1453, 0
384, 23, 1, 5, 0, 0, 0.24%, 1, 0, 1, 8.56, 3297, 157, 1473, 0
389, 23, 1, 5, 0, 0, 0.24%, 1, 0, 1, 7.69, 3338, 157, 1493, 0
394, 23, 1, 5, 0, 0, 0.24%, 1, 0, 1, 7.86, 3382, 157, 1513, 0
399, 24, 1, 5, 0, 0, 0.24%, 1, 0, 1, 8.53, 3431, 157, 1533, 0
405, 24, 1, 5, 0, 0, 0.24%, 1, 0, 1, 8.69, 3479, 157, 1553, 0
410, 24, 1, 5, 0, 0, 0.24%, 1, 0, 1, 6.97, 3516, 157, 1573, 0
415, 25, 1, 5, 0, 0, 0.24%, 1, 0, 1, 10.36, 3573, 157, 1590, 0
420, 25, 1, 5, 0, 0, 0.24%, 1, 0, 1, 8.15, 3618, 157, 1609, 0
425, 25, 1, 5, 0, 0, 0.24%, 1, 0, 1, 6.89, 3653, 157, 1630, 0
430, 26, 1, 5, 0, 0, 0.24%, 1, 0, 1, 7.74, 3694, 157, 1649, 0
436, 26, 1, 5, 0, 0, 0.24%, 1, 0, 1, 7.04, 3732, 157, 1670, 0
441, 26, 1, 5, 0, 0, 0.24%, 1, 0, 1, 6.24, 3761, 157, 1691, 0
446, 27, 1, 5, 0, 0, 0.24%, 1, 0, 1, 9.67, 3812, 157, 1709, 0
451, 27, 1, 5, 0, 0, 0.24%, 1, 0, 1, 7.19, 3851, 157, 1730, 0
456, 27, 1, 5, 0, 0, 0.24%, 1, 0, 1, 8.38, 3905, 157, 1748, 0
461, 27, 1, 5, 0, 0, 0.24%, 1, 0, 1, 6.95, 3944, 157, 1768, 0
466, 28, 1, 5, 0, 0, 0.24%, 1, 0, 1, 6.62, 3978, 157, 1789, 0
472, 28, 1, 5, 0, 0, 0.24%, 1, 0, 1, 8.55, 4029, 157, 1808, 0
477, 28, 1, 5, 0, 0, 0.24%, 1, 0, 1, 7.56, 4070, 157, 1827, 0
482, 29, 1, 5, 0, 0, 0.24%, 1, 0, 1, 8.78, 4122, 157, 1844, 0
487, 29, 1, 5, 0, 0, 0.24%, 1, 0, 1, 6.47, 4152, 157, 1865, 0
492, 29, 1, 5, 0, 0, 0.24%, 1, 0, 1, 6.97, 4192, 157, 1885, 0
497, 30, 1, 5, 0, 0, 0.24%, 1, 0, 1, 8.06, 4232, 157, 1905, 0
502, 30, 1, 5, 0, 0, 0.24%, 1, 0, 1, 9.17, 4277, 157, 1924, 0
507, 30, 1, 5, 0, 0, 0.24%, 1, 0, 1, 9.72, 4332, 157, 1941, 0
512, 31, 1, 5, 0, 0, 0.24%, 1, 0, 1, 9.27, 4383, 157, 1959, 0
518, 31, 1, 5, 0, 0, 0.24%, 1, 0, 1, 7.81, 4422, 157, 1981, 0
523, 31, 1, 5, 0, 0, 0.24%, 1, 0, 1, 6.99, 4459, 157, 2002, 0
528, 31, 1, 5, 0, 0, 0.24%, 1, 0, 1, 6.95, 4499, 157, 2022, 0
533, 32, 1, 5, 0, 0, 0.24%, 1, 0, 1, 6.81, 4535, 157, 2042, 0
538, 32, 1, 5, 0, 0, 0.24%, 1, 0, 1, 8.30, 4578, 157, 2061, 0
543, 32, 1, 5, 0, 0, 0.24%, 1, 0, 1, 7.70, 4616, 157, 2081, 0
548, 33, 1, 5, 0, 0, 0.24%, 1, 0, 1, 7.85, 4657, 157, 2101, 0
553, 33, 1, 5, 0, 0, 0.24%, 1, 0, 1, 6.84, 4692, 157, 2122, 0
558, 33, 1, 5, 0, 0, 0.24%, 1, 0, 1, 8.52, 4739, 157, 2141, 0
564, 33, 1, 5, 0, 0, 0.24%, 1, 0, 1, 7.63, 4778, 157, 2162, 0
569, 34, 1, 5, 0, 0, 0.24%, 1, 0, 1, 10.10, 4829, 157, 2181, 0
574, 34, 1, 5, 0, 0, 0.24%, 1, 0, 1, 8.96, 4879, 157, 2200, 0
579, 34, 1, 5, 0, 0, 0.24%, 1, 0, 1, 8.60, 4923, 157, 2219, 0
584, 35, 1, 5, 0, 0, 0.24%, 1, 0, 1, 9.34, 4972, 157, 2237, 0
589, 35, 1, 5, 0, 0, 0.24%, 1, 0, 1, 6.90, 5004, 157, 2259, 0
595, 35, 1, 5, 0, 0, 0.24%, 1, 0, 1, 7.79, 5048, 157, 2280, 0
600, 36, 1, 5, 0, 0, 0.24%, 1, 0, 1, 7.48, 5088, 157, 2300, 0
605, 36, 1, 5, 0, 0, 0.24%, 1, 0, 1, 6.89, 5125, 157, 2321, 0
610, 36, 1, 5, 0, 0, 0.24%, 1, 0, 1, 8.32, 5172, 157, 2339, 0
615, 36, 1, 5, 0, 0, 0.24%, 1, 0, 1, 7.00, 5210, 157, 2359, 0
620, 37, 1, 5, 0, 0, 0.24%, 1, 0, 1, 9.88, 5259, 157, 2377, 0
625, 37, 1, 5, 0, 0, 0.24%, 1, 0, 1, 8.65, 5301, 157, 2397, 0
630, 37, 1, 5, 0, 0, 0.24%, 1, 0, 1, 7.45, 5340, 157, 2417, 0
635, 38, 1, 5, 0, 0, 0.24%, 1, 0, 1, 7.11, 5378, 157, 2437, 0
640, 38, 1, 5, 0, 0, 0.24%, 1, 0, 1, 8.56, 5431, 157, 2454, 0
645, 38, 1, 5, 0, 0, 0.24%, 1, 0, 1, 8.31, 5475, 157, 2473, 0
651, 39, 1, 5, 0, 0, 0.24%, 1, 0, 1, 7.77, 5519, 157, 2493, 0
656, 39, 1, 5, 0, 0, 0.24%, 1, 0, 1, 8.83, 5565, 157, 2512, 0
661, 39, 1, 5, 0, 0, 0.24%, 1, 0, 1, 7.74, 5606, 157, 2532, 0
666, 40, 1, 5, 0, 0, 0.24%, 1, 0, 1, 8.16, 5649, 157, 2552, 0
671, 40, 1, 5, 0, 0, 0.24%, 1, 0, 1, 10.41, 5704, 157, 2569, 0
676, 40, 1, 5, 0, 0, 0.24%, 1, 0, 1, 9.29, 5757, 157, 2587, 0
682, 41, 1, 5, 0, 0, 0.24%, 1, 0, 1, 8.54, 5800, 157, 2607, 0
687, 41, 1, 5, 0, 0, 0.24%, 1, 0, 1, 7.62, 5842, 157, 2627, 0
692, 41, 1, 5, 0, 0, 0.24%, 1, 0, 1, 9.33, 5892, 157, 2646, 0
697, 42, 1, 5, 0, 0, 0.24%, 1, 0, 1, 9.39, 5942, 157, 2665, 0
702, 42, 1, 5, 0, 0, 0.24%, 1, 0, 1, 8.97, 5990, 157, 2684, 0
707, 42, 1, 5, 0, 0, 0.24%, 1, 0, 1, 6.91, 6026, 157, 2705, 0
712, 43, 1, 5, 0, 0, 0.24%, 1, 0, 1, 6.95, 6066, 157, 2726, 0
718, 43, 1, 5, 0, 0, 0.24%, 1, 0, 1, 6.99, 6104, 157, 2747, 0
723, 43, 1, 5, 0, 0, 0.24%, 1, 0, 1, 7.14, 6144, 157, 2767, 0
728, 44, 1, 5, 0, 0, 0.24%, 1, 0, 1, 10.08, 6198, 157, 2786, 0
733, 44, 1, 5, 0, 0, 0.24%, 1, 0, 1, 7.49, 6234, 157, 2807, 0
738, 44, 1, 5, 0, 0, 0.24%, 1, 0, 1, 6.16, 6268, 157, 2829, 0
743, 44, 1, 5, 0, 0, 0.24%, 1, 0, 1, 7.70, 6310, 157, 2848, 0
748, 45, 1, 5, 0, 0, 0.24%, 1, 0, 1, 7.86, 6350, 157, 2869, 0
753, 45, 1, 5, 0, 0, 0.24%, 1, 0, 1, 7.50, 6389, 157, 2889, 0
759, 45, 1, 5, 0, 0, 0.24%, 1, 0, 1, 7.03, 6427, 157, 2909, 0
764, 45, 1, 5, 0, 0, 0.24%, 1, 0, 1, 7.95, 6467, 157, 2930, 0
769, 46, 1, 5, 0, 0, 0.24%, 1, 0, 1, 7.24, 6505, 157, 2951, 0
774, 46, 1, 5, 0, 0, 0.24%, 1, 0, 1, 6.34, 6538, 157, 2972, 0
779, 46, 1, 5, 0, 0, 0.24%, 1, 0, 1, 6.09, 6568, 157, 2993, 0
784, 46, 1, 5, 0, 0, 0.24%, 1, 0, 1, 7.23, 6610, 157, 3012, 0
789, 47, 1, 5, 0, 0, 0.24%, 1, 0, 1, 8.06, 6656, 157, 3031, 0
794, 47, 1, 5, 0, 0, 0.24%, 1, 0, 1, 8.11, 6701, 157, 3050, 0
799, 47, 1, 5, 0, 0, 0.24%, 1, 0, 1, 7.36, 6742, 157, 3070, 0
805, 48, 1, 5, 0, 0, 0.24%, 1, 0, 1, 6.15, 6775, 157, 3092, 0
810, 48, 1, 5, 0, 0, 0.24%, 1, 0, 1, 7.99, 6820, 157, 3111, 0
815, 48, 1, 5, 0, 0, 0.24%, 1, 0, 1, 8.88, 6868, 157, 3130, 0
820, 49, 1, 5, 0, 0, 0.24%, 1, 0, 1, 6.86, 6900, 157, 3151, 0
825, 49, 1, 5, 0, 0, 0.24%, 1, 0, 1, 6.57, 6934, 157, 3173, 0
830, 49, 1, 5, 0, 0, 0.24%, 1, 0, 1, 7.23, 6976, 157, 3193, 0
835, 49, 1, 5, 0, 0, 0.24%, 1, 0, 1, 7.73, 7018, 157, 3213, 0
840, 50, 1, 5, 0, 0, 0.24%, 1, 0, 1, 6.48, 7053, 157, 3234, 0
845, 50, 1, 5, 0, 0, 0.24%, 1, 0, 1, 7.18, 7092, 157, 3254, 0
851, 50, 1, 5, 0, 0, 0.24%, 1, 0, 1, 8.40, 7136, 157, 3275, 0
856, 51, 1, 5, 0, 0, 0.24%, 1, 0, 1, 8.12, 7183, 157, 3294, 0
861, 51, 1, 5, 0, 0, 0.24%, 1, 0, 1, 6.15, 7215, 157, 3316, 0
866, 51, 1, 5, 0, 0, 0.24%, 1, 0, 1, 7.94, 7263, 157, 3335, 0
871, 51, 1, 5, 0, 0, 0.24%, 1, 0, 1, 7.37, 7304, 157, 3356, 0
876, 52, 1, 5, 0, 0, 0.24%, 1, 0, 1, 7.09, 7343, 157, 3377, 0
882, 52, 1, 5, 0, 0, 0.24%, 1, 0, 1, 7.96, 7388, 157, 3396, 0
887, 52, 1, 5, 0, 0, 0.24%, 1, 0, 1, 7.29, 7427, 157, 3417, 0
892, 53, 1, 5, 0, 0, 0.24%, 1, 0, 1, 6.75, 7462, 157, 3439, 0
897, 53, 1, 6, 1, 0, 0.25%, 2, 0, 2, 0.00, 7507, 161, 3457, 0
