# relative_time, cycles_done, cur_item, corpus_count, pending_total, pending_favs, map_size, saved_crashes, saved_hangs, max_depth, execs_per_sec, total_execs, edges_found, total_crashes, servers_count
61, 21, 1, 5, 0, 0, 0.09%, 0, 0, 1, 51.24, 3116, 60, 0, 0
66, 23, 1, 5, 0, 0, 0.09%, 0, 0, 1, 51.27, 3379, 60, 0, 0
71, 25, 1, 5, 0, 0, 0.09%, 0, 0, 1, 51.34, 3643, 60, 0, 0
77, 27, 1, 5, 0, 0, 0.09%, 0, 0, 1, 51.33, 3907, 60, 0, 0
82, 29, 1, 5, 0, 0, 0.09%, 0, 0, 1, 51.15, 4170, 60, 0, 0
87, 31, 1, 5, 0, 0, 0.09%, 0, 0, 1, 50.88, 4433, 60, 0, 0
92, 33, 1, 5, 0, 0, 0.09%, 0, 0, 1, 50.73, 4697, 60, 0, 0
97, 35, 1, 5, 0, 0, 0.09%, 0, 0, 1, 50.90, 4961, 60, 0, 0
103, 37, 1, 5, 0, 0, 0.09%, 0, 0, 1, 50.87, 5225, 60, 0, 0
108, 38, 1, 5, 0, 0, 0.09%, 0, 0, 1, 50.90, 5489, 60, 0, 0
113, 40, 1, 5, 0, 0, 0.09%, 0, 0, 1, 50.81, 5753, 60, 0, 0
118, 42, 1, 5, 0, 0, 0.09%, 0, 0, 1, 50.69, 6016, 60, 0, 0
123, 44, 1, 5, 0, 0, 0.09%, 0, 0, 1, 49.82, 6271, 60, 0, 0
128, 46, 1, 5, 0, 0, 0.09%, 0, 0, 1, 48.32, 6512, 60, 0, 0
133, 48, 1, 5, 0, 0, 0.09%, 0, 0, 1, 48.58, 6760, 60, 0, 0
138, 49, 1, 5, 0, 0, 0.09%, 0, 0, 1, 48.00, 7000, 60, 0, 0
143, 51, 1, 5, 0, 0, 0.09%, 0, 0, 1, 49.63, 7252, 60, 0, 0
148, 53, 1, 5, 0, 0, 0.09%, 0, 0, 1, 49.15, 7505, 60, 0, 0
154, 55, 1, 5, 0, 0, 0.09%, 0, 0, 1, 49.87, 7757, 60, 0, 0
159, 56, 1, 5, 0, 0, 0.09%, 0, 0, 1, 49.15, 8011, 60, 0, 0
164, 58, 1, 5, 0, 0, 0.09%, 0, 0, 1, 47.85, 8251, 60, 0, 0
169, 60, 1, 5, 0, 0, 0.09%, 0, 0, 1, 47.72, 8491, 60, 0, 0
174, 62, 1, 5, 0, 0, 0.09%, 0, 0, 1, 47.62, 8731, 60, 0, 0
179, 63, 1, 5, 0, 0, 0.09%, 0, 0, 1, 47.67, 8971, 60, 0, 0
184, 65, 1, 5, 0, 0, 0.09%, 0, 0, 1, 48.99, 9218, 60, 0, 0
189, 67, 1, 5, 0, 0, 0.09%, 0, 0, 1, 49.01, 9470, 60, 0, 0
194, 69, 1, 5, 0, 0, 0.09%, 0, 0, 1, 49.34, 9717, 60, 0, 0
199, 71, 1, 5, 0, 0, 0.09%, 0, 0, 1, 50.54, 9981, 60, 0, 0
204, 72, 1, 5, 0, 0, 0.09%, 0, 0, 1, 50.82, 10245, 60, 0, 0
210, 74, 1, 5, 0, 0, 0.09%, 0, 0, 1, 50.87, 10509, 60, 0, 0
215, 76, 1, 5, 0, 0, 0.09%, 0, 0, 1, 50.80, 10773, 60, 0, 0
220, 78, 1, 5, 0, 0, 0.09%, 0, 0, 1, 50.85, 11037, 60, 0, 0
225, 80, 1, 5, 0, 0, 0.09%, 0, 0, 1, 50.79, 11297, 60, 0, 0
230, 82, 1, 5, 0, 0, 0.09%, 0, 0, 1, 50.97, 11561, 60, 0, 0
235, 84, 1, 5, 0, 0, 0.09%, 0, 0, 1, 51.03, 11825, 60, 0, 0
241, 86, 1, 5, 0, 0, 0.09%, 0, 0, 1, 50.98, 12088, 60, 0, 0
246, 87, 1, 5, 0, 0, 0.09%, 0, 0, 1, 48.63, 12330, 60, 0, 0
251, 89, 1, 5, 0, 0, 0.09%, 0, 0, 1, 49.97, 12583, 60, 0, 0
256, 91, 1, 5, 0, 0, 0.09%, 0, 0, 1, 51.12, 12847, 60, 0, 0
261, 93, 1, 5, 0, 0, 0.09%, 0, 0, 1, 51.32, 13110, 60, 0, 0
266, 95, 1, 5, 0, 0, 0.09%, 0, 0, 1, 51.37, 13374, 60, 0, 0
271, 96, 1, 5, 0, 0, 0.09%, 0, 0, 1, 48.75, 13617, 60, 0, 0
276, 98, 1, 5, 0, 0, 0.09%, 0, 0, 1, 48.02, 13857, 60, 0, 0
281, 100, 1, 5, 0, 0, 0.09%, 0, 0, 1, 47.82, 14097, 60, 0, 0
286, 102, 1, 5, 0, 0, 0.09%, 0, 0, 1, 47.83, 14337, 60, 0, 0
291, 103, 1, 5, 0, 0, 0.09%, 0, 0, 1, 48.07, 14578, 60, 0, 0
296, 105, 1, 5, 0, 0, 0.09%, 0, 0, 1, 49.66, 14838, 60, 0, 0
301, 107, 1, 5, 0, 0, 0.09%, 0, 0, 1, 47.72, 15078, 60, 0, 0
306, 109, 1, 5, 0, 0, 0.09%, 0, 0, 1, 47.95, 15318, 60, 0, 0
312, 110, 1, 5, 0, 0, 0.09%, 0, 0, 1, 48.02, 15568, 60, 0, 0
317, 112, 1, 5, 0, 0, 0.09%, 0, 0, 1, 48.09, 15818, 60, 0, 0
322, 114, 1, 5, 0, 0, 0.09%, 0, 0, 1, 47.93, 16068, 60, 0, 0
327, 116, 1, 5, 0, 0, 0.09%, 0, 0, 1, 47.56, 16308, 60, 0, 0
332, 117, 1, 5, 0, 0, 0.09%, 0, 0, 1, 48.85, 16555, 60, 0, 0
337, 119, 1, 5, 0, 0, 0.09%, 0, 0, 1, 50.76, 16819, 60, 0, 0
343, 121, 1, 5, 0, 0, 0.09%, 0, 0, 1, 51.44, 17083, 60, 0, 0
348, 123, 1, 5, 0, 0, 0.09%, 0, 0, 1, 51.58, 17347, 60, 0, 0
353, 125, 1, 5, 0, 0, 0.09%, 0, 0, 1, 51.62, 17611, 60, 0, 0
358, 127, 1, 5, 0, 0, 0.09%, 0, 0, 1, 51.56, 17875, 60, 0, 0
363, 129, 1, 5, 0, 0, 0.09%, 0, 0, 1, 51.49, 18139, 60, 0, 0
368, 131, 1, 5, 0, 0, 0.09%, 0, 0, 1, 51.50, 18403, 60, 0, 0
373, 132, 1, 5, 0, 0, 0.09%, 0, 0, 1, 49.33, 18649, 60, 0, 0
378, 134, 1, 5, 0, 0, 0.09%, 0, 0, 1, 48.03, 18889, 60, 0, 0
383, 136, 1, 5, 0, 0, 0.09%, 0, 0, 1, 47.96, 19129, 60, 0, 0
388, 138, 1, 5, 0, 0, 0.09%, 0, 0, 1, 47.94, 19369, 60, 0, 0
393, 139, 1, 5, 0, 0, 0.09%, 0, 0, 1, 47.88, 19609, 60, 0, 0
398, 141, 1, 5, 0, 0, 0.09%, 0, 0, 1, 47.81, 19848, 60, 0, 0
403, 143, 1, 5, 0, 0, 0.09%, 0, 0, 1, 47.81, 20088, 60, 0, 0
408, 144, 1, 5, 0, 0, 0.09%, 0, 0, 1, 47.65, 20328, 60, 0, 0
413, 146, 1, 5, 0, 0, 0.09%, 0, 0, 1, 47.73, 20568, 60, 0, 0
418, 148, 1, 5, 0, 0, 0.09%, 0, 0, 1, 47.79, 20808, 60, 0, 0
423, 150, 1, 5, 0, 0, 0.09%, 0, 0, 1, 49.13, 21054, 60, 0, 0
428, 152, 1, 5, 0, 0, 0.09%, 0, 0, 1, 51.07, 21318, 60, 0, 0
434, 153, 1, 5, 0, 0, 0.09%, 0, 0, 1, 51.45, 21582, 60, 0, 0
439, 155, 1, 5, 0, 0, 0.09%, 0, 0, 1, 51.53, 21846, 60, 0, 0
444, 157, 1, 5, 0, 0, 0.09%, 0, 0, 1, 51.63, 22110, 60, 0, 0
449, 159, 1, 5, 0, 0, 0.09%, 0, 0, 1, 51.59, 22374, 60, 0, 0
454, 161, 1, 5, 0, 0, 0.09%, 0, 0, 1, 51.74, 22638, 60, 0, 0
459, 163, 1, 5, 0, 0, 0.09%, 0, 0, 1, 51.67, 22902, 60, 0, 0
464, 165, 1, 5, 0, 0, 0.09%, 0, 0, 1, 51.77, 23166, 60, 0, 0
469, 167, 1, 5, 0, 0, 0.09%, 0, 0, 1, 51.79, 23430, 60, 0, 0
474, 168, 1, 5, 0, 0, 0.09%, 0, 0, 1, 51.80, 23694, 60, 0, 0
479, 170, 1, 5, 0, 0, 0.09%, 0, 0, 1, 51.64, 23957, 60, 0, 0
485, 172, 1, 5, 0, 0, 0.09%, 0, 0, 1, 48.65, 24203, 60, 0, 0
490, 174, 1, 5, 0, 0, 0.09%, 0, 0, 1, 47.86, 24443, 60, 0, 0
495, 176, 1, 5, 0, 0, 0.09%, 0, 0, 1, 47.74, 24683, 60, 0, 0
500, 177, 1, 5, 0, 0, 0.09%, 0, 0, 1, 47.78, 24922, 60, 0, 0
505, 179, 1, 5, 0, 0, 0.09%, 0, 0, 1, 47.94, 25162, 60, 0, 0
510, 181, 1, 5, 0, 0, 0.09%, 0, 0, 1, 48.02, 25402, 60, 0, 0
515, 182, 1, 5, 0, 0, 0.09%, 0, 0, 1, 48.18, 25652, 60, 0, 0
520, 184, 1, 5, 0, 0, 0.09%, 0, 0, 1, 48.34, 25902, 60, 0, 0
525, 186, 1, 5, 0, 0, 0.09%, 0, 0, 1, 48.41, 26152, 60, 0, 0
530, 188, 1, 5, 0, 0, 0.09%, 0, 0, 1, 48.46, 26402, 60, 0, 0
535, 190, 1, 5, 0, 0, 0.09%, 0, 0, 1, 48.48, 26652, 60, 0, 0
541, 191, 1, 5, 0, 0, 0.09%, 0, 0, 1, 48.20, 26902, 60, 0, 0
546, 193, 1, 5, 0, 0, 0.09%, 0, 0, 1, 48.12, 27152, 60, 0, 0
551, 195, 1, 5, 0, 0, 0.09%, 0, 0, 1, 48.12, 27402, 60, 0, 0
556, 197, 1, 5, 0, 0, 0.09%, 0, 0, 1, 48.11, 27652, 60, 0, 0
561, 199, 1, 5, 0, 0, 0.09%, 0, 0, 1, 48.09, 27902, 60, 0, 0
567, 200, 1, 5, 0, 0, 0.09%, 0, 0, 1, 50.35, 28161, 60, 0, 0
572, 202, 1, 5, 0, 0, 0.09%, 0, 0, 1, 48.53, 28404, 60, 0, 0
577, 204, 1, 5, 0, 0, 0.09%, 0, 0, 1, 48.11, 28644, 60, 0, 0
582, 206, 1, 5, 0, 0, 0.09%, 0, 0, 1, 47.98, 28884, 60, 0, 0
587, 207, 1, 5, 0, 0, 0.09%, 0, 0, 1, 50.05, 29139, 60, 0, 0
592, 209, 1, 5, 0, 0, 0.09%, 0, 0, 1, 50.91, 29403, 60, 0, 0
597, 211, 1, 5, 0, 0, 0.09%, 0, 0, 1, 51.18, 29667, 60, 0, 0
602, 213, 1, 5, 0, 0, 0.09%, 0, 0, 1, 49.37, 29916, 60, 0, 0
607, 215, 1, 5, 0, 0, 0.09%, 0, 0, 1, 48.41, 30166, 60, 0, 0
612, 216, 1, 5, 0, 0, 0.09%, 0, 0, 1, 48.13, 30416, 60, 0, 0
617, 218, 1, 5, 0, 0, 0.09%, 0, 0, 1, 48.00, 30656, 60, 0, 0
622, 220, 1, 5, 0, 0, 0.09%, 0, 0, 1, 47.79, 30896, 60, 0, 0
627, 222, 1, 5, 0, 0, 0.09%, 0, 0, 1, 47.88, 31136, 60, 0, 0
632, 223, 1, 5, 0, 0, 0.09%, 0, 0, 1, 47.90, 31376, 60, 0, 0
638, 225, 1, 5, 0, 0, 0.09%, 0, 0, 1, 50.43, 31635, 60, 0, 0
643, 227, 1, 5, 0, 0, 0.09%, 0, 0, 1, 51.22, 31899, 60, 0, 0
648, 229, 1, 5, 0, 0, 0.09%, 0, 0, 1, 51.43, 32163, 60, 0, 0
653, 231, 1, 5, 0, 0, 0.09%, 0, 0, 1, 50.07, 32421, 60, 0, 0
658, 233, 1, 5, 0, 0, 0.09%, 0, 0, 1, 48.02, 32661, 60, 0, 0
663, 234, 1, 5, 0, 0, 0.09%, 0, 0, 1, 47.26, 32901, 60, 0, 0
668, 236, 1, 5, 0, 0, 0.09%, 0, 0, 1, 47.19, 33141, 60, 0, 0
673, 238, 1, 5, 0, 0, 0.09%, 0, 0, 1, 47.31, 33381, 60, 0, 0
678, 239, 1, 5, 0, 0, 0.09%, 0, 0, 1, 47.32, 33621, 60, 0, 0
683, 241, 1, 5, 0, 0, 0.09%, 0, 0, 1, 47.43, 33861, 60, 0, 0
688, 243, 1, 5, 0, 0, 0.09%, 0, 0, 1, 47.60, 34101, 60, 0, 0
694, 245, 1, 5, 0, 0, 0.09%, 0, 0, 1, 49.36, 34351, 60, 0, 0
699, 246, 1, 5, 0, 0, 0.09%, 0, 0, 1, 50.58, 34614, 60, 0, 0
704, 248, 1, 5, 0, 0, 0.09%, 0, 0, 1, 50.80, 34878, 60, 0, 0
709, 250, 1, 5, 0, 0, 0.09%, 0, 0, 1, 50.92, 35142, 60, 0, 0
714, 252, 1, 5, 0, 0, 0.09%, 0, 0, 1, 50.89, 35406, 60, 0, 0
719, 254, 1, 5, 0, 0, 0.09%, 0, 0, 1, 50.91, 35669, 60, 0, 0
725, 256, 1, 5, 0, 0, 0.09%, 0, 0, 1, 50.93, 35932, 60, 0, 0
730, 258, 1, 5, 0, 0, 0.09%, 0, 0, 1, 50.87, 36196, 60, 0, 0
735, 260, 1, 5, 0, 0, 0.09%, 0, 0, 1, 50.89, 36459, 60, 0, 0
740, 262, 1, 5, 0, 0, 0.09%, 0, 0, 1, 51.05, 36723, 60, 0, 0
745, 263, 1, 5, 0, 0, 0.09%, 0, 0, 1, 50.36, 36981, 60, 0, 0
750, 265, 1, 5, 0, 0, 0.09%, 0, 0, 1, 48.72, 37231, 60, 0, 0
756, 267, 1, 5, 0, 0, 0.09%, 0, 0, 1, 50.61, 37492, 60, 0, 0
761, 269, 1, 5, 0, 0, 0.09%, 0, 0, 1, 51.55, 37756, 60, 0, 0
766, 271, 1, 5, 0, 0, 0.09%, 0, 0, 1, 51.61, 38020, 60, 0, 0
771, 273, 1, 5, 0, 0, 0.09%, 0, 0, 1, 51.36, 38284, 60, 0, 0
776, 275, 1, 5, 0, 0, 0.09%, 0, 0, 1, 51.19, 38548, 60, 0, 0
781, 276, 1, 5, 0, 0, 0.09%, 0, 0, 1, 51.28, 38810, 60, 0, 0
786, 278, 1, 5, 0, 0, 0.09%, 0, 0, 1, 51.93, 39074, 60, 0, 0
791, 280, 1, 5, 0, 0, 0.09%, 0, 0, 1, 52.10, 39338, 60, 0, 0
796, 282, 1, 5, 0, 0, 0.09%, 0, 0, 1, 52.07, 39602, 60, 0, 0
801, 284, 1, 5, 0, 0, 0.09%, 0, 0, 1, 52.14, 39866, 60, 0, 0
806, 286, 1, 5, 0, 0, 0.09%, 0, 0, 1, 52.08, 40129, 60, 0, 0
812, 288, 1, 5, 0, 0, 0.09%, 0, 0, 1, 52.08, 40393, 60, 0, 0
817, 290, 1, 5, 0, 0, 0.09%, 0, 0, 1, 51.70, 40656, 60, 0, 0
822, 292, 1, 5, 0, 0, 0.09%, 0, 0, 1, 51.85, 40920, 60, 0, 0
827, 293, 1, 5, 0, 0, 0.09%, 0, 0, 1, 51.91, 41184, 60, 0, 0
832, 295, 1, 5, 0, 0, 0.09%, 0, 0, 1, 51.98, 41448, 60, 0, 0
837, 297, 1, 5, 0, 0, 0.09%, 0, 0, 1, 51.91, 41712, 60, 0, 0
842, 299, 1, 5, 0, 0, 0.09%, 0, 0, 1, 51.56, 41975, 60, 0, 0
847, 301, 1, 5, 0, 0, 0.09%, 0, 0, 1, 51.32, 42236, 60, 0, 0
852, 303, 1, 5, 0, 0, 0.09%, 0, 0, 1, 51.65, 42500, 60, 0, 0
857, 305, 1, 5, 0, 0, 0.09%, 0, 0, 1, 51.65, 42764, 60, 0, 0
863, 307, 1, 5, 0, 0, 0.09%, 0, 0, 1, 51.52, 43028, 60, 0, 0
868, 308, 1, 5, 0, 0, 0.09%, 0, 0, 1, 51.49, 43292, 60, 0, 0
873, 310, 1, 5, 0, 0, 0.09%, 0, 0, 1, 51.60, 43556, 60, 0, 0
878, 312, 1, 5, 0, 0, 0.09%, 0, 0, 1, 51.59, 43820, 60, 0, 0
883, 314, 1, 5, 0, 0, 0.09%, 0, 0, 1, 51.53, 44084, 60, 0, 0
888, 316, 1, 5, 0, 0, 0.09%, 0, 0, 1, 51.56, 44348, 60, 0, 0
893, 318, 1, 5, 0, 0, 0.09%, 0, 0, 1, 51.51, 44612, 60, 0, 0
897, 319, 1, 5, 0, 0, 0.09%, 0, 0, 1, 46.26, 44814, 60, 0, 0
