# relative_time, cycles_done, cur_item, corpus_count, pending_total, pending_favs, map_size, saved_crashes, saved_hangs, max_depth, execs_per_sec, total_execs, edges_found, total_crashes, servers_count
60, 7, 0, 5, 0, 0, 0.09%, 0, 0, 1, 18.11, 1156, 61, 0, 0
66, 8, 1, 5, 0, 0, 0.09%, 0, 0, 1, 18.10, 1250, 61, 0, 0
71, 9, 0, 5, 0, 0, 0.09%, 0, 0, 1, 18.38, 1343, 61, 0, 0
76, 9, 1, 5, 0, 0, 0.09%, 0, 0, 1, 18.35, 1437, 61, 0, 0
81, 10, 1, 5, 0, 0, 0.09%, 0, 0, 1, 18.20, 1529, 61, 0, 0
86, 11, 1, 5, 0, 0, 0.09%, 0, 0, 1, 18.73, 1625, 61, 0, 0
91, 11, 0, 5, 0, 0, 0.09%, 0, 0, 1, 18.59, 1718, 61, 0, 0
96, 12, 1, 5, 0, 0, 0.09%, 0, 0, 1, 18.11, 1810, 61, 0, 0
101, 13, 1, 5, 0, 0, 0.09%, 0, 0, 1, 18.47, 1903, 61, 0, 0
107, 13, 1, 5, 0, 0, 0.09%, 0, 0, 1, 17.85, 1995, 61, 0, 0
112, 14, 1, 5, 0, 0, 0.09%, 0, 0, 1, 18.55, 2091, 61, 0, 0
117, 15, 1, 5, 0, 0, 0.09%, 0, 0, 1, 18.80, 2186, 61, 0, 0
122, 15, 1, 5, 0, 0, 0.09%, 0, 0, 1, 18.03, 2278, 61, 0, 0
127, 16, 0, 5, 0, 0, 0.09%, 0, 0, 1, 18.23, 2371, 61, 0, 0
132, 17, 1, 5, 0, 0, 0.09%, 0, 0, 1, 17.51, 2459, 61, 0, 0
137, 17, 1, 5, 0, 0, 0.09%, 0, 0, 1, 17.89, 2552, 61, 0, 0
142, 18, 1, 5, 0, 0, 0.09%, 0, 0, 1, 18.24, 2643, 61, 0, 0
147, 19, 1, 5, 0, 0, 0.09%, 0, 0, 1, 17.15, 2727, 61, 0, 0
152, 19, 0, 5, 0, 0, 0.09%, 0, 0, 1, 16.66, 2811, 61, 0, 0
158, 20, 1, 5, 0, 0, 0.09%, 0, 0, 1, 17.53, 2901, 61, 0, 0
163, 21, 0, 5, 0, 0, 0.09%, 0, 0, 1, 17.98, 2993, 61, 0, 0
168, 21, 0, 5, 0, 0, 0.09%, 0, 0, 1, 18.54, 3088, 61, 0, 0
173, 22, 1, 5, 0, 0, 0.09%, 0, 0, 1, 18.33, 3181, 61, 0, 0
178, 23, 1, 5, 0, 0, 0.09%, 0, 0, 1, 18.14, 3274, 61, 0, 0
183, 23, 0, 5, 0, 0, 0.09%, 0, 0, 1, 18.45, 3368, 61, 0, 0
188, 24, 1, 5, 0, 0, 0.09%, 0, 0, 1, 18.17, 3460, 61, 0, 0
193, 25, 1, 5, 0, 0, 0.09%, 0, 0, 1, 18.07, 3554, 61, 0, 0
198, 25, 1, 5, 0, 0, 0.09%, 0, 0, 1, 17.72, 3640, 61, 0, 0
203, 26, 1, 5, 0, 0, 0.09%, 0, 0, 1, 17.52, 3728, 61, 0, 0
209, 26, 1, 5, 0, 0, 0.09%, 0, 0, 1, 18.18, 3822, 61, 0, 0
214, 27, 1, 5, 0, 0, 0.09%, 0, 0, 1, 18.01, 3915, 61, 0, 0
219, 28, 1, 5, 0, 0, 0.09%, 0, 0, 1, 18.34, 4008, 61, 0, 0
224, 28, 0, 5, 0, 0, 0.09%, 0, 0, 1, 17.83, 4101, 61, 0, 0
229, 29, 1, 5, 0, 0, 0.09%, 0, 0, 1, 18.64, 4199, 61, 0, 0
234, 30, 1, 5, 0, 0, 0.09%, 0, 0, 1, 18.28, 4294, 61, 0, 0
239, 31, 1, 5, 0, 0, 0.09%, 0, 0, 1, 18.12, 4386, 61, 0, 0
245, 31, 1, 5, 0, 0, 0.09%, 0, 0, 1, 17.79, 4478, 61, 0, 0
250, 32, 1, 5, 0, 0, 0.09%, 0, 0, 1, 18.09, 4568, 61, 0, 0
255, 33, 0, 5, 0, 0, 0.09%, 0, 0, 1, 18.75, 4664, 61, 0, 0
260, 33, 1, 5, 0, 0, 0.09%, 0, 0, 1, 18.28, 4754, 61, 0, 0
265, 34, 1, 5, 0, 0, 0.09%, 0, 0, 1, 18.14, 4847, 61, 0, 0
270, 34, 1, 5, 0, 0, 0.09%, 0, 0, 1, 18.35, 4942, 61, 0, 0
275, 35, 1, 5, 0, 0, 0.09%, 0, 0, 1, 18.39, 5037, 61, 0, 0
280, 36, 1, 5, 0, 0, 0.09%, 0, 0, 1, 18.98, 5135, 61, 0, 0
285, 37, 1, 5, 0, 0, 0.09%, 0, 0, 1, 18.53, 5228, 61, 0, 0
290, 37, 1, 5, 0, 0, 0.09%, 0, 0, 1, 18.42, 5320, 61, 0, 0
296, 38, 1, 5, 0, 0, 0.09%, 0, 0, 1, 18.52, 5414, 61, 0, 0
301, 39, 1, 5, 0, 0, 0.09%, 0, 0, 1, 18.18, 5507, 61, 0, 0
306, 39, 0, 5, 0, 0, 0.09%, 0, 0, 1, 17.82, 5599, 61, 0, 0
311, 40, 1, 5, 0, 0, 0.09%, 0, 0, 1, 17.71, 5691, 61, 0, 0
316, 40, 1, 5, 0, 0, 0.09%, 0, 0, 1, 17.93, 5781, 61, 0, 0
321, 41, 1, 5, 0, 0, 0.09%, 0, 0, 1, 18.14, 5874, 61, 0, 0
326, 42, 0, 5, 0, 0, 0.09%, 0, 0, 1, 18.23, 5968, 61, 0, 0
332, 43, 1, 5, 0, 0, 0.09%, 0, 0, 1, 18.44, 6063, 61, 0, 0
337, 43, 1, 5, 0, 0, 0.09%, 0, 0, 1, 18.85, 6160, 61, 0, 0
342, 44, 1, 5, 0, 0, 0.09%, 0, 0, 1, 18.63, 6254, 61, 0, 0
347, 45, 1, 5, 0, 0, 0.09%, 0, 0, 1, 18.76, 6348, 61, 0, 0
352, 45, 1, 5, 0, 0, 0.09%, 0, 0, 1, 18.32, 6440, 61, 0, 0
357, 46, 1, 5, 0, 0, 0.09%, 0, 0, 1, 18.41, 6535, 61, 0, 0
362, 47, 1, 5, 0, 0, 0.09%, 0, 0, 1, 18.44, 6627, 61, 0, 0
367, 47, 1, 5, 0, 0, 0.09%, 0, 0, 1, 18.15, 6719, 61, 0, 0
372, 48, 1, 5, 0, 0, 0.09%, 0, 0, 1, 18.39, 6812, 61, 0, 0
377, 49, 1, 5, 0, 0, 0.09%, 0, 0, 1, 18.69, 6907, 61, 0, 0
382, 49, 1, 5, 0, 0, 0.09%, 0, 0, 1, 18.08, 6999, 61, 0, 0
387, 50, 1, 5, 0, 0, 0.09%, 0, 0, 1, 18.52, 7094, 61, 0, 0
392, 51, 1, 5, 0, 0, 0.09%, 0, 0, 1, 18.11, 7186, 61, 0, 0
397, 51, 1, 5, 0, 0, 0.09%, 0, 0, 1, 18.54, 7281, 61, 0, 0
403, 52, 1, 5, 0, 0, 0.09%, 0, 0, 1, 18.23, 7375, 61, 0, 0
408, 53, 0, 5, 0, 0, 0.09%, 0, 0, 1, 18.48, 7472, 61, 0, 0
413, 53, 1, 5, 0, 0, 0.09%, 0, 0, 1, 18.00, 7564, 61, 0, 0
418, 54, 0, 5, 0, 0, 0.09%, 0, 0, 1, 18.09, 7658, 61, 0, 0
423, 55, 1, 5, 0, 0, 0.09%, 0, 0, 1, 18.82, 7755, 61, 0, 0
428, 55, 1, 5, 0, 0, 0.09%, 0, 0, 1, 18.47, 7849, 61, 0, 0
434, 56, 0, 5, 0, 0, 0.09%, 0, 0, 1, 18.19, 7943, 61, 0, 0
439, 57, 1, 5, 0, 0, 0.09%, 0, 0, 1, 18.07, 8036, 61, 0, 0
444, 57, 1, 5, 0, 0, 0.09%, 0, 0, 1, 18.67, 8134, 61, 0, 0
449, 58, 1, 5, 0, 0, 0.09%, 0, 0, 1, 17.78, 8222, 61, 0, 0
454, 59, 1, 5, 0, 0, 0.09%, 0, 0, 1, 18.24, 8318, 61, 0, 0
459, 59, 1, 5, 0, 0, 0.09%, 0, 0, 1, 18.42, 8414, 61, 0, 0
464, 60, 0, 5, 0, 0, 0.09%, 0, 0, 1, 18.53, 8508, 61, 0, 0
470, 61, 1, 5, 0, 0, 0.09%, 0, 0, 1, 18.00, 8600, 61, 0, 0
475, 61, 0, 5, 0, 0, 0.09%, 0, 0, 1, 17.92, 8692, 61, 0, 0
480, 62, 1, 5, 0, 0, 0.09%, 0, 0, 1, 18.69, 8786, 61, 0, 0
485, 63, 0, 5, 0, 0, 0.09%, 0, 0, 1, 18.14, 8878, 61, 0, 0
490, 63, 1, 5, 0, 0, 0.09%, 0, 0, 1, 18.38, 8972, 61, 0, 0
495, 64, 1, 5, 0, 0, 0.09%, 0, 0, 1, 18.10, 9062, 61, 0, 0
500, 65, 1, 5, 0, 0, 0.09%, 0, 0, 1, 18.44, 9157, 61, 0, 0
505, 65, 1, 5, 0, 0, 0.09%, 0, 0, 1, 18.12, 9251, 61, 0, 0
510, 66, 0, 5, 0, 0, 0.09%, 0, 0, 1, 17.64, 9339, 61, 0, 0
515, 67, 1, 5, 0, 0, 0.09%, 0, 0, 1, 18.21, 9432, 61, 0, 0
520, 67, 1, 5, 0, 0, 0.09%, 0, 0, 1, 18.57, 9528, 61, 0, 0
526, 68, 1, 5, 0, 0, 0.09%, 0, 0, 1, 18.18, 9622, 61, 0, 0
531, 69, 0, 5, 0, 0, 0.09%, 0, 0, 1, 18.20, 9714, 61, 0, 0
536, 69, 1, 5, 0, 0, 0.09%, 0, 0, 1, 18.33, 9809, 61, 0, 0
541, 70, 0, 5, 0, 0, 0.09%, 0, 0, 1, 18.51, 9905, 61, 0, 0
546, 71, 1, 5, 0, 0, 0.09%, 0, 0, 1, 18.17, 9997, 61, 0, 0
551, 71, 1, 5, 0, 0, 0.09%, 0, 0, 1, 18.17, 10089, 61, 0, 0
556, 72, 0, 5, 0, 0, 0.09%, 0, 0, 1, 18.43, 10186, 61, 0, 0
561, 73, 1, 5, 0, 0, 0.09%, 0, 0, 1, 18.43, 10278, 61, 0, 0
566, 73, 1, 5, 0, 0, 0.09%, 0, 0, 1, 18.49, 10371, 61, 0, 0
572, 74, 1, 5, 0, 0, 0.09%, 0, 0, 1, 18.41, 10467, 61, 0, 0
577, 75, 1, 5, 0, 0, 0.09%, 0, 0, 1, 18.55, 10562, 61, 0, 0
582, 75, 1, 5, 0, 0, 0.09%, 0, 0, 1, 18.29, 10657, 61, 0, 0
587, 76, 1, 5, 0, 0, 0.09%, 0, 0, 1, 18.65, 10750, 61, 0, 0
592, 77, 1, 5, 0, 0, 0.09%, 0, 0, 1, 18.77, 10845, 61, 0, 0
597, 77, 1, 5, 0, 0, 0.09%, 0, 0, 1, 18.40, 10937, 61, 0, 0
602, 78, 1, 5, 0, 0, 0.09%, 0, 0, 1, 18.22, 11028, 61, 0, 0
607, 79, 1, 5, 0, 0, 0.09%, 0, 0, 1, 18.95, 11127, 61, 0, 0
612, 79, 1, 5, 0, 0, 0.09%, 0, 0, 1, 19.04, 11224, 61, 0, 0
618, 80, 1, 5, 0, 0, 0.09%, 0, 0, 1, 17.11, 11308, 61, 0, 0
623, 81, 1, 5, 0, 0, 0.09%, 0, 0, 1, 17.56, 11396, 61, 0, 0
628, 81, 1, 5, 0, 0, 0.09%, 0, 0, 1, 18.15, 11489, 61, 0, 0
633, 82, 1, 5, 0, 0, 0.09%, 0, 0, 1, 18.50, 11585, 61, 0, 0
638, 83, 1, 5, 0, 0, 0.09%, 0, 0, 1, 18.33, 11680, 61, 0, 0
643, 83, 1, 5, 0, 0, 0.09%, 0, 0, 1, 18.15, 11773, 61, 0, 0
648, 84, 1, 5, 0, 0, 0.09%, 0, 0, 1, 18.60, 11868, 61, 0, 0
653, 85, 0, 5, 0, 0, 0.09%, 0, 0, 1, 18.56, 11963, 61, 0, 0
659, 85, 0, 5, 0, 0, 0.09%, 0, 0, 1, 18.00, 12056, 61, 0, 0
664, 86, 1, 5, 0, 0, 0.09%, 0, 0, 1, 18.11, 12148, 61, 0, 0
669, 87, 1, 5, 0, 0, 0.09%, 0, 0, 1, 17.95, 12240, 61, 0, 0
674, 87, 1, 5, 0, 0, 0.09%, 0, 0, 1, 18.39, 12333, 61, 0, 0
679, 88, 1, 5, 0, 0, 0.09%, 0, 0, 1, 18.40, 12426, 61, 0, 0
684, 89, 1, 5, 0, 0, 0.09%, 0, 0, 1, 18.47, 12522, 61, 0, 0
689, 89, 0, 5, 0, 0, 0.09%, 0, 0, 1, 18.39, 12616, 61, 0, 0
694, 90, 1, 5, 0, 0, 0.09%, 0, 0, 1, 18.87, 12711, 61, 0, 0
699, 91, 1, 5, 0, 0, 0.09%, 0, 0, 1, 18.06, 12801, 61, 0, 0
704, 91, 1, 5, 0, 0, 0.09%, 0, 0, 1, 18.48, 12895, 61, 0, 0
709, 92, 1, 5, 0, 0, 0.09%, 0, 0, 1, 18.21, 12988, 61, 0, 0
715, 93, 1, 5, 0, 0, 0.09%, 0, 0, 1, 18.18, 13082, 61, 0, 0
720, 93, 1, 5, 0, 0, 0.09%, 0, 0, 1, 18.16, 13175, 61, 0, 0
725, 94, 1, 5, 0, 0, 0.09%, 0, 0, 1, 18.47, 13271, 61, 0, 0
730, 95, 1, 5, 0, 0, 0.09%, 0, 0, 1, 19.23, 13370, 61, 0, 0
735, 95, 1, 5, 0, 0, 0.09%, 0, 0, 1, 18.43, 13463, 61, 0, 0
740, 96, 1, 5, 0, 0, 0.09%, 0, 0, 1, 18.01, 13556, 61, 0, 0
746, 97, 1, 5, 0, 0, 0.09%, 0, 0, 1, 17.84, 13650, 61, 0, 0
751, 97, 1, 5, 0, 0, 0.09%, 0, 0, 1, 17.65, 13742, 61, 0, 0
756, 98, 1, 5, 0, 0, 0.09%, 0, 0, 1, 17.85, 13834, 61, 0, 0
761, 99, 1, 5, 0, 0, 0.09%, 0, 0, 1, 18.98, 13933, 61, 0, 0
766, 99, 1, 5, 0, 0, 0.09%, 0, 0, 1, 18.65, 14031, 61, 0, 0
771, 100, 1, 5, 0, 0, 0.09%, 0, 0, 1, 17.88, 14119, 61, 0, 0
776, 101, 1, 5, 0, 0, 0.09%, 0, 0, 1, 19.00, 14217, 61, 0, 0
781, 101, 1, 5, 0, 0, 0.09%, 0, 0, 1, 18.52, 14311, 61, 0, 0
787, 102, 1, 5, 0, 0, 0.09%, 0, 0, 1, 18.89, 14409, 61, 0, 0
792, 103, 1, 5, 0, 0, 0.09%, 0, 0, 1, 18.82, 14505, 61, 0, 0
797, 103, 1, 5, 0, 0, 0.09%, 0, 0, 1, 18.40, 14598, 61, 0, 0
802, 104, 1, 5, 0, 0, 0.09%, 0, 0, 1, 18.41, 14694, 61, 0, 0
807, 105, 1, 5, 0, 0, 0.09%, 0, 0, 1, 17.99, 14786, 61, 0, 0
812, 105, 0, 5, 0, 0, 0.09%, 0, 0, 1, 17.99, 14879, 61, 0, 0
817, 106, 1, 5, 0, 0, 0.09%, 0, 0, 1, 18.31, 14972, 61, 0, 0
823, 107, 1, 5, 0, 0, 0.09%, 0, 0, 1, 18.45, 15067, 61, 0, 0
828, 107, 1, 5, 0, 0, 0.09%, 0, 0, 1, 18.29, 15160, 61, 0, 0
833, 108, 1, 5, 0, 0, 0.09%, 0, 0, 1, 18.23, 15253, 61, 0, 0
838, 109, 0, 5, 0, 0, 0.09%, 0, 0, 1, 18.04, 15346, 61, 0, 0
843, 109, 1, 5, 0, 0, 0.09%, 0, 0, 1, 18.08, 15438, 61, 0, 0
848, 110, 1, 5, 0, 0, 0.09%, 0, 0, 1, 18.07, 15530, 61, 0, 0
853, 111, 1, 5, 0, 0, 0.09%, 0, 0, 1, 18.20, 15623, 61, 0, 0
858, 111, 1, 5, 0, 0, 0.09%, 0, 0, 1, 18.04, 15715, 61, 0, 0
863, 112, 1, 5, 0, 0, 0.09%, 0, 0, 1, 18.24, 15808, 61, 0, 0
869, 113, 0, 5, 0, 0, 0.09%, 0, 0, 1, 17.79, 15900, 61, 0, 0
874, 113, 1, 5, 0, 0, 0.09%, 0, 0, 1, 18.61, 15995, 61, 0, 0
879, 114, 0, 5, 0, 0, 0.09%, 0, 0, 1, 18.63, 16091, 61, 0, 0
884, 115, 1, 5, 0, 0, 0.09%, 0, 0, 1, 18.95, 16187, 61, 0, 0
889, 116, 1, 5, 0, 0, 0.09%, 0, 0, 1, 18.85, 16283, 61, 0, 0
894, 116, 1, 5, 0, 0, 0.09%, 0, 0, 1, 17.93, 16375, 61, 0, 0
897, 116, 1, 5, 0, 0, 0.09%, 0, 0, 1, 17.50, 16417, 61, 0, 0
