# relative_time, cycles_done, cur_item, corpus_count, pending_total, pending_favs, map_size, saved_crashes, saved_hangs, max_depth, execs_per_sec, total_execs, edges_found, total_crashes, servers_count
61, 9, 6, 7, 0, 0, 0.32%, 0, 0, 3, 22.37, 1458, 209, 0, 0
66, 10, 1, 7, 0, 0, 0.32%, 0, 0, 3, 22.12, 1574, 209, 0, 0
71, 11, 1, 7, 0, 0, 0.32%, 0, 0, 3, 22.19, 1687, 209, 0, 0
76, 12, 0, 7, 0, 0, 0.32%, 0, 0, 3, 23.10, 1805, 209, 0, 0
81, 12, 1, 7, 0, 0, 0.32%, 0, 0, 3, 23.65, 1920, 209, 0, 0
86, 13, 1, 7, 0, 0, 0.32%, 0, 0, 3, 22.67, 2031, 209, 0, 0
92, 14, 1, 7, 0, 0, 0.32%, 0, 0, 3, 22.70, 2145, 209, 0, 0
97, 15, 5, 7, 0, 0, 0.32%, 0, 0, 3, 22.54, 2259, 209, 0, 0
102, 16, 1, 7, 0, 0, 0.32%, 0, 0, 3, 22.77, 2376, 209, 0, 0
107, 16, 0, 7, 0, 0, 0.32%, 0, 0, 3, 22.06, 2490, 209, 0, 0
112, 17, 1, 7, 0, 0, 0.32%, 0, 0, 3, 21.62, 2600, 209, 0, 0
117, 18, 1, 7, 0, 0, 0.32%, 0, 0, 3, 22.50, 2717, 209, 0, 0
122, 19, 1, 7, 0, 0, 0.32%, 0, 0, 3, 22.56, 2833, 209, 0, 0
128, 20, 5, 7, 0, 0, 0.32%, 0, 0, 3, 21.43, 2943, 209, 0, 0
133, 21, 5, 7, 0, 0, 0.32%, 0, 0, 3, 23.76, 3068, 209, 0, 0
138, 21, 0, 7, 0, 0, 0.32%, 0, 0, 3, 22.89, 3185, 209, 0, 0
143, 22, 6, 7, 0, 0, 0.32%, 0, 0, 3, 22.61, 3299, 209, 0, 0
148, 23, 6, 7, 0, 0, 0.32%, 0, 0, 3, 22.45, 3410, 209, 0, 0
153, 24, 6, 7, 0, 0, 0.32%, 0, 0, 3, 22.21, 3523, 209, 0, 0
158, 24, 1, 7, 0, 0, 0.32%, 0, 0, 3, 22.87, 3637, 209, 0, 0
163, 25, 5, 7, 0, 0, 0.32%, 0, 0, 3, 23.40, 3760, 209, 0, 0
168, 26, 1, 7, 0, 0, 0.32%, 0, 0, 3, 22.68, 3873, 209, 0, 0
173, 27, 5, 7, 0, 0, 0.32%, 0, 0, 3, 21.63, 3984, 209, 0, 0
178, 28, 1, 7, 0, 0, 0.32%, 0, 0, 3, 23.82, 4107, 209, 0, 0
184, 29, 5, 7, 0, 0, 0.32%, 0, 0, 3, 22.65, 4221, 209, 0, 0
189, 29, 1, 7, 0, 0, 0.32%, 0, 0, 3, 22.48, 4335, 209, 0, 0
194, 30, 6, 7, 0, 0, 0.32%, 0, 0, 3, 22.48, 4451, 209, 0, 0
199, 31, 6, 7, 0, 0, 0.32%, 0, 0, 3, 22.13, 4562, 209, 0, 0
204, 32, 1, 7, 0, 0, 0.32%, 0, 0, 3, 23.14, 4679, 209, 0, 0
209, 33, 1, 7, 0, 0, 0.32%, 0, 0, 3, 23.66, 4803, 209, 0, 0
214, 34, 6, 7, 0, 0, 0.32%, 0, 0, 3, 23.12, 4918, 209, 0, 0
219, 35, 5, 7, 0, 0, 0.32%, 0, 0, 3, 21.96, 5028, 209, 0, 0
224, 35, 1, 7, 0, 0, 0.32%, 0, 0, 3, 22.60, 5142, 209, 0, 0
229, 36, 6, 7, 0, 0, 0.32%, 0, 0, 3, 23.44, 5265, 209, 0, 0
235, 37, 1, 7, 0, 0, 0.32%, 0, 0, 3, 24.09, 5390, 209, 0, 0
240, 38, 0, 7, 0, 0, 0.32%, 0, 0, 3, 23.32, 5512, 209, 0, 0
245, 39, 6, 7, 0, 0, 0.32%, 0, 0, 3, 21.97, 5623, 209, 0, 0
250, 40, 1, 7, 0, 0, 0.32%, 0, 0, 3, 23.24, 5744, 209, 0, 0
255, 41, 0, 7, 0, 0, 0.32%, 0, 0, 3, 23.40, 5867, 209, 0, 0
261, 42, 5, 7, 0, 0, 0.32%, 0, 0, 3, 23.65, 5987, 209, 0, 0
266, 43, 1, 7, 0, 0, 0.32%, 0, 0, 3, 22.86, 6103, 209, 0, 0
271, 43, 1, 7, 0, 0, 0.32%, 0, 0, 3, 23.99, 6222, 209, 0, 0
276, 44, 1, 7, 0, 0, 0.32%, 0, 0, 3, 23.27, 6335, 209, 0, 0
281, 45, 5, 7, 0, 0, 0.32%, 0, 0, 3, 22.80, 6450, 209, 0, 0
286, 46, 1, 7, 0, 0, 0.32%, 0, 0, 3, 23.07, 6568, 209, 0, 0
291, 47, 5, 7, 0, 0, 0.32%, 0, 0, 3, 22.41, 6681, 209, 0, 0
296, 48, 1, 7, 0, 0, 0.32%, 0, 0, 3, 23.87, 6804, 209, 0, 0
301, 49, 1, 7, 0, 0, 0.32%, 0, 0, 3, 24.26, 6924, 209, 0, 0
306, 50, 6, 7, 0, 0, 0.32%, 0, 0, 3, 23.05, 7037, 209, 0, 0
312, 50, 5, 7, 0, 0, 0.32%, 0, 0, 3, 22.05, 7148, 209, 0, 0
317, 51, 6, 7, 0, 0, 0.32%, 0, 0, 3, 22.23, 7263, 209, 0, 0
322, 52, 1, 7, 0, 0, 0.32%, 0, 0, 3, 22.15, 7378, 209, 0, 0
327, 53, 1, 7, 0, 0, 0.32%, 0, 0, 3, 23.07, 7494, 209, 0, 0
332, 54, 1, 7, 0, 0, 0.32%, 0, 0, 3, 24.51, 7618, 209, 0, 0
337, 54, 1, 7, 0, 0, 0.32%, 0, 0, 3, 22.20, 7732, 209, 0, 0
342, 55, 1, 7, 0, 0, 0.32%, 0, 0, 3, 23.21, 7847, 209, 0, 0
347, 56, 1, 7, 0, 0, 0.32%, 0, 0, 3, 22.26, 7959, 209, 0, 0
352, 57, 6, 7, 0, 0, 0.32%, 0, 0, 3, 23.68, 8077, 209, 0, 0
358, 58, 5, 7, 0, 0, 0.32%, 0, 0, 3, 23.07, 8197, 209, 0, 0
363, 59, 1, 7, 0, 0, 0.32%, 0, 0, 3, 22.97, 8311, 209, 0, 0
368, 60, 1, 7, 0, 0, 0.32%, 0, 0, 3, 23.20, 8427, 209, 0, 0
373, 60, 6, 7, 0, 0, 0.32%, 0, 0, 3, 22.02, 8544, 209, 0, 0
378, 61, 1, 7, 0, 0, 0.32%, 0, 0, 3, 23.48, 8667, 209, 0, 0
383, 62, 1, 7, 0, 0, 0.32%, 0, 0, 3, 23.35, 8785, 209, 0, 0
388, 63, 1, 7, 0, 0, 0.32%, 0, 0, 3, 23.94, 8906, 209, 0, 0
394, 64, 1, 7, 0, 0, 0.32%, 0, 0, 3, 22.24, 9018, 209, 0, 0
399, 65, 0, 7, 0, 0, 0.32%, 0, 0, 3, 23.04, 9137, 209, 0, 0
404, 66, 1, 7, 0, 0, 0.32%, 0, 0, 3, 21.74, 9247, 209, 0, 0
409, 66, 0, 7, 0, 0, 0.32%, 0, 0, 3, 21.66, 9359, 209, 0, 0
414, 67, 6, 7, 0, 0, 0.32%, 0, 0, 3, 22.14, 9476, 209, 0, 0
419, 68, 5, 7, 0, 0, 0.32%, 0, 0, 3, 22.67, 9594, 209, 0, 0
424, 68, 0, 7, 0, 0, 0.32%, 0, 0, 3, 22.06, 9704, 209, 0, 0
430, 69, 1, 7, 0, 0, 0.32%, 0, 0, 3, 23.82, 9830, 209, 0, 0
435, 70, 0, 7, 0, 0, 0.32%, 0, 0, 3, 22.55, 9945, 209, 0, 0
440, 71, 0, 7, 0, 0, 0.32%, 0, 0, 3, 22.46, 10057, 209, 0, 0
445, 72, 6, 7, 0, 0, 0.32%, 0, 0, 3, 22.93, 10173, 209, 0, 0
450, 73, 0, 7, 0, 0, 0.32%, 0, 0, 3, 21.94, 10284, 209, 0, 0
455, 73, 6, 7, 0, 0, 0.32%, 0, 0, 3, 22.40, 10396, 209, 0, 0
460, 74, 0, 7, 0, 0, 0.32%, 0, 0, 3, 21.91, 10507, 209, 0, 0
465, 75, 5, 7, 0, 0, 0.32%, 0, 0, 3, 22.50, 10626, 209, 0, 0
471, 76, 6, 7, 0, 0, 0.32%, 0, 0, 3, 22.96, 10746, 209, 0, 0
476, 77, 0, 7, 0, 0, 0.32%, 0, 0, 3, 22.01, 10857, 209, 0, 0
481, 77, 5, 7, 0, 0, 0.32%, 0, 0, 3, 22.18, 10971, 209, 0, 0
486, 78, 5, 7, 0, 0, 0.32%, 0, 0, 3, 21.67, 11082, 209, 0, 0
491, 79, 6, 7, 0, 0, 0.32%, 0, 0, 3, 21.82, 11192, 209, 0, 0
496, 80, 0, 7, 0, 0, 0.32%, 0, 0, 3, 22.15, 11305, 209, 0, 0
501, 81, 0, 7, 0, 0, 0.32%, 0, 0, 3, 22.64, 11427, 209, 0, 0
506, 81, 5, 7, 0, 0, 0.32%, 0, 0, 3, 21.99, 11538, 209, 0, 0
511, 82, 1, 7, 0, 0, 0.32%, 0, 0, 3, 22.42, 11651, 209, 0, 0
517, 83, 5, 7, 0, 0, 0.32%, 0, 0, 3, 22.51, 11767, 209, 0, 0
522, 84, 1, 7, 0, 0, 0.32%, 0, 0, 3, 22.30, 11882, 209, 0, 0
527, 85, 1, 7, 0, 0, 0.32%, 0, 0, 3, 23.46, 12001, 209, 0, 0
532, 86, 6, 7, 0, 0, 0.32%, 0, 0, 3, 23.73, 12124, 209, 0, 0
537, 86, 1, 7, 0, 0, 0.32%, 0, 0, 3, 21.35, 12228, 209, 0, 0
542, 87, 1, 7, 0, 0, 0.32%, 0, 0, 3, 22.98, 12343, 209, 0, 0
547, 88, 0, 7, 0, 0, 0.32%, 0, 0, 3, 22.49, 12460, 209, 0, 0
552, 89, 1, 7, 0, 0, 0.32%, 0, 0, 3, 21.49, 12569, 209, 0, 0
557, 90, 6, 7, 0, 0, 0.32%, 0, 0, 3, 22.89, 12685, 209, 0, 0
562, 91, 1, 7, 0, 0, 0.32%, 0, 0, 3, 22.47, 12799, 209, 0, 0
568, 91, 1, 7, 0, 0, 0.32%, 0, 0, 3, 22.62, 12912, 209, 0, 0
573, 92, 1, 7, 0, 0, 0.32%, 0, 0, 3, 23.01, 13029, 209, 0, 0
578, 93, 1, 7, 0, 0, 0.32%, 0, 0, 3, 21.99, 13140, 209, 0, 0
583, 94, 1, 7, 0, 0, 0.32%, 0, 0, 3, 21.89, 13251, 209, 0, 0
588, 94, 5, 7, 0, 0, 0.32%, 0, 0, 3, 20.13, 13354, 209, 0, 0
593, 95, 1, 7, 0, 0, 0.32%, 0, 0, 3, 21.22, 13464, 209, 0, 0
598, 96, 1, 7, 0, 0, 0.32%, 0, 0, 3, 22.80, 13581, 209, 0, 0
603, 97, 5, 7, 0, 0, 0.32%, 0, 0, 3, 23.85, 13706, 209, 0, 0
609, 98, 6, 7, 0, 0, 0.32%, 0, 0, 3, 22.62, 13822, 209, 0, 0
614, 99, 6, 7, 0, 0, 0.32%, 0, 0, 3, 22.42, 13941, 209, 0, 0
619, 100, 1, 7, 0, 0, 0.32%, 0, 0, 3, 23.84, 14063, 209, 0, 0
624, 101, 6, 7, 0, 0, 0.32%, 0, 0, 3, 22.47, 14176, 209, 0, 0
629, 102, 6, 7, 0, 0, 0.32%, 0, 0, 3, 23.00, 14293, 209, 0, 0
634, 103, 6, 7, 0, 0, 0.32%, 0, 0, 3, 22.27, 14408, 209, 0, 0
639, 103, 1, 7, 0, 0, 0.32%, 0, 0, 3, 21.71, 14519, 209, 0, 0
644, 104, 5, 7, 0, 0, 0.32%, 0, 0, 3, 23.26, 14642, 209, 0, 0
649, 105, 5, 7, 0, 0, 0.32%, 0, 0, 3, 23.69, 14762, 209, 0, 0
655, 106, 5, 7, 0, 0, 0.32%, 0, 0, 3, 22.50, 14875, 209, 0, 0
660, 107, 1, 7, 0, 0, 0.32%, 0, 0, 3, 22.73, 14992, 209, 0, 0
665, 107, 0, 7, 0, 0, 0.32%, 0, 0, 3, 21.60, 15102, 209, 0, 0
670, 108, 1, 7, 0, 0, 0.32%, 0, 0, 3, 23.08, 15220, 209, 0, 0
675, 109, 1, 7, 0, 0, 0.32%, 0, 0, 3, 22.80, 15337, 209, 0, 0
680, 110, 1, 7, 0, 0, 0.32%, 0, 0, 3, 22.37, 15452, 209, 0, 0
685, 111, 6, 7, 0, 0, 0.32%, 0, 0, 3, 23.66, 15574, 209, 0, 0
690, 112, 5, 7, 0, 0, 0.32%, 0, 0, 3, 23.38, 15693, 209, 0, 0
695, 113, 1, 7, 0, 0, 0.32%, 0, 0, 3, 23.44, 15815, 209, 0, 0
701, 114, 5, 7, 0, 0, 0.32%, 0, 0, 3, 23.87, 15939, 209, 0, 0
706, 115, 1, 7, 0, 0, 0.32%, 0, 0, 3, 23.36, 16058, 209, 0, 0
711, 116, 5, 7, 0, 0, 0.32%, 0, 0, 3, 23.85, 16180, 209, 0, 0
716, 116, 1, 7, 0, 0, 0.32%, 0, 0, 3, 23.23, 16297, 209, 0, 0
721, 117, 6, 7, 0, 0, 0.32%, 0, 0, 3, 22.66, 16413, 209, 0, 0
726, 118, 1, 7, 0, 0, 0.32%, 0, 0, 3, 22.00, 16525, 209, 0, 0
731, 119, 1, 7, 0, 0, 0.32%, 0, 0, 3, 22.58, 16641, 209, 0, 0
737, 119, 1, 7, 0, 0, 0.32%, 0, 0, 3, 21.87, 16753, 209, 0, 0
742, 120, 1, 7, 0, 0, 0.32%, 0, 0, 3, 22.20, 16866, 209, 0, 0
747, 121, 1, 7, 0, 0, 0.32%, 0, 0, 3, 23.23, 16987, 209, 0, 0
752, 122, 1, 7, 0, 0, 0.32%, 0, 0, 3, 23.93, 17106, 209, 0, 0
757, 123, 1, 7, 0, 0, 0.32%, 0, 0, 3, 23.01, 17224, 209, 0, 0
762, 124, 6, 7, 0, 0, 0.32%, 0, 0, 3, 22.24, 17339, 209, 0, 0
767, 125, 1, 7, 0, 0, 0.32%, 0, 0, 3, 24.25, 17464, 209, 0, 0
772, 126, 0, 7, 0, 0, 0.32%, 0, 0, 3, 23.07, 17579, 209, 0, 0
777, 126, 1, 7, 0, 0, 0.32%, 0, 0, 3, 22.28, 17692, 209, 0, 0
782, 127, 1, 7, 0, 0, 0.32%, 0, 0, 3, 22.76, 17808, 209, 0, 0
788, 128, 1, 7, 0, 0, 0.32%, 0, 0, 3, 22.86, 17929, 209, 0, 0
793, 129, 5, 7, 0, 0, 0.32%, 0, 0, 3, 21.61, 18039, 209, 0, 0
798, 130, 1, 7, 0, 0, 0.32%, 0, 0, 3, 22.93, 18155, 209, 0, 0
803, 131, 1, 7, 0, 0, 0.32%, 0, 0, 3, 24.13, 18276, 209, 0, 0
808, 132, 6, 7, 0, 0, 0.32%, 0, 0, 3, 22.53, 18389, 209, 0, 0
813, 132, 5, 7, 0, 0, 0.32%, 0, 0, 3, 22.85, 18509, 209, 0, 0
818, 133, 0, 7, 0, 0, 0.32%, 0, 0, 3, 22.18, 18622, 209, 0, 0
824, 134, 6, 7, 0, 0, 0.32%, 0, 0, 3, 23.15, 18744, 209, 0, 0
829, 135, 1, 7, 0, 0, 0.32%, 0, 0, 3, 22.82, 18859, 209, 0, 0
834, 135, 1, 7, 0, 0, 0.32%, 0, 0, 3, 21.88, 18970, 209, 0, 0
839, 136, 5, 7, 0, 0, 0.32%, 0, 0, 3, 22.57, 19087, 209, 0, 0
844, 137, 1, 7, 0, 0, 0.32%, 0, 0, 3, 24.92, 19215, 209, 0, 0
849, 138, 0, 7, 0, 0, 0.32%, 0, 0, 3, 22.87, 19327, 209, 0, 0
854, 139, 0, 7, 0, 0, 0.32%, 0, 0, 3, 22.98, 19444, 209, 0, 0
860, 139, 1, 7, 0, 0, 0.32%, 0, 0, 3, 23.68, 19565, 209, 0, 0
865, 140, 1, 7, 0, 0, 0.32%, 0, 0, 3, 22.91, 19679, 209, 0, 0
870, 141, 6, 7, 0, 0, 0.32%, 0, 0, 3, 22.85, 19798, 209, 0, 0
875, 142, 1, 7, 0, 0, 0.32%, 0, 0, 3, 21.92, 19909, 209, 0, 0
880, 143, 5, 7, 0, 0, 0.32%, 0, 0, 3, 22.41, 20024, 209, 0, 0
885, 143, 6, 7, 0, 0, 0.32%, 0, 0, 3, 22.99, 20142, 209, 0, 0
890, 144, 1, 7, 0, 0, 0.32%, 0, 0, 3, 22.39, 20252, 209, 0, 0
895, 145, 1, 7, 0, 0, 0.32%, 0, 0, 3, 23.23, 20374, 209, 0, 0
897, 145, 1, 7, 0, 0, 0.32%, 0, 0, 3, 0.00, 20419, 209, 0, 0
