# relative_time, cycles_done, cur_item, corpus_count, pending_total, pending_favs, map_size, saved_crashes, saved_hangs, max_depth, execs_per_sec, total_execs, edges_found, total_crashes, servers_count
61, 0, 1, 12, 9, 2, 0.11%, 0, 0, 2, 35.96, 2225, 72, 0, 0
66, 0, 1, 12, 9, 2, 0.11%, 0, 0, 2, 36.47, 2413, 72, 0, 0
71, 0, 1, 12, 9, 2, 0.11%, 0, 0, 2, 36.40, 2599, 72, 0, 0
76, 0, 1, 12, 9, 2, 0.11%, 0, 0, 2, 36.38, 2784, 72, 0, 0
81, 0, 1, 12, 9, 2, 0.11%, 0, 0, 2, 36.91, 2974, 72, 0, 0
87, 0, 1, 12, 9, 2, 0.11%, 0, 0, 2, 36.39, 3160, 72, 0, 0
92, 0, 1, 12, 9, 2, 0.11%, 0, 0, 2, 36.82, 3348, 72, 0, 0
97, 0, 1, 12, 9, 2, 0.11%, 0, 0, 2, 36.79, 3536, 72, 0, 0
102, 0, 1, 12, 9, 2, 0.11%, 0, 0, 2, 36.22, 3721, 72, 0, 0
107, 0, 1, 12, 9, 2, 0.11%, 0, 0, 2, 36.34, 3907, 72, 0, 0
112, 0, 1, 12, 9, 2, 0.11%, 0, 0, 2, 36.67, 4094, 72, 0, 0
117, 0, 1, 12, 9, 2, 0.11%, 0, 0, 2, 36.96, 4282, 72, 0, 0
122, 0, 1, 12, 9, 2, 0.11%, 0, 0, 2, 36.54, 4468, 72, 0, 0
127, 0, 1, 12, 9, 2, 0.11%, 0, 0, 2, 36.25, 4654, 72, 0, 0
133, 0, 1, 12, 9, 2, 0.11%, 0, 0, 2, 36.95, 4844, 72, 0, 0
138, 0, 1, 12, 9, 2, 0.11%, 0, 0, 2, 36.72, 5031, 72, 0, 0
143, 0, 1, 12, 9, 2, 0.11%, 0, 0, 2, 35.82, 5215, 72, 0, 0
148, 0, 6, 12, 4, 3, 0.11%, 0, 0, 2, 31.51, 5379, 72, 0, 0
153, 0, 1, 12, 1, 0, 0.11%, 0, 0, 2, 27.47, 5513, 72, 0, 0
158, 1, 1, 12, 1, 0, 0.11%, 0, 0, 2, 29.51, 5666, 72, 0, 0
164, 1, 7, 12, 1, 0, 0.11%, 0, 0, 2, 28.41, 5810, 72, 0, 0
169, 2, 7, 12, 1, 0, 0.11%, 0, 0, 2, 28.51, 5953, 72, 0, 0
174, 3, 1, 12, 1, 0, 0.11%, 0, 0, 2, 28.10, 6101, 72, 0, 0
179, 3, 7, 12, 1, 0, 0.11%, 0, 0, 2, 28.68, 6244, 72, 0, 0
184, 4, 9, 12, 1, 0, 0.11%, 0, 0, 2, 27.02, 6377, 72, 0, 0
189, 4, 5, 12, 1, 0, 0.11%, 0, 0, 2, 29.39, 6528, 72, 0, 0
194, 5, 1, 12, 0, 0, 0.11%, 0, 0, 2, 28.43, 6669, 72, 0, 0
199, 5, 6, 12, 0, 0, 0.11%, 0, 0, 2, 30.03, 6826, 72, 0, 0
204, 6, 7, 12, 0, 0, 0.11%, 0, 0, 2, 28.69, 6972, 72, 0, 0
209, 6, 9, 12, 0, 0, 0.11%, 0, 0, 2, 28.68, 7115, 72, 0, 0
214, 7, 9, 12, 0, 0, 0.11%, 0, 0, 2, 28.13, 7258, 72, 0, 0
220, 7, 9, 12, 0, 0, 0.11%, 0, 0, 2, 27.31, 7401, 72, 0, 0
225, 8, 10, 12, 0, 0, 0.11%, 0, 0, 2, 27.84, 7542, 72, 0, 0
230, 8, 9, 12, 0, 0, 0.11%, 0, 0, 2, 28.12, 7686, 72, 0, 0
235, 9, 1, 12, 0, 0, 0.11%, 0, 0, 2, 27.48, 7827, 72, 0, 0
240, 9, 7, 12, 0, 0, 0.11%, 0, 0, 2, 28.42, 7967, 72, 0, 0
245, 10, 9, 12, 0, 0, 0.11%, 0, 0, 2, 27.06, 8099, 72, 0, 0
250, 10, 10, 12, 0, 0, 0.11%, 0, 0, 2, 25.67, 8230, 72, 0, 0
255, 11, 5, 12, 0, 0, 0.11%, 0, 0, 2, 25.83, 8360, 72, 0, 0
260, 11, 0, 12, 0, 0, 0.11%, 0, 0, 2, 27.71, 8500, 72, 0, 0
265, 12, 10, 12, 0, 0, 0.11%, 0, 0, 2, 25.70, 8635, 72, 0, 0
270, 12, 9, 12, 0, 0, 0.11%, 0, 0, 2, 27.94, 8775, 72, 0, 0
275, 13, 5, 12, 0, 0, 0.11%, 0, 0, 2, 27.92, 8916, 72, 0, 0
281, 14, 1, 12, 0, 0, 0.11%, 0, 0, 2, 28.25, 9058, 72, 0, 0
286, 14, 9, 12, 0, 0, 0.11%, 0, 0, 2, 28.29, 9199, 72, 0, 0
291, 15, 9, 12, 0, 0, 0.11%, 0, 0, 2, 27.83, 9342, 72, 0, 0
296, 15, 9, 12, 0, 0, 0.11%, 0, 0, 2, 27.30, 9481, 72, 0, 0
301, 16, 7, 12, 0, 0, 0.11%, 0, 0, 2, 28.10, 9623, 72, 0, 0
306, 16, 1, 12, 0, 0, 0.11%, 0, 0, 2, 29.12, 9768, 72, 0, 0
311, 17, 5, 12, 0, 0, 0.11%, 0, 0, 2, 27.57, 9907, 72, 0, 0
316, 17, 6, 12, 0, 0, 0.11%, 0, 0, 2, 28.68, 10053, 72, 0, 0
321, 18, 9, 12, 0, 0, 0.11%, 0, 0, 2, 26.29, 10186, 72, 0, 0
326, 18, 9, 12, 0, 0, 0.11%, 0, 0, 2, 25.12, 10313, 72, 0, 0
331, 19, 0, 12, 0, 0, 0.11%, 0, 0, 2, 27.94, 10461, 72, 0, 0
336, 19, 7, 12, 0, 0, 0.11%, 0, 0, 2, 27.21, 10596, 72, 0, 0
342, 20, 0, 12, 0, 0, 0.11%, 0, 0, 2, 25.26, 10727, 72, 0, 0
347, 20, 7, 12, 0, 0, 0.11%, 0, 0, 2, 26.36, 10861, 72, 0, 0
352, 21, 9, 12, 0, 0, 0.11%, 0, 0, 2, 28.07, 11009, 72, 0, 0
357, 21, 1, 12, 0, 0, 0.11%, 0, 0, 2, 27.52, 11147, 72, 0, 0
362, 22, 6, 12, 0, 0, 0.11%, 0, 0, 2, 27.29, 11284, 72, 0, 0
367, 22, 0, 12, 0, 0, 0.11%, 0, 0, 2, 26.88, 11419, 72, 0, 0
372, 23, 9, 12, 0, 0, 0.11%, 0, 0, 2, 28.87, 11568, 72, 0, 0
377, 23, 5, 12, 0, 0, 0.11%, 0, 0, 2, 28.06, 11706, 72, 0, 0
382, 24, 7, 12, 0, 0, 0.11%, 0, 0, 2, 27.51, 11842, 72, 0, 0
387, 25, 10, 12, 0, 0, 0.11%, 0, 0, 2, 28.19, 11984, 72, 0, 0
392, 25, 7, 12, 0, 0, 0.11%, 0, 0, 2, 27.72, 12121, 72, 0, 0
397, 26, 6, 12, 0, 0, 0.11%, 0, 0, 2, 27.73, 12262, 72, 0, 0
403, 26, 8, 12, 0, 0, 0.11%, 0, 0, 2, 27.76, 12400, 72, 0, 0
408, 27, 7, 12, 0, 0, 0.11%, 0, 0, 2, 28.26, 12544, 72, 0, 0
413, 27, 9, 12, 0, 0, 0.11%, 0, 0, 2, 28.79, 12691, 72, 0, 0
418, 28, 7, 12, 0, 0, 0.11%, 0, 0, 2, 27.53, 12833, 72, 0, 0
423, 28, 1, 12, 0, 0, 0.11%, 0, 0, 2, 25.54, 12957, 72, 0, 0
428, 29, 1, 12, 0, 0, 0.11%, 0, 0, 2, 28.91, 13110, 72, 0, 0
433, 29, 5, 12, 0, 0, 0.11%, 0, 0, 2, 28.87, 13258, 72, 0, 0
438, 30, 5, 12, 0, 0, 0.11%, 0, 0, 2, 27.86, 13394, 72, 0, 0
444, 30, 9, 12, 0, 0, 0.11%, 0, 0, 2, 28.37, 13547, 72, 0, 0
449, 31, 9, 12, 0, 0, 0.11%, 0, 0, 2, 26.95, 13682, 72, 0, 0
454, 31, 0, 12, 0, 0, 0.11%, 0, 0, 2, 26.22, 13817, 72, 0, 0
459, 32, 9, 12, 0, 0, 0.11%, 0, 0, 2, 27.82, 13958, 72, 0, 0
464, 32, 9, 12, 0, 0, 0.11%, 0, 0, 2, 26.54, 14092, 72, 0, 0
469, 33, 9, 12, 0, 0, 0.11%, 0, 0, 2, 26.55, 14235, 72, 0, 0
474, 33, 1, 12, 0, 0, 0.11%, 0, 0, 2, 26.97, 14375, 72, 0, 0
479, 34, 6, 12, 0, 0, 0.11%, 0, 0, 2, 26.60, 14515, 72, 0, 0
484, 34, 6, 12, 0, 0, 0.11%, 0, 0, 2, 25.42, 14641, 72, 0, 0
490, 35, 6, 12, 0, 0, 0.11%, 0, 0, 2, 26.07, 14775, 72, 0, 0
495, 36, 5, 12, 0, 0, 0.11%, 0, 0, 2, 28.55, 14918, 72, 0, 0
500, 36, 9, 12, 0, 0, 0.11%, 0, 0, 2, 27.05, 15056, 72, 0, 0
505, 37, 9, 12, 0, 0, 0.11%, 0, 0, 2, 29.02, 15203, 72, 0, 0
510, 37, 6, 12, 0, 0, 0.11%, 0, 0, 2, 27.66, 15339, 72, 0, 0
515, 38, 7, 12, 0, 0, 0.11%, 0, 0, 2, 26.55, 15469, 72, 0, 0
520, 38, 6, 12, 0, 0, 0.11%, 0, 0, 2, 27.16, 15606, 72, 0, 0
525, 39, 5, 12, 0, 0, 0.11%, 0, 0, 2, 28.03, 15749, 72, 0, 0
530, 39, 5, 12, 0, 0, 0.11%, 0, 0, 2, 28.00, 15893, 72, 0, 0
535, 40, 7, 12, 0, 0, 0.11%, 0, 0, 2, 26.22, 16021, 72, 0, 0
540, 40, 9, 12, 0, 0, 0.11%, 0, 0, 2, 25.87, 16155, 72, 0, 0
545, 41, 7, 12, 0, 0, 0.11%, 0, 0, 2, 24.47, 16276, 72, 0, 0
550, 41, 5, 12, 0, 0, 0.11%, 0, 0, 2, 25.81, 16406, 72, 0, 0
555, 42, 6, 12, 0, 0, 0.11%, 0, 0, 2, 26.64, 16545, 72, 0, 0
561, 42, 9, 12, 0, 0, 0.11%, 0, 0, 2, 26.17, 16676, 72, 0, 0
566, 43, 5, 12, 0, 0, 0.11%, 0, 0, 2, 29.26, 16822, 72, 0, 0
571, 43, 7, 12, 0, 0, 0.11%, 0, 0, 2, 28.43, 16970, 72, 0, 0
576, 44, 9, 12, 0, 0, 0.11%, 0, 0, 2, 27.52, 17112, 72, 0, 0
581, 44, 1, 12, 0, 0, 0.11%, 0, 0, 2, 27.54, 17252, 72, 0, 0
586, 45, 5, 12, 0, 0, 0.11%, 0, 0, 2, 27.69, 17394, 72, 0, 0
591, 45, 7, 12, 0, 0, 0.11%, 0, 0, 2, 26.42, 17526, 72, 0, 0
596, 46, 9, 12, 0, 0, 0.11%, 0, 0, 2, 26.27, 17661, 72, 0, 0
601, 46, 7, 12, 0, 0, 0.11%, 0, 0, 2, 28.74, 17815, 72, 0, 0
606, 47, 9, 12, 0, 0, 0.11%, 0, 0, 2, 27.69, 17954, 72, 0, 0
611, 47, 6, 12, 0, 0, 0.11%, 0, 0, 2, 25.75, 18084, 72, 0, 0
616, 48, 9, 12, 0, 0, 0.11%, 0, 0, 2, 27.60, 18223, 72, 0, 0
622, 48, 5, 12, 0, 0, 0.11%, 0, 0, 2, 29.46, 18369, 72, 0, 0
627, 49, 7, 12, 0, 0, 0.11%, 0, 0, 2, 28.89, 18510, 72, 0, 0
632, 49, 9, 12, 0, 0, 0.11%, 0, 0, 2, 29.07, 18658, 72, 0, 0
637, 50, 8, 12, 0, 0, 0.11%, 0, 0, 2, 27.03, 18792, 72, 0, 0
642, 50, 5, 12, 0, 0, 0.11%, 0, 0, 2, 28.20, 18942, 72, 0, 0
647, 51, 5, 12, 0, 0, 0.11%, 0, 0, 2, 27.46, 19079, 72, 0, 0
652, 51, 5, 12, 0, 0, 0.11%, 0, 0, 2, 26.16, 19210, 72, 0, 0
657, 52, 1, 12, 0, 0, 0.11%, 0, 0, 2, 28.61, 19356, 72, 0, 0
662, 53, 1, 12, 0, 0, 0.11%, 0, 0, 2, 27.33, 19494, 72, 0, 0
667, 53, 5, 12, 0, 0, 0.11%, 0, 0, 2, 27.01, 19627, 72, 0, 0
672, 54, 1, 12, 0, 0, 0.11%, 0, 0, 2, 26.40, 19761, 72, 0, 0
678, 54, 1, 12, 0, 0, 0.11%, 0, 0, 2, 26.67, 19894, 72, 0, 0
683, 55, 5, 12, 0, 0, 0.11%, 0, 0, 2, 28.53, 20045, 72, 0, 0
688, 55, 8, 12, 0, 0, 0.11%, 0, 0, 2, 26.92, 20180, 72, 0, 0
693, 56, 9, 12, 0, 0, 0.11%, 0, 0, 2, 27.90, 20327, 72, 0, 0
698, 56, 1, 12, 0, 0, 0.11%, 0, 0, 2, 25.66, 20455, 72, 0, 0
703, 57, 1, 12, 0, 0, 0.11%, 0, 0, 2, 28.58, 20603, 72, 0, 0
708, 57, 10, 12, 0, 0, 0.11%, 0, 0, 2, 27.41, 20743, 72, 0, 0
713, 58, 5, 12, 0, 0, 0.11%, 0, 0, 2, 28.93, 20891, 72, 0, 0
718, 58, 9, 12, 0, 0, 0.11%, 0, 0, 2, 28.11, 21034, 72, 0, 0
723, 59, 5, 12, 0, 0, 0.11%, 0, 0, 2, 26.73, 21170, 72, 0, 0
728, 59, 5, 12, 0, 0, 0.11%, 0, 0, 2, 26.59, 21300, 72, 0, 0
734, 60, 1, 12, 0, 0, 0.11%, 0, 0, 2, 25.24, 21428, 72, 0, 0
739, 60, 8, 12, 0, 0, 0.11%, 0, 0, 2, 26.16, 21565, 72, 0, 0
744, 61, 6, 12, 0, 0, 0.11%, 0, 0, 2, 26.88, 21700, 72, 0, 0
749, 61, 10, 12, 0, 0, 0.11%, 0, 0, 2, 27.18, 21845, 72, 0, 0
754, 62, 6, 12, 0, 0, 0.11%, 0, 0, 2, 25.82, 21975, 72, 0, 0
759, 62, 1, 12, 0, 0, 0.11%, 0, 0, 2, 26.82, 22108, 72, 0, 0
764, 63, 10, 12, 0, 0, 0.11%, 0, 0, 2, 27.42, 22248, 72, 0, 0
769, 63, 9, 12, 0, 0, 0.11%, 0, 0, 2, 26.44, 22379, 72, 0, 0
774, 64, 9, 12, 0, 0, 0.11%, 0, 0, 2, 28.26, 22522, 72, 0, 0
779, 64, 1, 12, 0, 0, 0.11%, 0, 0, 2, 27.57, 22663, 72, 0, 0
784, 65, 9, 12, 0, 0, 0.11%, 0, 0, 2, 27.21, 22803, 72, 0, 0
789, 65, 1, 12, 0, 0, 0.11%, 0, 0, 2, 26.18, 22933, 72, 0, 0
795, 66, 7, 12, 0, 0, 0.11%, 0, 0, 2, 23.62, 23049, 72, 0, 0
800, 66, 6, 12, 0, 0, 0.11%, 0, 0, 2, 27.47, 23194, 72, 0, 0
805, 67, 1, 12, 0, 0, 0.11%, 0, 0, 2, 27.33, 23330, 72, 0, 0
810, 67, 6, 12, 0, 0, 0.11%, 0, 0, 2, 26.14, 23462, 72, 0, 0
815, 68, 5, 12, 0, 0, 0.11%, 0, 0, 2, 26.21, 23595, 72, 0, 0
820, 68, 1, 12, 0, 0, 0.11%, 0, 0, 2, 26.95, 23732, 72, 0, 0
825, 69, 6, 12, 0, 0, 0.11%, 0, 0, 2, 27.69, 23870, 72, 0, 0
830, 69, 9, 12, 0, 0, 0.11%, 0, 0, 2, 27.80, 24010, 72, 0, 0
835, 70, 7, 12, 0, 0, 0.11%, 0, 0, 2, 29.14, 24164, 72, 0, 0
840, 71, 5, 12, 0, 0, 0.11%, 0, 0, 2, 28.60, 24306, 72, 0, 0
845, 71, 7, 12, 0, 0, 0.11%, 0, 0, 2, 28.32, 24452, 72, 0, 0
850, 72, 6, 12, 0, 0, 0.11%, 0, 0, 2, 26.40, 24574, 72, 0, 0
855, 72, 5, 12, 0, 0, 0.11%, 0, 0, 2, 27.85, 24716, 72, 0, 0
861, 73, 6, 12, 0, 0, 0.11%, 0, 0, 2, 29.99, 24878, 72, 0, 0
866, 73, 7, 12, 0, 0, 0.11%, 0, 0, 2, 28.11, 25027, 72, 0, 0
871, 74, 9, 12, 0, 0, 0.11%, 0, 0, 2, 26.23, 25160, 72, 0, 0
876, 74, 7, 12, 0, 0, 0.11%, 0, 0, 2, 27.46, 25300, 72, 0, 0
881, 75, 1, 12, 0, 0, 0.11%, 0, 0, 2, 27.54, 25439, 72, 0, 0
886, 75, 9, 12, 0, 0, 0.11%, 0, 0, 2, 28.23, 25584, 72, 0, 0
891, 76, 7, 12, 0, 0, 0.11%, 0, 0, 2, 27.73, 25724, 72, 0, 0
896, 76, 9, 12, 0, 0, 0.11%, 0, 0, 2, 27.59, 25865, 72, 0, 0
897, 77, 5, 12, 0, 0, 0.11%, 0, 0, 2, 27.81, 25895, 72, 0, 0
