# relative_time, cycles_done, cur_item, corpus_count, pending_total, pending_favs, map_size, saved_crashes, saved_hangs, max_depth, execs_per_sec, total_execs, edges_found, total_crashes, servers_count
61, 11, 1, 5, 0, 0, 0.25%, 0, 0, 1, 25.40, 1611, 161, 0, 0
66, 12, 1, 5, 0, 0, 0.25%, 0, 0, 1, 25.46, 1743, 161, 0, 0
72, 13, 1, 5, 0, 0, 0.25%, 0, 0, 1, 25.45, 1875, 161, 0, 0
77, 14, 1, 5, 0, 0, 0.25%, 0, 0, 1, 25.49, 2007, 161, 0, 0
82, 14, 1, 5, 0, 0, 0.25%, 0, 0, 1, 25.30, 2135, 161, 0, 0
87, 15, 1, 5, 0, 0, 0.25%, 0, 0, 1, 25.22, 2263, 161, 0, 0
92, 16, 1, 5, 0, 0, 0.25%, 0, 0, 1, 25.27, 2391, 161, 0, 0
97, 17, 1, 5, 0, 0, 0.25%, 0, 0, 1, 25.50, 2522, 161, 0, 0
102, 18, 1, 5, 0, 0, 0.25%, 0, 0, 1, 25.81, 2654, 161, 0, 0
107, 19, 1, 5, 0, 0, 0.25%, 0, 0, 1, 25.59, 2785, 161, 0, 0
113, 20, 1, 5, 0, 0, 0.25%, 0, 0, 1, 25.39, 2917, 161, 0, 0
118, 21, 1, 5, 0, 0, 0.25%, 0, 0, 1, 25.32, 3047, 161, 0, 0
123, 22, 1, 5, 0, 0, 0.25%, 0, 0, 1, 25.43, 3179, 161, 0, 0
128, 23, 1, 5, 0, 0, 0.25%, 0, 0, 1, 25.45, 3311, 161, 0, 0
133, 24, 1, 5, 0, 0, 0.25%, 0, 0, 1, 25.37, 3443, 161, 0, 0
138, 25, 1, 5, 0, 0, 0.25%, 0, 0, 1, 25.54, 3575, 161, 0, 0
143, 26, 1, 5, 0, 0, 0.25%, 0, 0, 1, 26.25, 3707, 161, 0, 0
148, 27, 1, 5, 0, 0, 0.25%, 0, 0, 1, 26.21, 3839, 161, 0, 0
154, 28, 1, 5, 0, 0, 0.25%, 0, 0, 1, 26.42, 3977, 161, 0, 0
159, 29, 1, 5, 0, 0, 0.25%, 0, 0, 1, 26.42, 4115, 161, 0, 0
164, 30, 1, 5, 0, 0, 0.25%, 0, 0, 1, 26.43, 4253, 161, 0, 0
169, 31, 1, 5, 0, 0, 0.25%, 0, 0, 1, 25.65, 4387, 161, 0, 0
174, 31, 1, 5, 0, 0, 0.25%, 0, 0, 1, 25.29, 4517, 161, 0, 0
180, 32, 1, 5, 0, 0, 0.25%, 0, 0, 1, 25.31, 4649, 161, 0, 0
185, 33, 1, 5, 0, 0, 0.25%, 0, 0, 1, 25.37, 4781, 161, 0, 0
190, 34, 1, 5, 0, 0, 0.25%, 0, 0, 1, 25.43, 4913, 161, 0, 0
195, 35, 1, 5, 0, 0, 0.25%, 0, 0, 1, 25.49, 5045, 161, 0, 0
200, 36, 1, 5, 0, 0, 0.25%, 0, 0, 1, 25.48, 5176, 161, 0, 0
206, 37, 1, 5, 0, 0, 0.25%, 0, 0, 1, 25.49, 5308, 161, 0, 0
211, 38, 1, 5, 0, 0, 0.25%, 0, 0, 1, 25.63, 5440, 161, 0, 0
216, 39, 1, 5, 0, 0, 0.25%, 0, 0, 1, 25.70, 5572, 161, 0, 0
221, 40, 1, 5, 0, 0, 0.25%, 0, 0, 1, 25.79, 5704, 161, 0, 0
226, 41, 1, 5, 0, 0, 0.25%, 0, 0, 1, 25.51, 5834, 161, 0, 0
231, 42, 1, 5, 0, 0, 0.25%, 0, 0, 1, 25.44, 5965, 161, 0, 0
236, 43, 1, 5, 0, 0, 0.25%, 0, 0, 1, 25.87, 6097, 161, 0, 0
241, 44, 1, 5, 0, 0, 0.25%, 0, 0, 1, 25.55, 6227, 161, 0, 0
247, 45, 1, 5, 0, 0, 0.25%, 0, 0, 1, 25.38, 6358, 161, 0, 0
252, 46, 1, 5, 0, 0, 0.25%, 0, 0, 1, 25.39, 6490, 161, 0, 0
257, 47, 1, 5, 0, 0, 0.25%, 0, 0, 1, 25.37, 6622, 161, 0, 0
262, 47, 1, 5, 0, 0, 0.25%, 0, 0, 1, 25.40, 6754, 161, 0, 0
267, 48, 1, 5, 0, 0, 0.25%, 0, 0, 1, 25.37, 6885, 161, 0, 0
273, 49, 1, 5, 0, 0, 0.25%, 0, 0, 1, 24.24, 7010, 161, 0, 0
278, 50, 1, 5, 0, 0, 0.25%, 0, 0, 1, 23.85, 7130, 161, 0, 0
283, 51, 1, 5, 0, 0, 0.25%, 0, 0, 1, 24.73, 7255, 161, 0, 0
288, 52, 1, 5, 0, 0, 0.25%, 0, 0, 1, 25.19, 7387, 161, 0, 0
293, 53, 1, 5, 0, 0, 0.25%, 0, 0, 1, 25.33, 7519, 161, 0, 0
298, 54, 1, 5, 0, 0, 0.25%, 0, 0, 1, 25.43, 7651, 161, 0, 0
303, 55, 1, 5, 0, 0, 0.25%, 0, 0, 1, 25.68, 7782, 161, 0, 0
308, 56, 1, 5, 0, 0, 0.25%, 0, 0, 1, 25.76, 7914, 161, 0, 0
314, 57, 1, 5, 0, 0, 0.25%, 0, 0, 1, 25.78, 8046, 161, 0, 0
319, 58, 1, 5, 0, 0, 0.25%, 0, 0, 1, 25.84, 8178, 161, 0, 0
324, 59, 1, 5, 0, 0, 0.25%, 0, 0, 1, 25.83, 8310, 161, 0, 0
329, 60, 1, 5, 0, 0, 0.25%, 0, 0, 1, 25.79, 8442, 161, 0, 0
334, 60, 1, 5, 0, 0, 0.25%, 0, 0, 1, 25.55, 8574, 161, 0, 0
339, 61, 1, 5, 0, 0, 0.25%, 0, 0, 1, 25.63, 8706, 161, 0, 0
344, 62, 1, 5, 0, 0, 0.25%, 0, 0, 1, 25.67, 8838, 161, 0, 0
349, 63, 1, 5, 0, 0, 0.25%, 0, 0, 1, 25.75, 8970, 161, 0, 0
355, 64, 1, 5, 0, 0, 0.25%, 0, 0, 1, 25.73, 9102, 161, 0, 0
360, 65, 1, 5, 0, 0, 0.25%, 0, 0, 1, 25.65, 9234, 161, 0, 0
365, 66, 1, 5, 0, 0, 0.25%, 0, 0, 1, 25.77, 9366, 161, 0, 0
370, 67, 1, 5, 0, 0, 0.25%, 0, 0, 1, 25.87, 9498, 161, 0, 0
375, 68, 1, 5, 0, 0, 0.25%, 0, 0, 1, 25.49, 9629, 161, 0, 0
380, 69, 1, 5, 0, 0, 0.25%, 0, 0, 1, 25.55, 9761, 161, 0, 0
385, 70, 1, 5, 0, 0, 0.25%, 0, 0, 1, 25.55, 9891, 161, 0, 0
391, 71, 1, 5, 0, 0, 0.25%, 0, 0, 1, 25.36, 10021, 161, 0, 0
396, 72, 1, 5, 0, 0, 0.25%, 0, 0, 1, 25.29, 10153, 161, 0, 0
401, 73, 1, 5, 0, 0, 0.25%, 0, 0, 1, 25.40, 10282, 161, 0, 0
406, 74, 1, 5, 0, 0, 0.25%, 0, 0, 1, 25.55, 10414, 161, 0, 0
411, 75, 1, 5, 0, 0, 0.25%, 0, 0, 1, 25.57, 10546, 161, 0, 0
416, 76, 1, 5, 0, 0, 0.25%, 0, 0, 1, 25.53, 10678, 161, 0, 0
421, 76, 1, 5, 0, 0, 0.25%, 0, 0, 1, 25.53, 10810, 161, 0, 0
427, 77, 1, 5, 0, 0, 0.25%, 0, 0, 1, 25.39, 10941, 161, 0, 0
432, 78, 1, 5, 0, 0, 0.25%, 0, 0, 1, 25.43, 11073, 161, 0, 0
437, 79, 1, 5, 0, 0, 0.25%, 0, 0, 1, 25.44, 11205, 161, 0, 0
442, 80, 1, 5, 0, 0, 0.25%, 0, 0, 1, 25.45, 11337, 161, 0, 0
447, 81, 1, 5, 0, 0, 0.25%, 0, 0, 1, 25.40, 11469, 161, 0, 0
453, 82, 1, 5, 0, 0, 0.25%, 0, 0, 1, 25.43, 11601, 161, 0, 0
458, 83, 1, 5, 0, 0, 0.25%, 0, 0, 1, 25.48, 11732, 161, 0, 0
463, 84, 1, 5, 0, 0, 0.25%, 0, 0, 1, 25.56, 11864, 161, 0, 0
468, 85, 1, 5, 0, 0, 0.25%, 0, 0, 1, 25.70, 11996, 161, 0, 0
473, 86, 1, 5, 0, 0, 0.25%, 0, 0, 1, 25.47, 12127, 161, 0, 0
478, 87, 1, 5, 0, 0, 0.25%, 0, 0, 1, 25.39, 12257, 161, 0, 0
484, 88, 1, 5, 0, 0, 0.25%, 0, 0, 1, 26.18, 12395, 161, 0, 0
489, 89, 1, 5, 0, 0, 0.25%, 0, 0, 1, 25.74, 12527, 161, 0, 0
494, 90, 1, 5, 0, 0, 0.25%, 0, 0, 1, 25.60, 12659, 161, 0, 0
499, 91, 1, 5, 0, 0, 0.25%, 0, 0, 1, 25.54, 12791, 161, 0, 0
504, 92, 1, 5, 0, 0, 0.25%, 0, 0, 1, 25.51, 12923, 161, 0, 0
509, 92, 1, 5, 0, 0, 0.25%, 0, 0, 1, 25.52, 13055, 161, 0, 0
515, 93, 1, 5, 0, 0, 0.25%, 0, 0, 1, 25.51, 13187, 161, 0, 0
520, 94, 1, 5, 0, 0, 0.25%, 0, 0, 1, 25.45, 13317, 161, 0, 0
525, 95, 1, 5, 0, 0, 0.25%, 0, 0, 1, 25.49, 13449, 161, 0, 0
530, 96, 1, 5, 0, 0, 0.25%, 0, 0, 1, 25.53, 13581, 161, 0, 0
535, 97, 1, 5, 0, 0, 0.25%, 0, 0, 1, 25.49, 13713, 161, 0, 0
540, 98, 1, 5, 0, 0, 0.25%, 0, 0, 1, 25.51, 13845, 161, 0, 0
545, 99, 1, 5, 0, 0, 0.25%, 0, 0, 1, 25.73, 13977, 161, 0, 0
550, 100, 1, 5, 0, 0, 0.25%, 0, 0, 1, 26.11, 14108, 161, 0, 0
556, 101, 1, 5, 0, 0, 0.25%, 0, 0, 1, 26.04, 14240, 161, 0, 0
561, 102, 1, 5, 0, 0, 0.25%, 0, 0, 1, 25.99, 14372, 161, 0, 0
566, 103, 1, 5, 0, 0, 0.25%, 0, 0, 1, 25.64, 14504, 161, 0, 0
571, 104, 1, 5, 0, 0, 0.25%, 0, 0, 1, 25.62, 14636, 161, 0, 0
576, 105, 1, 5, 0, 0, 0.25%, 0, 0, 1, 25.48, 14766, 161, 0, 0
581, 106, 1, 5, 0, 0, 0.25%, 0, 0, 1, 25.44, 14898, 161, 0, 0
586, 107, 1, 5, 0, 0, 0.25%, 0, 0, 1, 25.48, 15030, 161, 0, 0
592, 108, 1, 5, 0, 0, 0.25%, 0, 0, 1, 25.50, 15162, 161, 0, 0
597, 108, 1, 5, 0, 0, 0.25%, 0, 0, 1, 25.47, 15294, 161, 0, 0
602, 109, 1, 5, 0, 0, 0.25%, 0, 0, 1, 25.44, 15425, 161, 0, 0
607, 110, 1, 5, 0, 0, 0.25%, 0, 0, 1, 25.38, 15556, 161, 0, 0
612, 111, 1, 5, 0, 0, 0.25%, 0, 0, 1, 25.43, 15688, 161, 0, 0
617, 112, 1, 5, 0, 0, 0.25%, 0, 0, 1, 25.53, 15819, 161, 0, 0
623, 113, 1, 5, 0, 0, 0.25%, 0, 0, 1, 25.62, 15951, 161, 0, 0
628, 114, 1, 5, 0, 0, 0.25%, 0, 0, 1, 24.47, 16076, 161, 0, 0
633, 115, 1, 5, 0, 0, 0.25%, 0, 0, 1, 23.74, 16196, 161, 0, 0
638, 116, 1, 5, 0, 0, 0.25%, 0, 0, 1, 24.59, 16323, 161, 0, 0
643, 117, 1, 5, 0, 0, 0.25%, 0, 0, 1, 25.24, 16455, 161, 0, 0
648, 118, 1, 5, 0, 0, 0.25%, 0, 0, 1, 25.35, 16586, 161, 0, 0
653, 119, 1, 5, 0, 0, 0.25%, 0, 0, 1, 25.44, 16718, 161, 0, 0
659, 120, 1, 5, 0, 0, 0.25%, 0, 0, 1, 25.46, 16849, 161, 0, 0
664, 121, 1, 5, 0, 0, 0.25%, 0, 0, 1, 25.29, 16978, 161, 0, 0
669, 121, 1, 5, 0, 0, 0.25%, 0, 0, 1, 25.32, 17107, 161, 0, 0
674, 122, 1, 5, 0, 0, 0.25%, 0, 0, 1, 25.60, 17239, 161, 0, 0
679, 123, 1, 5, 0, 0, 0.25%, 0, 0, 1, 25.70, 17371, 161, 0, 0
684, 124, 1, 5, 0, 0, 0.25%, 0, 0, 1, 25.53, 17502, 161, 0, 0
689, 125, 1, 5, 0, 0, 0.25%, 0, 0, 1, 25.43, 17633, 161, 0, 0
695, 126, 1, 5, 0, 0, 0.25%, 0, 0, 1, 25.51, 17765, 161, 0, 0
700, 127, 1, 5, 0, 0, 0.25%, 0, 0, 1, 25.56, 17897, 161, 0, 0
705, 128, 1, 5, 0, 0, 0.25%, 0, 0, 1, 25.62, 18029, 161, 0, 0
710, 129, 1, 5, 0, 0, 0.25%, 0, 0, 1, 25.31, 18159, 161, 0, 0
715, 130, 1, 5, 0, 0, 0.25%, 0, 0, 1, 25.24, 18287, 161, 0, 0
720, 131, 1, 5, 0, 0, 0.25%, 0, 0, 1, 25.13, 18413, 161, 0, 0
725, 132, 1, 5, 0, 0, 0.25%, 0, 0, 1, 25.10, 18540, 161, 0, 0
730, 133, 1, 5, 0, 0, 0.25%, 0, 0, 1, 25.17, 18669, 161, 0, 0
735, 134, 1, 5, 0, 0, 0.25%, 0, 0, 1, 25.70, 18801, 161, 0, 0
740, 134, 1, 5, 0, 0, 0.25%, 0, 0, 1, 25.63, 18931, 161, 0, 0
746, 135, 1, 5, 0, 0, 0.25%, 0, 0, 1, 25.72, 19063, 161, 0, 0
751, 136, 1, 5, 0, 0, 0.25%, 0, 0, 1, 25.70, 19195, 161, 0, 0
756, 137, 1, 5, 0, 0, 0.25%, 0, 0, 1, 25.31, 19323, 161, 0, 0
761, 138, 1, 5, 0, 0, 0.25%, 0, 0, 1, 24.01, 19443, 161, 0, 0
766, 139, 1, 5, 0, 0, 0.25%, 0, 0, 1, 23.80, 19563, 161, 0, 0
771, 140, 1, 5, 0, 0, 0.25%, 0, 0, 1, 23.72, 19683, 161, 0, 0
776, 141, 1, 5, 0, 0, 0.25%, 0, 0, 1, 23.64, 19803, 161, 0, 0
781, 142, 1, 5, 0, 0, 0.25%, 0, 0, 1, 24.44, 19928, 161, 0, 0
786, 142, 1, 5, 0, 0, 0.25%, 0, 0, 1, 24.01, 20053, 161, 0, 0
791, 143, 1, 5, 0, 0, 0.25%, 0, 0, 1, 24.63, 20180, 161, 0, 0
797, 144, 1, 5, 0, 0, 0.25%, 0, 0, 1, 25.03, 20309, 161, 0, 0
802, 145, 1, 5, 0, 0, 0.25%, 0, 0, 1, 25.14, 20437, 161, 0, 0
807, 146, 1, 5, 0, 0, 0.25%, 0, 0, 1, 25.15, 20563, 161, 0, 0
812, 147, 1, 5, 0, 0, 0.25%, 0, 0, 1, 25.17, 20690, 161, 0, 0
817, 148, 1, 5, 0, 0, 0.25%, 0, 0, 1, 25.16, 20817, 161, 0, 0
822, 149, 1, 5, 0, 0, 0.25%, 0, 0, 1, 25.19, 20946, 161, 0, 0
827, 150, 1, 5, 0, 0, 0.25%, 0, 0, 1, 25.20, 21073, 161, 0, 0
832, 151, 1, 5, 0, 0, 0.25%, 0, 0, 1, 25.23, 21204, 161, 0, 0
837, 152, 1, 5, 0, 0, 0.25%, 0, 0, 1, 25.28, 21333, 161, 0, 0
842, 153, 1, 5, 0, 0, 0.25%, 0, 0, 1, 25.41, 21463, 161, 0, 0
847, 153, 1, 5, 0, 0, 0.25%, 0, 0, 1, 25.36, 21594, 161, 0, 0
853, 154, 1, 5, 0, 0, 0.25%, 0, 0, 1, 25.67, 21726, 161, 0, 0
858, 155, 1, 5, 0, 0, 0.25%, 0, 0, 1, 25.68, 21858, 161, 0, 0
863, 156, 1, 5, 0, 0, 0.25%, 0, 0, 1, 25.69, 21990, 161, 0, 0
868, 157, 1, 5, 0, 0, 0.25%, 0, 0, 1, 25.51, 22122, 161, 0, 0
873, 158, 1, 5, 0, 0, 0.25%, 0, 0, 1, 25.38, 22253, 161, 0, 0
878, 159, 1, 5, 0, 0, 0.25%, 0, 0, 1, 25.36, 22384, 161, 0, 0
884, 160, 1, 5, 0, 0, 0.25%, 0, 0, 1, 25.50, 22515, 161, 0, 0
889, 161, 1, 5, 0, 0, 0.25%, 0, 0, 1, 25.63, 22646, 161, 0, 0
894, 162, 1, 5, 0, 0, 0.25%, 0, 0, 1, 25.48, 22776, 161, 0, 0
897, 162, 1, 5, 0, 0, 0.25%, 0, 0, 1, 24.87, 22851, 161, 0, 0
