# relative_time, cycles_done, cur_item, corpus_count, pending_total, pending_favs, map_size, saved_crashes, saved_hangs, max_depth, execs_per_sec, total_execs, edges_found, total_crashes, servers_count
61, 0, 1, 5, 0, 0, 0.02%, 1, 0, 1, 5.58, 371, 11, 270, 0
66, 1, 1, 5, 0, 0, 0.02%, 1, 0, 1, 6.10, 401, 11, 292, 0
71, 1, 1, 5, 0, 0, 0.02%, 1, 0, 1, 6.30, 432, 11, 314, 0
76, 1, 1, 5, 0, 0, 0.02%, 1, 0, 1, 5.75, 462, 11, 336, 0
81, 1, 1, 5, 0, 0, 0.02%, 1, 0, 1, 6.12, 496, 11, 358, 0
87, 1, 1, 5, 0, 0, 0.02%, 1, 0, 1, 5.62, 525, 11, 380, 0
92, 1, 1, 5, 0, 0, 0.02%, 1, 0, 1, 7.23, 567, 11, 402, 0
97, 1, 1, 5, 0, 0, 0.02%, 1, 0, 1, 6.16, 597, 11, 424, 0
102, 1, 1, 5, 0, 0, 0.02%, 1, 0, 1, 5.30, 623, 11, 446, 0
107, 1, 1, 5, 0, 0, 0.02%, 1, 0, 1, 5.61, 651, 11, 469, 0
112, 1, 1, 5, 0, 0, 0.02%, 1, 0, 1, 5.61, 680, 11, 492, 0
117, 1, 1, 5, 0, 0, 0.02%, 1, 0, 1, 5.59, 710, 11, 515, 0
122, 2, 1, 5, 0, 0, 0.02%, 1, 0, 1, 7.57, 753, 11, 536, 0
127, 2, 1, 5, 0, 0, 0.02%, 1, 0, 1, 6.87, 791, 11, 558, 0
132, 2, 1, 5, 0, 0, 0.02%, 1, 0, 1, 5.72, 820, 11, 580, 0
138, 2, 1, 5, 0, 0, 0.02%, 1, 0, 1, 5.63, 850, 11, 602, 0
143, 2, 1, 5, 0, 0, 0.02%, 1, 0, 1, 5.81, 880, 11, 624, 0
148, 2, 1, 5, 0, 0, 0.02%, 1, 0, 1, 6.57, 918, 11, 646, 0
153, 2, 1, 5, 0, 0, 0.02%, 1, 0, 1, 5.85, 949, 11, 669, 0
158, 2, 1, 5, 0, 0, 0.02%, 1, 0, 1, 4.83, 972, 11, 692, 0
163, 2, 1, 5, 0, 0, 0.02%, 1, 0, 1, 5.57, 1002, 11, 715, 0
168, 2, 1, 5, 0, 0, 0.02%, 1, 0, 1, 5.77, 1032, 11, 737, 0
173, 2, 1, 5, 0, 0, 0.02%, 1, 0, 1, 5.27, 1058, 11, 760, 0
179, 3, 1, 5, 0, 0, 0.02%, 1, 0, 1, 6.09, 1089, 11, 783, 0
184, 3, 1, 5, 0, 0, 0.02%, 1, 0, 1, 5.02, 1113, 11, 806, 0
189, 3, 1, 5, 0, 0, 0.02%, 1, 0, 1, 5.27, 1141, 11, 829, 0
194, 3, 1, 5, 0, 0, 0.02%, 1, 0, 1, 5.43, 1169, 11, 852, 0
199, 3, 1, 5, 0, 0, 0.02%, 1, 0, 1, 5.82, 1200, 11, 875, 0
204, 3, 1, 5, 0, 0, 0.02%, 1, 0, 1, 4.82, 1224, 11, 898, 0
210, 3, 1, 5, 0, 0, 0.02%, 1, 0, 1, 5.15, 1250, 11, 920, 0
215, 3, 1, 5, 0, 0, 0.02%, 1, 0, 1, 5.62, 1282, 11, 942, 0
220, 3, 1, 5, 0, 0, 0.02%, 1, 0, 1, 6.01, 1314, 11, 965, 0
225, 3, 1, 5, 0, 0, 0.02%, 1, 0, 1, 5.13, 1339, 11, 988, 0
230, 3, 1, 5, 0, 0, 0.02%, 1, 0, 1, 5.59, 1368, 11, 1011, 0
235, 3, 1, 5, 0, 0, 0.02%, 1, 0, 1, 5.55, 1396, 11, 1034, 0
240, 3, 1, 5, 0, 0, 0.02%, 1, 0, 1, 5.11, 1421, 11, 1057, 0
246, 4, 1, 5, 0, 0, 0.02%, 1, 0, 1, 5.76, 1452, 11, 1079, 0
251, 4, 1, 5, 0, 0, 0.02%, 1, 0, 1, 5.36, 1479, 11, 1101, 0
256, 4, 1, 5, 0, 0, 0.02%, 1, 0, 1, 5.01, 1506, 11, 1123, 0
261, 4, 1, 5, 0, 0, 0.02%, 1, 0, 1, 5.50, 1536, 11, 1145, 0
266, 4, 1, 5, 0, 0, 0.02%, 1, 0, 1, 6.18, 1571, 11, 1167, 0
271, 4, 1, 5, 0, 0, 0.02%, 1, 0, 1, 6.96, 1607, 11, 1189, 0
276, 4, 1, 5, 0, 0, 0.02%, 1, 0, 1, 6.57, 1647, 11, 1211, 0
281, 4, 1, 5, 0, 0, 0.02%, 1, 0, 1, 5.08, 1671, 11, 1234, 0
287, 4, 1, 5, 0, 0, 0.02%, 1, 0, 1, 6.39, 1704, 11, 1256, 0
292, 4, 1, 5, 0, 0, 0.02%, 1, 0, 1, 6.45, 1736, 11, 1278, 0
297, 4, 1, 5, 0, 0, 0.02%, 1, 0, 1, 5.49, 1764, 11, 1301, 0
302, 5, 1, 5, 0, 0, 0.02%, 1, 0, 1, 5.20, 1789, 11, 1324, 0
307, 5, 1, 5, 0, 0, 0.02%, 1, 0, 1, 5.03, 1816, 11, 1347, 0
312, 5, 1, 5, 0, 0, 0.02%, 1, 0, 1, 4.82, 1840, 11, 1370, 0
317, 5, 1, 5, 0, 0, 0.02%, 1, 0, 1, 4.87, 1866, 11, 1392, 0
322, 5, 1, 5, 0, 0, 0.02%, 1, 0, 1, 5.62, 1896, 11, 1414, 0
327, 5, 1, 5, 0, 0, 0.02%, 1, 0, 1, 5.74, 1926, 11, 1436, 0
332, 5, 1, 5, 0, 0, 0.02%, 1, 0, 1, 5.63, 1956, 11, 1458, 0
338, 5, 1, 5, 0, 0, 0.02%, 1, 0, 1, 5.11, 1982, 11, 1481, 0
343, 5, 1, 5, 0, 0, 0.02%, 1, 0, 1, 5.16, 2008, 11, 1504, 0
348, 5, 1, 5, 0, 0, 0.02%, 1, 0, 1, 5.64, 2039, 11, 1527, 0
353, 5, 1, 5, 0, 0, 0.02%, 1, 0, 1, 5.60, 2068, 11, 1550, 0
358, 5, 1, 5, 0, 0, 0.02%, 1, 0, 1, 5.97, 2099, 11, 1573, 0
363, 6, 1, 5, 0, 0, 0.02%, 1, 0, 1, 6.28, 2132, 11, 1595, 0
368, 6, 1, 5, 0, 0, 0.02%, 1, 0, 1, 5.47, 2158, 11, 1617, 0
373, 6, 1, 5, 0, 0, 0.02%, 1, 0, 1, 5.69, 2187, 11, 1640, 0
378, 6, 1, 5, 0, 0, 0.02%, 1, 0, 1, 6.50, 2221, 11, 1662, 0
383, 6, 1, 5, 0, 0, 0.02%, 1, 0, 1, 8.19, 2266, 11, 1683, 0
388, 6, 1, 5, 0, 0, 0.02%, 1, 0, 1, 7.78, 2308, 11, 1704, 0
394, 6, 1, 5, 0, 0, 0.02%, 1, 0, 1, 6.32, 2340, 11, 1726, 0
399, 6, 1, 5, 0, 0, 0.02%, 1, 0, 1, 5.13, 2364, 11, 1748, 0
404, 6, 1, 5, 0, 0, 0.02%, 1, 0, 1, 5.41, 2392, 11, 1771, 0
409, 6, 1, 5, 0, 0, 0.02%, 1, 0, 1, 5.60, 2422, 11, 1793, 0
414, 6, 1, 5, 0, 0, 0.02%, 1, 0, 1, 7.19, 2461, 11, 1815, 0
419, 7, 1, 5, 0, 0, 0.02%, 1, 0, 1, 5.73, 2492, 11, 1837, 0
424, 7, 1, 5, 0, 0, 0.02%, 1, 0, 1, 4.85, 2516, 11, 1860, 0
429, 7, 1, 5, 0, 0, 0.02%, 1, 0, 1, 5.68, 2545, 11, 1882, 0
434, 7, 1, 5, 0, 0, 0.02%, 1, 0, 1, 5.80, 2574, 11, 1904, 0
440, 7, 1, 5, 0, 0, 0.02%, 1, 0, 1, 6.81, 2609, 11, 1926, 0
445, 7, 1, 5, 0, 0, 0.02%, 1, 0, 1, 6.92, 2652, 11, 1947, 0
450, 7, 1, 5, 0, 0, 0.02%, 1, 0, 1, 6.66, 2687, 11, 1969, 0
455, 7, 1, 5, 0, 0, 0.02%, 1, 0, 1, 5.61, 2715, 11, 1991, 0
460, 7, 1, 5, 0, 0, 0.02%, 1, 0, 1, 4.87, 2740, 11, 2014, 0
465, 7, 1, 5, 0, 0, 0.02%, 1, 0, 1, 5.03, 2765, 11, 2037, 0
470, 7, 1, 5, 0, 0, 0.02%, 1, 0, 1, 5.02, 2791, 11, 2060, 0
475, 7, 1, 5, 0, 0, 0.02%, 1, 0, 1, 4.86, 2815, 11, 2082, 0
480, 8, 1, 5, 0, 0, 0.02%, 1, 0, 1, 5.48, 2843, 11, 2104, 0
485, 8, 1, 5, 0, 0, 0.02%, 1, 0, 1, 6.13, 2878, 11, 2126, 0
490, 8, 1, 5, 0, 0, 0.02%, 1, 0, 1, 5.30, 2903, 11, 2148, 0
495, 8, 1, 5, 0, 0, 0.02%, 1, 0, 1, 6.42, 2934, 11, 2170, 0
500, 8, 1, 5, 0, 0, 0.02%, 1, 0, 1, 6.40, 2970, 11, 2192, 0
506, 8, 1, 5, 0, 0, 0.02%, 1, 0, 1, 7.33, 3007, 11, 2214, 0
511, 8, 1, 5, 0, 0, 0.02%, 1, 0, 1, 6.22, 3037, 11, 2237, 0
516, 8, 1, 5, 0, 0, 0.02%, 1, 0, 1, 6.88, 3078, 11, 2258, 0
521, 8, 1, 5, 0, 0, 0.02%, 1, 0, 1, 5.78, 3108, 11, 2280, 0
526, 8, 1, 5, 0, 0, 0.02%, 1, 0, 1, 6.19, 3142, 11, 2302, 0
531, 8, 1, 5, 0, 0, 0.02%, 1, 0, 1, 5.34, 3168, 11, 2324, 0
536, 9, 1, 5, 0, 0, 0.02%, 1, 0, 1, 5.84, 3200, 11, 2347, 0
542, 9, 1, 5, 0, 0, 0.02%, 1, 0, 1, 5.16, 3226, 11, 2370, 0
547, 9, 1, 5, 0, 0, 0.02%, 1, 0, 1, 5.03, 3253, 11, 2393, 0
552, 9, 1, 5, 0, 0, 0.02%, 1, 0, 1, 4.83, 3277, 11, 2415, 0
557, 9, 1, 5, 0, 0, 0.02%, 1, 0, 1, 7.45, 3325, 11, 2436, 0
562, 9, 1, 5, 0, 0, 0.02%, 1, 0, 1, 6.48, 3358, 11, 2458, 0
567, 9, 1, 5, 0, 0, 0.02%, 1, 0, 1, 6.60, 3393, 11, 2480, 0
572, 9, 1, 5, 0, 0, 0.02%, 1, 0, 1, 7.37, 3432, 11, 2501, 0
578, 9, 1, 5, 0, 0, 0.02%, 1, 0, 1, 5.56, 3458, 11, 2524, 0
583, 9, 1, 5, 0, 0, 0.02%, 1, 0, 1, 5.71, 3487, 11, 2547, 0
588, 9, 1, 5, 0, 0, 0.02%, 1, 0, 1, 5.96, 3520, 11, 2569, 0
593, 10, 1, 5, 0, 0, 0.02%, 1, 0, 1, 6.31, 3551, 11, 2591, 0
598, 10, 1, 5, 0, 0, 0.02%, 1, 0, 1, 5.79, 3579, 11, 2614, 0
603, 10, 1, 5, 0, 0, 0.02%, 1, 0, 1, 5.16, 3604, 11, 2637, 0
608, 10, 1, 5, 0, 0, 0.02%, 1, 0, 1, 5.18, 3631, 11, 2660, 0
613, 10, 1, 5, 0, 0, 0.02%, 1, 0, 1, 5.47, 3658, 11, 2682, 0
618, 10, 1, 5, 0, 0, 0.02%, 1, 0, 1, 6.22, 3692, 11, 2705, 0
624, 10, 1, 5, 0, 0, 0.02%, 1, 0, 1, 8.05, 3740, 11, 2726, 0
629, 10, 1, 5, 0, 0, 0.02%, 1, 0, 1, 8.25, 3786, 11, 2747, 0
634, 10, 1, 5, 0, 0, 0.02%, 1, 0, 1, 6.19, 3814, 11, 2769, 0
639, 10, 1, 5, 0, 0, 0.02%, 1, 0, 1, 7.64, 3851, 11, 2790, 0
644, 11, 1, 5, 0, 0, 0.02%, 1, 0, 1, 6.89, 3890, 11, 2811, 0
649, 11, 1, 5, 0, 0, 0.02%, 1, 0, 1, 5.64, 3916, 11, 2833, 0
654, 11, 1, 5, 0, 0, 0.02%, 1, 0, 1, 5.15, 3943, 11, 2855, 0
659, 11, 1, 5, 0, 0, 0.02%, 1, 0, 1, 5.04, 3969, 11, 2877, 0
664, 11, 1, 5, 0, 0, 0.02%, 1, 0, 1, 7.03, 4008, 11, 2899, 0
669, 11, 1, 5, 0, 0, 0.02%, 1, 0, 1, 7.11, 4047, 11, 2921, 0
675, 11, 1, 5, 0, 0, 0.02%, 1, 0, 1, 6.76, 4081, 11, 2943, 0
680, 11, 1, 5, 0, 0, 0.02%, 1, 0, 1, 7.01, 4122, 11, 2965, 0
685, 11, 1, 5, 0, 0, 0.02%, 1, 0, 1, 5.90, 4152, 11, 2988, 0
690, 11, 1, 5, 0, 0, 0.02%, 1, 0, 1, 5.18, 4177, 11, 3010, 0
695, 11, 1, 5, 0, 0, 0.02%, 1, 0, 1, 5.15, 4203, 11, 3033, 0
700, 12, 1, 5, 0, 0, 0.02%, 1, 0, 1, 5.62, 4232, 11, 3056, 0
705, 12, 1, 5, 0, 0, 0.02%, 1, 0, 1, 5.47, 4260, 11, 3079, 0
710, 12, 1, 5, 0, 0, 0.02%, 1, 0, 1, 5.66, 4290, 11, 3102, 0
716, 12, 1, 5, 0, 0, 0.02%, 1, 0, 1, 5.41, 4318, 11, 3125, 0
721, 12, 1, 5, 0, 0, 0.02%, 1, 0, 1, 6.11, 4349, 11, 3147, 0
726, 12, 1, 5, 0, 0, 0.02%, 1, 0, 1, 6.58, 4387, 11, 3168, 0
731, 12, 1, 5, 0, 0, 0.02%, 1, 0, 1, 6.38, 4419, 11, 3190, 0
736, 12, 1, 5, 0, 0, 0.02%, 1, 0, 1, 6.36, 4452, 11, 3212, 0
741, 12, 1, 5, 0, 0, 0.02%, 1, 0, 1, 6.68, 4487, 11, 3233, 0
747, 12, 1, 5, 0, 0, 0.02%, 1, 0, 1, 5.68, 4515, 11, 3256, 0
752, 12, 1, 5, 0, 0, 0.02%, 1, 0, 1, 6.53, 4550, 11, 3279, 0
757, 13, 1, 5, 0, 0, 0.02%, 1, 0, 1, 7.57, 4591, 11, 3301, 0
762, 13, 1, 5, 0, 0, 0.02%, 1, 0, 1, 8.17, 4638, 11, 3323, 0
767, 13, 1, 5, 0, 0, 0.02%, 1, 0, 1, 6.22, 4666, 11, 3346, 0
772, 13, 1, 5, 0, 0, 0.02%, 1, 0, 1, 5.81, 4694, 11, 3368, 0
777, 13, 1, 5, 0, 0, 0.02%, 1, 0, 1, 6.18, 4727, 11, 3390, 0
782, 13, 1, 5, 0, 0, 0.02%, 1, 0, 1, 5.88, 4758, 11, 3412, 0
787, 13, 1, 5, 0, 0, 0.02%, 1, 0, 1, 7.56, 4804, 11, 3433, 0
792, 13, 1, 5, 0, 0, 0.02%, 1, 0, 1, 6.55, 4841, 11, 3455, 0
798, 13, 1, 5, 0, 0, 0.02%, 1, 0, 1, 5.24, 4868, 11, 3478, 0
803, 13, 1, 5, 0, 0, 0.02%, 1, 0, 1, 4.64, 4891, 11, 3501, 0
808, 13, 1, 5, 0, 0, 0.02%, 1, 0, 1, 5.06, 4918, 11, 3523, 0
813, 14, 1, 5, 0, 0, 0.02%, 1, 0, 1, 5.32, 4945, 11, 3546, 0
818, 14, 1, 5, 0, 0, 0.02%, 1, 0, 1, 5.00, 4972, 11, 3569, 0
823, 14, 1, 5, 0, 0, 0.02%, 1, 0, 1, 7.62, 5018, 11, 3590, 0
828, 14, 1, 5, 0, 0, 0.02%, 1, 0, 1, 5.95, 5048, 11, 3612, 0
834, 14, 1, 5, 0, 0, 0.02%, 1, 0, 1, 5.59, 5078, 11, 3634, 0
839, 14, 1, 5, 0, 0, 0.02%, 1, 0, 1, 5.05, 5104, 11, 3657, 0
844, 14, 1, 5, 0, 0, 0.02%, 1, 0, 1, 5.26, 5132, 11, 3680, 0
849, 14, 1, 5, 0, 0, 0.02%, 1, 0, 1, 6.47, 5170, 11, 3703, 0
854, 14, 1, 5, 0, 0, 0.02%, 1, 0, 1, 6.06, 5202, 11, 3726, 0
859, 14, 1, 5, 0, 0, 0.02%, 1, 0, 1, 5.63, 5232, 11, 3748, 0
864, 14, 1, 5, 0, 0, 0.02%, 1, 0, 1, 6.66, 5271, 11, 3770, 0
869, 15, 1, 5, 0, 0, 0.02%, 1, 0, 1, 5.95, 5301, 11, 3792, 0
875, 15, 1, 5, 0, 0, 0.02%, 1, 0, 1, 5.42, 5328, 11, 3815, 0
880, 15, 1, 5, 0, 0, 0.02%, 1, 0, 1, 5.24, 5354, 11, 3838, 0
885, 15, 1, 5, 0, 0, 0.02%, 1, 0, 1, 5.22, 5381, 11, 3862, 0
890, 15, 1, 5, 0, 0, 0.02%, 1, 0, 1, 5.25, 5410, 11, 3885, 0
895, 15, 1, 5, 0, 0, 0.02%, 1, 0, 1, 5.39, 5439, 11, 3908, 0
898, 15, 1, 5, 0, 0, 0.02%, 1, 0, 1, 0.00, 5453, 11, 3918, 0
