# relative_time, cycles_done, cur_item, corpus_count, pending_total, pending_favs, map_size, saved_crashes, saved_hangs, max_depth, execs_per_sec, total_execs, edges_found, total_crashes, servers_count
62, 2, 1, 5, 0, 0, 0.24%, 1, 0, 1, 4.89, 433, 159, 245, 0
67, 3, 1, 5, 0, 0, 0.24%, 1, 0, 1, 5.40, 463, 159, 266, 0
72, 3, 1, 5, 0, 0, 0.24%, 1, 0, 1, 5.06, 489, 159, 288, 0
77, 3, 1, 5, 0, 0, 0.24%, 1, 0, 1, 5.02, 516, 159, 310, 0
82, 3, 1, 5, 0, 0, 0.24%, 1, 0, 1, 5.77, 546, 159, 331, 0
87, 3, 1, 5, 0, 0, 0.24%, 1, 0, 1, 6.01, 577, 159, 351, 0
92, 4, 1, 5, 0, 0, 0.24%, 1, 0, 1, 5.44, 608, 159, 372, 0
97, 4, 1, 5, 0, 0, 0.24%, 1, 0, 1, 5.85, 641, 159, 392, 0
103, 4, 1, 5, 0, 0, 0.24%, 1, 0, 1, 5.38, 668, 159, 413, 0
108, 4, 1, 5, 0, 0, 0.24%, 1, 0, 1, 5.15, 694, 159, 434, 0
113, 4, 1, 5, 0, 0, 0.24%, 1, 0, 1, 5.70, 725, 159, 455, 0
118, 5, 1, 5, 0, 0, 0.24%, 1, 0, 1, 4.76, 748, 159, 477, 0
123, 5, 1, 5, 0, 0, 0.24%, 1, 0, 1, 5.39, 777, 159, 498, 0
128, 5, 1, 5, 0, 0, 0.24%, 1, 0, 1, 5.79, 807, 159, 518, 0
133, 5, 1, 5, 0, 0, 0.24%, 1, 0, 1, 5.40, 838, 159, 539, 0
138, 5, 1, 5, 0, 0, 0.24%, 1, 0, 1, 4.84, 862, 159, 561, 0
143, 6, 1, 5, 0, 0, 0.24%, 1, 0, 1, 5.03, 890, 159, 582, 0
149, 6, 1, 5, 0, 0, 0.24%, 1, 0, 1, 5.86, 923, 159, 603, 0
154, 6, 1, 5, 0, 0, 0.24%, 1, 0, 1, 4.94, 948, 159, 625, 0
159, 6, 1, 5, 0, 0, 0.24%, 1, 0, 1, 5.93, 983, 159, 645, 0
164, 6, 1, 5, 0, 0, 0.24%, 1, 0, 1, 5.00, 1008, 159, 667, 0
169, 7, 1, 5, 0, 0, 0.24%, 1, 0, 1, 5.00, 1034, 159, 689, 0
174, 7, 1, 5, 0, 0, 0.24%, 1, 0, 1, 4.75, 1058, 159, 711, 0
179, 7, 1, 5, 0, 0, 0.24%, 1, 0, 1, 6.14, 1092, 159, 732, 0
185, 7, 1, 5, 0, 0, 0.24%, 1, 0, 1, 6.02, 1124, 159, 753, 0
190, 8, 1, 5, 0, 0, 0.24%, 1, 0, 1, 6.78, 1163, 159, 773, 0
195, 8, 1, 5, 0, 0, 0.24%, 1, 0, 1, 5.64, 1191, 159, 794, 0
200, 8, 1, 5, 0, 0, 0.24%, 1, 0, 1, 6.18, 1224, 159, 815, 0
205, 8, 1, 5, 0, 0, 0.24%, 1, 0, 1, 6.05, 1255, 159, 836, 0
210, 9, 1, 5, 0, 0, 0.24%, 1, 0, 1, 6.98, 1296, 159, 856, 0
216, 9, 1, 5, 0, 0, 0.24%, 1, 0, 1, 5.19, 1321, 159, 878, 0
221, 9, 1, 5, 0, 0, 0.24%, 1, 0, 1, 5.01, 1347, 159, 900, 0
226, 9, 1, 5, 0, 0, 0.24%, 1, 0, 1, 5.84, 1382, 159, 920, 0
231, 9, 1, 5, 0, 0, 0.24%, 1, 0, 1, 5.42, 1411, 159, 941, 0
237, 10, 1, 5, 0, 0, 0.24%, 1, 0, 1, 6.36, 1446, 159, 962, 0
242, 10, 1, 5, 0, 0, 0.24%, 1, 0, 1, 6.21, 1481, 159, 983, 0
247, 10, 1, 5, 0, 0, 0.24%, 1, 0, 1, 5.30, 1509, 159, 1005, 0
252, 10, 1, 5, 0, 0, 0.24%, 1, 0, 1, 6.05, 1543, 159, 1026, 0
257, 11, 1, 5, 0, 0, 0.24%, 1, 0, 1, 5.71, 1574, 159, 1047, 0
263, 11, 1, 5, 0, 0, 0.24%, 1, 0, 1, 5.15, 1601, 159, 1068, 0
268, 11, 1, 5, 0, 0, 0.24%, 1, 0, 1, 4.84, 1625, 159, 1090, 0
273, 11, 1, 5, 0, 0, 0.24%, 1, 0, 1, 5.24, 1652, 159, 1112, 0
278, 11, 1, 5, 0, 0, 0.24%, 1, 0, 1, 5.06, 1677, 159, 1133, 0
283, 12, 1, 5, 0, 0, 0.24%, 1, 0, 1, 6.52, 1713, 159, 1153, 0
288, 12, 1, 5, 0, 0, 0.24%, 1, 0, 1, 6.76, 1751, 159, 1173, 0
293, 12, 1, 5, 0, 0, 0.24%, 1, 0, 1, 5.00, 1774, 159, 1196, 0
298, 12, 1, 5, 0, 0, 0.24%, 1, 0, 1, 4.88, 1799, 159, 1218, 0
303, 12, 1, 5, 0, 0, 0.24%, 1, 0, 1, 4.71, 1824, 159, 1240, 0
309, 13, 1, 5, 0, 0, 0.24%, 1, 0, 1, 5.83, 1857, 159, 1261, 0
314, 13, 1, 5, 0, 0, 0.24%, 1, 0, 1, 6.82, 1900, 159, 1280, 0
319, 13, 1, 5, 0, 0, 0.24%, 1, 0, 1, 6.29, 1933, 159, 1300, 0
324, 13, 1, 5, 0, 0, 0.24%, 1, 0, 1, 6.95, 1976, 159, 1319, 0
329, 14, 1, 5, 0, 0, 0.24%, 1, 0, 1, 5.79, 2003, 159, 1340, 0
334, 14, 1, 5, 0, 0, 0.24%, 1, 0, 1, 5.22, 2031, 159, 1362, 0
339, 14, 1, 5, 0, 0, 0.24%, 1, 0, 1, 6.22, 2066, 159, 1382, 0
345, 14, 1, 5, 0, 0, 0.24%, 1, 0, 1, 5.41, 2094, 159, 1403, 0
350, 14, 1, 5, 0, 0, 0.24%, 1, 0, 1, 6.28, 2127, 159, 1423, 0
355, 15, 1, 5, 0, 0, 0.24%, 1, 0, 1, 5.81, 2159, 159, 1444, 0
360, 15, 1, 5, 0, 0, 0.24%, 1, 0, 1, 6.25, 2192, 159, 1465, 0
365, 15, 1, 5, 0, 0, 0.24%, 1, 0, 1, 5.43, 2218, 159, 1487, 0
370, 15, 1, 5, 0, 0, 0.24%, 1, 0, 1, 6.72, 2256, 159, 1507, 0
375, 16, 1, 5, 0, 0, 0.24%, 1, 0, 1, 5.86, 2285, 159, 1528, 0
381, 16, 1, 5, 0, 0, 0.24%, 1, 0, 1, 4.95, 2311, 159, 1550, 0
386, 16, 1, 5, 0, 0, 0.24%, 1, 0, 1, 5.53, 2342, 159, 1571, 0
391, 16, 1, 5, 0, 0, 0.24%, 1, 0, 1, 5.10, 2369, 159, 1592, 0
396, 16, 1, 5, 0, 0, 0.24%, 1, 0, 1, 5.26, 2399, 159, 1613, 0
401, 17, 1, 5, 0, 0, 0.24%, 1, 0, 1, 5.13, 2426, 159, 1635, 0
406, 17, 1, 5, 0, 0, 0.24%, 1, 0, 1, 4.99, 2452, 159, 1656, 0
411, 17, 1, 5, 0, 0, 0.24%, 1, 0, 1, 4.90, 2477, 159, 1678, 0
417, 17, 1, 5, 0, 0, 0.24%, 1, 0, 1, 6.38, 2513, 159, 1699, 0
422, 17, 1, 5, 0, 0, 0.24%, 1, 0, 1, 6.83, 2549, 159, 1720, 0
427, 18, 1, 5, 0, 0, 0.24%, 1, 0, 1, 7.15, 2588, 159, 1740, 0
432, 18, 1, 5, 0, 0, 0.24%, 1, 0, 1, 7.23, 2624, 159, 1759, 0
437, 18, 1, 5, 0, 0, 0.24%, 1, 0, 1, 6.84, 2661, 159, 1778, 0
442, 19, 1, 5, 0, 0, 0.24%, 1, 0, 1, 5.96, 2692, 159, 1800, 0
447, 19, 1, 5, 0, 0, 0.24%, 1, 0, 1, 5.77, 2720, 159, 1821, 0
452, 19, 1, 5, 0, 0, 0.24%, 1, 0, 1, 6.25, 2754, 159, 1842, 0
457, 19, 1, 5, 0, 0, 0.24%, 1, 0, 1, 5.40, 2781, 159, 1863, 0
463, 19, 1, 5, 0, 0, 0.24%, 1, 0, 1, 4.92, 2807, 159, 1885, 0
468, 20, 1, 5, 0, 0, 0.24%, 1, 0, 1, 4.79, 2832, 159, 1907, 0
473, 20, 1, 5, 0, 0, 0.24%, 1, 0, 1, 6.09, 2870, 159, 1926, 0
478, 20, 1, 5, 0, 0, 0.24%, 1, 0, 1, 6.53, 2906, 159, 1945, 0
483, 20, 1, 5, 0, 0, 0.24%, 1, 0, 1, 5.70, 2935, 159, 1966, 0
488, 20, 1, 5, 0, 0, 0.24%, 1, 0, 1, 5.24, 2962, 159, 1987, 0
493, 21, 1, 5, 0, 0, 0.24%, 1, 0, 1, 5.58, 2992, 159, 2009, 0
498, 21, 1, 5, 0, 0, 0.24%, 1, 0, 1, 5.39, 3018, 159, 2030, 0
503, 21, 1, 5, 0, 0, 0.24%, 1, 0, 1, 5.29, 3046, 159, 2051, 0
509, 21, 1, 5, 0, 0, 0.24%, 1, 0, 1, 5.19, 3073, 159, 2072, 0
514, 21, 1, 5, 0, 0, 0.24%, 1, 0, 1, 5.32, 3099, 159, 2094, 0
519, 22, 1, 5, 0, 0, 0.24%, 1, 0, 1, 5.24, 3128, 159, 2116, 0
524, 22, 1, 5, 0, 0, 0.24%, 1, 0, 1, 5.06, 3163, 159, 2137, 0
529, 22, 1, 5, 0, 0, 0.24%, 1, 0, 1, 5.55, 3191, 159, 2158, 0
534, 22, 1, 5, 0, 0, 0.24%, 1, 0, 1, 6.26, 3225, 159, 2179, 0
540, 23, 1, 5, 0, 0, 0.24%, 1, 0, 1, 5.43, 3254, 159, 2200, 0
545, 23, 1, 5, 0, 0, 0.24%, 1, 0, 1, 5.06, 3280, 159, 2221, 0
550, 23, 1, 5, 0, 0, 0.24%, 1, 0, 1, 4.68, 3304, 159, 2243, 0
555, 23, 1, 5, 0, 0, 0.24%, 1, 0, 1, 5.12, 3331, 159, 2264, 0
560, 23, 1, 5, 0, 0, 0.24%, 1, 0, 1, 8.09, 3379, 159, 2281, 0
565, 24, 1, 5, 0, 0, 0.24%, 1, 0, 1, 6.35, 3407, 159, 2302, 0
570, 24, 1, 5, 0, 0, 0.24%, 1, 0, 1, 5.12, 3431, 159, 2324, 0
575, 24, 1, 5, 0, 0, 0.24%, 1, 0, 1, 5.45, 3458, 159, 2346, 0
580, 24, 1, 5, 0, 0, 0.24%, 1, 0, 1, 6.60, 3493, 159, 2367, 0
586, 24, 1, 5, 0, 0, 0.24%, 1, 0, 1, 6.70, 3531, 159, 2387, 0
591, 25, 1, 5, 0, 0, 0.24%, 1, 0, 1, 6.00, 3563, 159, 2407, 0
596, 25, 1, 5, 0, 0, 0.24%, 1, 0, 1, 5.92, 3592, 159, 2428, 0
601, 25, 1, 5, 0, 0, 0.24%, 1, 0, 1, 7.31, 3636, 159, 2447, 0
606, 25, 1, 5, 0, 0, 0.24%, 1, 0, 1, 5.95, 3664, 159, 2468, 0
611, 26, 1, 5, 0, 0, 0.24%, 1, 0, 1, 5.26, 3690, 159, 2490, 0
617, 26, 1, 5, 0, 0, 0.24%, 1, 0, 1, 7.51, 3737, 159, 2509, 0
622, 26, 1, 5, 0, 0, 0.24%, 1, 0, 1, 5.70, 3766, 159, 2531, 0
627, 26, 1, 5, 0, 0, 0.24%, 1, 0, 1, 6.50, 3802, 159, 2551, 0
632, 27, 1, 5, 0, 0, 0.24%, 1, 0, 1, 5.27, 3828, 159, 2573, 0
637, 27, 1, 5, 0, 0, 0.24%, 1, 0, 1, 7.07, 3864, 159, 2593, 0
642, 27, 1, 5, 0, 0, 0.24%, 1, 0, 1, 6.41, 3899, 159, 2613, 0
647, 27, 1, 5, 0, 0, 0.24%, 1, 0, 1, 5.48, 3926, 159, 2634, 0
652, 28, 1, 5, 0, 0, 0.24%, 1, 0, 1, 4.98, 3952, 159, 2657, 0
657, 28, 1, 5, 0, 0, 0.24%, 1, 0, 1, 5.59, 3980, 159, 2678, 0
663, 28, 1, 5, 0, 0, 0.24%, 1, 0, 1, 4.94, 4005, 159, 2700, 0
668, 28, 1, 5, 0, 0, 0.24%, 1, 0, 1, 4.83, 4029, 159, 2722, 0
673, 28, 1, 5, 0, 0, 0.24%, 1, 0, 1, 5.16, 4055, 159, 2744, 0
678, 28, 1, 5, 0, 0, 0.24%, 1, 0, 1, 4.93, 4080, 159, 2766, 0
683, 29, 1, 5, 0, 0, 0.24%, 1, 0, 1, 5.51, 4109, 159, 2787, 0
688, 29, 1, 5, 0, 0, 0.24%, 1, 0, 1, 5.54, 4140, 159, 2808, 0
693, 29, 1, 5, 0, 0, 0.24%, 1, 0, 1, 4.82, 4164, 159, 2830, 0
698, 29, 1, 5, 0, 0, 0.24%, 1, 0, 1, 6.97, 4204, 159, 2850, 0
703, 29, 1, 5, 0, 0, 0.24%, 1, 0, 1, 5.35, 4230, 159, 2872, 0
709, 30, 1, 5, 0, 0, 0.24%, 1, 0, 1, 4.61, 4252, 159, 2894, 0
714, 30, 1, 5, 0, 0, 0.24%, 1, 0, 1, 5.14, 4280, 159, 2916, 0
719, 30, 1, 5, 0, 0, 0.24%, 1, 0, 1, 5.14, 4307, 159, 2938, 0
724, 30, 1, 5, 0, 0, 0.24%, 1, 0, 1, 4.74, 4331, 159, 2960, 0
729, 30, 1, 5, 0, 0, 0.24%, 1, 0, 1, 5.09, 4359, 159, 2981, 0
734, 31, 1, 5, 0, 0, 0.24%, 1, 0, 1, 5.59, 4389, 159, 3002, 0
739, 31, 1, 5, 0, 0, 0.24%, 1, 0, 1, 5.70, 4423, 159, 3023, 0
744, 31, 1, 5, 0, 0, 0.24%, 1, 0, 1, 5.31, 4449, 159, 3045, 0
750, 31, 1, 5, 0, 0, 0.24%, 1, 0, 1, 5.60, 4482, 159, 3066, 0
755, 32, 1, 5, 0, 0, 0.24%, 1, 0, 1, 6.01, 4518, 159, 3087, 0
760, 32, 1, 5, 0, 0, 0.24%, 1, 0, 1, 5.69, 4546, 159, 3109, 0
765, 32, 1, 5, 0, 0, 0.24%, 1, 0, 1, 5.04, 4571, 159, 3131, 0
770, 32, 1, 5, 0, 0, 0.24%, 1, 0, 1, 5.12, 4598, 159, 3152, 0
775, 32, 1, 5, 0, 0, 0.24%, 1, 0, 1, 6.42, 4633, 159, 3173, 0
780, 33, 1, 5, 0, 0, 0.24%, 1, 0, 1, 5.25, 4657, 159, 3195, 0
785, 33, 1, 5, 0, 0, 0.24%, 1, 0, 1, 5.33, 4685, 159, 3217, 0
790, 33, 1, 5, 0, 0, 0.24%, 1, 0, 1, 5.92, 4717, 159, 3237, 0
796, 33, 1, 5, 0, 0, 0.24%, 1, 0, 1, 7.37, 4763, 159, 3256, 0
801, 33, 1, 5, 0, 0, 0.24%, 1, 0, 1, 5.70, 4791, 159, 3277, 0
806, 34, 1, 5, 0, 0, 0.24%, 1, 0, 1, 4.93, 4815, 159, 3299, 0
811, 34, 1, 5, 0, 0, 0.24%, 1, 0, 1, 5.24, 4841, 159, 3320, 0
816, 34, 1, 5, 0, 0, 0.24%, 1, 0, 1, 5.51, 4873, 159, 3341, 0
821, 34, 1, 5, 0, 0, 0.24%, 1, 0, 1, 5.32, 4901, 159, 3362, 0
826, 34, 1, 5, 0, 0, 0.24%, 1, 0, 1, 5.18, 4928, 159, 3383, 0
831, 35, 1, 5, 0, 0, 0.24%, 1, 0, 1, 5.94, 4964, 159, 3403, 0
836, 35, 1, 5, 0, 0, 0.24%, 1, 0, 1, 5.26, 4990, 159, 3424, 0
842, 35, 1, 5, 0, 0, 0.24%, 1, 0, 1, 4.69, 5014, 159, 3446, 0
847, 35, 1, 5, 0, 0, 0.24%, 1, 0, 1, 5.07, 5040, 159, 3467, 0
852, 36, 1, 5, 0, 0, 0.24%, 1, 0, 1, 4.74, 5080, 159, 3486, 0
857, 36, 1, 5, 0, 0, 0.24%, 1, 0, 1, 4.99, 5109, 159, 3508, 0
862, 36, 1, 5, 0, 0, 0.24%, 1, 0, 1, 5.25, 5135, 159, 3529, 0
867, 36, 1, 5, 0, 0, 0.24%, 1, 0, 1, 4.92, 5161, 159, 3550, 0
872, 36, 1, 5, 0, 0, 0.24%, 1, 0, 1, 5.75, 5193, 159, 3571, 0
877, 37, 1, 5, 0, 0, 0.24%, 1, 0, 1, 5.50, 5221, 159, 3592, 0
883, 37, 1, 5, 0, 0, 0.24%, 1, 0, 1, 6.21, 5256, 159, 3613, 0
888, 37, 1, 5, 0, 0, 0.24%, 1, 0, 1, 6.30, 5288, 159, 3633, 0
893, 37, 1, 5, 0, 0, 0.24%, 1, 0, 1, 5.33, 5314, 159, 3655, 0
897, 37, 1, 5, 0, 0, 0.24%, 3, 0, 1, 0.00, 5336, 159, 3673, 0
