# relative_time, cycles_done, cur_item, corpus_count, pending_total, pending_favs, map_size, saved_crashes, saved_hangs, max_depth, execs_per_sec, total_execs, edges_found, total_crashes, servers_count
61, 10, 1, 5, 0, 0, 0.02%, 0, 0, 1, 60.81, 3680, 12, 0, 0
66, 11, 1, 5, 0, 0, 0.02%, 0, 0, 1, 62.34, 4004, 12, 0, 0
71, 12, 1, 5, 0, 0, 0.02%, 0, 0, 1, 63.47, 4329, 12, 0, 0
76, 13, 1, 5, 0, 0, 0.02%, 0, 0, 1, 63.83, 4654, 12, 0, 0
81, 14, 1, 5, 0, 0, 0.02%, 0, 0, 1, 63.54, 4979, 12, 0, 0
86, 15, 1, 5, 0, 0, 0.02%, 0, 0, 1, 63.43, 5304, 12, 0, 0
91, 15, 1, 5, 0, 0, 0.02%, 0, 0, 1, 64.03, 5629, 12, 0, 0
96, 16, 1, 5, 0, 0, 0.02%, 0, 0, 1, 63.40, 5951, 12, 0, 0
101, 17, 1, 5, 0, 0, 0.02%, 0, 0, 1, 60.49, 6254, 12, 0, 0
107, 18, 1, 5, 0, 0, 0.02%, 0, 0, 1, 59.99, 6560, 12, 0, 0
112, 19, 1, 5, 0, 0, 0.02%, 0, 0, 1, 60.09, 6872, 12, 0, 0
117, 20, 1, 5, 0, 0, 0.02%, 0, 0, 1, 62.23, 7192, 12, 0, 0
122, 21, 1, 5, 0, 0, 0.02%, 0, 0, 1, 63.70, 7517, 12, 0, 0
127, 22, 1, 5, 0, 0, 0.02%, 0, 0, 1, 63.66, 7842, 12, 0, 0
132, 23, 1, 5, 0, 0, 0.02%, 0, 0, 1, 64.15, 8167, 12, 0, 0
137, 24, 1, 5, 0, 0, 0.02%, 0, 0, 1, 64.44, 8494, 12, 0, 0
142, 25, 1, 5, 0, 0, 0.02%, 0, 0, 1, 64.43, 8819, 12, 0, 0
147, 26, 1, 5, 0, 0, 0.02%, 0, 0, 1, 63.34, 9141, 12, 0, 0
152, 26, 1, 5, 0, 0, 0.02%, 0, 0, 1, 63.53, 9466, 12, 0, 0
158, 27, 1, 5, 0, 0, 0.02%, 0, 0, 1, 63.75, 9791, 12, 0, 0
163, 28, 1, 5, 0, 0, 0.02%, 0, 0, 1, 64.19, 10116, 12, 0, 0
168, 29, 1, 5, 0, 0, 0.02%, 0, 0, 1, 64.37, 10442, 12, 0, 0
173, 30, 1, 5, 0, 0, 0.02%, 0, 0, 1, 64.31, 10767, 12, 0, 0
178, 31, 1, 5, 0, 0, 0.02%, 0, 0, 1, 64.11, 11093, 12, 0, 0
183, 32, 1, 5, 0, 0, 0.02%, 0, 0, 1, 64.03, 11419, 12, 0, 0
188, 33, 1, 5, 0, 0, 0.02%, 0, 0, 1, 63.62, 11744, 12, 0, 0
193, 34, 1, 5, 0, 0, 0.02%, 0, 0, 1, 63.21, 12069, 12, 0, 0
198, 35, 1, 5, 0, 0, 0.02%, 0, 0, 1, 63.14, 12394, 12, 0, 0
203, 36, 1, 5, 0, 0, 0.02%, 0, 0, 1, 63.14, 12719, 12, 0, 0
209, 37, 1, 5, 0, 0, 0.02%, 0, 0, 1, 62.02, 13042, 12, 0, 0
214, 38, 1, 5, 0, 0, 0.02%, 0, 0, 1, 60.94, 13349, 12, 0, 0
219, 38, 1, 5, 0, 0, 0.02%, 0, 0, 1, 63.01, 13671, 12, 0, 0
224, 39, 1, 5, 0, 0, 0.02%, 0, 0, 1, 64.05, 13996, 12, 0, 0
229, 40, 1, 5, 0, 0, 0.02%, 0, 0, 1, 64.04, 14321, 12, 0, 0
234, 41, 1, 5, 0, 0, 0.02%, 0, 0, 1, 64.00, 14646, 12, 0, 0
239, 42, 1, 5, 0, 0, 0.02%, 0, 0, 1, 64.06, 14971, 12, 0, 0
244, 43, 1, 5, 0, 0, 0.02%, 0, 0, 1, 61.32, 15287, 12, 0, 0
249, 44, 1, 5, 0, 0, 0.02%, 0, 0, 1, 59.71, 15591, 12, 0, 0
254, 45, 1, 5, 0, 0, 0.02%, 0, 0, 1, 59.56, 15891, 12, 0, 0
260, 46, 1, 5, 0, 0, 0.02%, 0, 0, 1, 59.45, 16192, 12, 0, 0
265, 47, 1, 5, 0, 0, 0.02%, 0, 0, 1, 59.85, 16499, 12, 0, 0
270, 47, 1, 5, 0, 0, 0.02%, 0, 0, 1, 60.06, 16810, 12, 0, 0
275, 48, 1, 5, 0, 0, 0.02%, 0, 0, 1, 61.99, 17120, 12, 0, 0
280, 49, 1, 5, 0, 0, 0.02%, 0, 0, 1, 62.98, 17445, 12, 0, 0
285, 50, 1, 5, 0, 0, 0.02%, 0, 0, 1, 63.78, 17770, 12, 0, 0
290, 51, 1, 5, 0, 0, 0.02%, 0, 0, 1, 63.93, 18095, 12, 0, 0
295, 52, 1, 5, 0, 0, 0.02%, 0, 0, 1, 63.86, 18420, 12, 0, 0
300, 53, 1, 5, 0, 0, 0.02%, 0, 0, 1, 63.66, 18745, 12, 0, 0
305, 54, 1, 5, 0, 0, 0.02%, 0, 0, 1, 63.83, 19070, 12, 0, 0
311, 55, 1, 5, 0, 0, 0.02%, 0, 0, 1, 63.67, 19395, 12, 0, 0
316, 56, 1, 5, 0, 0, 0.02%, 0, 0, 1, 63.67, 19720, 12, 0, 0
321, 57, 1, 5, 0, 0, 0.02%, 0, 0, 1, 63.71, 20045, 12, 0, 0
326, 58, 1, 5, 0, 0, 0.02%, 0, 0, 1, 62.01, 20356, 12, 0, 0
331, 58, 1, 5, 0, 0, 0.02%, 0, 0, 1, 62.73, 20675, 12, 0, 0
336, 59, 1, 5, 0, 0, 0.02%, 0, 0, 1, 64.03, 21001, 12, 0, 0
341, 60, 1, 5, 0, 0, 0.02%, 0, 0, 1, 64.24, 21326, 12, 0, 0
346, 61, 1, 5, 0, 0, 0.02%, 0, 0, 1, 64.67, 21657, 12, 0, 0
351, 62, 1, 5, 0, 0, 0.02%, 0, 0, 1, 65.09, 21987, 12, 0, 0
356, 63, 1, 5, 0, 0, 0.02%, 0, 0, 1, 62.88, 22314, 12, 0, 0
361, 64, 1, 5, 0, 0, 0.02%, 0, 0, 1, 60.29, 22618, 12, 0, 0
367, 65, 1, 5, 0, 0, 0.02%, 0, 0, 1, 59.93, 22924, 12, 0, 0
372, 66, 1, 5, 0, 0, 0.02%, 0, 0, 1, 60.17, 23229, 12, 0, 0
377, 67, 1, 5, 0, 0, 0.02%, 0, 0, 1, 59.88, 23536, 12, 0, 0
382, 68, 1, 5, 0, 0, 0.02%, 0, 0, 1, 60.08, 23838, 12, 0, 0
387, 68, 1, 5, 0, 0, 0.02%, 0, 0, 1, 60.84, 24148, 12, 0, 0
392, 69, 1, 5, 0, 0, 0.02%, 0, 0, 1, 63.05, 24473, 12, 0, 0
397, 70, 1, 5, 0, 0, 0.02%, 0, 0, 1, 61.96, 24795, 12, 0, 0
402, 71, 1, 5, 0, 0, 0.02%, 0, 0, 1, 61.17, 25104, 12, 0, 0
407, 72, 1, 5, 0, 0, 0.02%, 0, 0, 1, 61.34, 25415, 12, 0, 0
412, 73, 1, 5, 0, 0, 0.02%, 0, 0, 1, 63.19, 25740, 12, 0, 0
418, 74, 1, 5, 0, 0, 0.02%, 0, 0, 1, 63.52, 26065, 12, 0, 0
423, 75, 1, 5, 0, 0, 0.02%, 0, 0, 1, 61.80, 26385, 12, 0, 0
428, 76, 1, 5, 0, 0, 0.02%, 0, 0, 1, 60.03, 26685, 12, 0, 0
433, 76, 1, 5, 0, 0, 0.02%, 0, 0, 1, 59.72, 26986, 12, 0, 0
438, 77, 1, 5, 0, 0, 0.02%, 0, 0, 1, 59.64, 27287, 12, 0, 0
443, 78, 1, 5, 0, 0, 0.02%, 0, 0, 1, 59.67, 27590, 12, 0, 0
448, 79, 1, 5, 0, 0, 0.02%, 0, 0, 1, 60.59, 27905, 12, 0, 0
453, 80, 1, 5, 0, 0, 0.02%, 0, 0, 1, 61.77, 28228, 12, 0, 0
458, 81, 1, 5, 0, 0, 0.02%, 0, 0, 1, 62.70, 28547, 12, 0, 0
463, 82, 1, 5, 0, 0, 0.02%, 0, 0, 1, 64.04, 28873, 12, 0, 0
469, 83, 1, 5, 0, 0, 0.02%, 0, 0, 1, 64.20, 29199, 12, 0, 0
474, 84, 1, 5, 0, 0, 0.02%, 0, 0, 1, 64.42, 29525, 12, 0, 0
479, 85, 1, 5, 0, 0, 0.02%, 0, 0, 1, 64.40, 29852, 12, 0, 0
484, 86, 1, 5, 0, 0, 0.02%, 0, 0, 1, 61.64, 30163, 12, 0, 0
489, 86, 1, 5, 0, 0, 0.02%, 0, 0, 1, 60.83, 30467, 12, 0, 0
494, 87, 1, 5, 0, 0, 0.02%, 0, 0, 1, 60.39, 30780, 12, 0, 0
499, 88, 1, 5, 0, 0, 0.02%, 0, 0, 1, 63.01, 31102, 12, 0, 0
504, 89, 1, 5, 0, 0, 0.02%, 0, 0, 1, 64.26, 31429, 12, 0, 0
509, 90, 1, 5, 0, 0, 0.02%, 0, 0, 1, 60.21, 31730, 12, 0, 0
514, 91, 1, 5, 0, 0, 0.02%, 0, 0, 1, 62.25, 32044, 12, 0, 0
519, 92, 1, 5, 0, 0, 0.02%, 0, 0, 1, 63.60, 32369, 12, 0, 0
524, 93, 1, 5, 0, 0, 0.02%, 0, 0, 1, 61.12, 32675, 12, 0, 0
530, 94, 1, 5, 0, 0, 0.02%, 0, 0, 1, 60.63, 32981, 12, 0, 0
535, 94, 1, 5, 0, 0, 0.02%, 0, 0, 1, 60.36, 33287, 12, 0, 0
540, 95, 1, 5, 0, 0, 0.02%, 0, 0, 1, 60.14, 33598, 12, 0, 0
545, 96, 1, 5, 0, 0, 0.02%, 0, 0, 1, 61.91, 33917, 12, 0, 0
550, 97, 1, 5, 0, 0, 0.02%, 0, 0, 1, 60.77, 34223, 12, 0, 0
555, 98, 1, 5, 0, 0, 0.02%, 0, 0, 1, 60.33, 34535, 12, 0, 0
560, 99, 1, 5, 0, 0, 0.02%, 0, 0, 1, 59.92, 34844, 12, 0, 0
565, 100, 1, 5, 0, 0, 0.02%, 0, 0, 1, 60.24, 35145, 12, 0, 0
571, 101, 1, 5, 0, 0, 0.02%, 0, 0, 1, 59.90, 35457, 12, 0, 0
576, 102, 1, 5, 0, 0, 0.02%, 0, 0, 1, 59.92, 35764, 12, 0, 0
581, 102, 1, 5, 0, 0, 0.02%, 0, 0, 1, 62.87, 36085, 12, 0, 0
586, 103, 1, 5, 0, 0, 0.02%, 0, 0, 1, 63.65, 36410, 12, 0, 0
591, 104, 1, 5, 0, 0, 0.02%, 0, 0, 1, 63.11, 36732, 12, 0, 0
596, 105, 1, 5, 0, 0, 0.02%, 0, 0, 1, 60.54, 37042, 12, 0, 0
601, 106, 1, 5, 0, 0, 0.02%, 0, 0, 1, 60.12, 37348, 12, 0, 0
606, 107, 1, 5, 0, 0, 0.02%, 0, 0, 1, 60.98, 37662, 12, 0, 0
611, 108, 1, 5, 0, 0, 0.02%, 0, 0, 1, 63.71, 37988, 12, 0, 0
616, 109, 1, 5, 0, 0, 0.02%, 0, 0, 1, 64.62, 38317, 12, 0, 0
622, 110, 1, 5, 0, 0, 0.02%, 0, 0, 1, 64.92, 38649, 12, 0, 0
627, 111, 1, 5, 0, 0, 0.02%, 0, 0, 1, 64.83, 38978, 12, 0, 0
632, 112, 1, 5, 0, 0, 0.02%, 0, 0, 1, 64.69, 39313, 12, 0, 0
637, 113, 1, 5, 0, 0, 0.02%, 0, 0, 1, 62.19, 39624, 12, 0, 0
642, 114, 1, 5, 0, 0, 0.02%, 0, 0, 1, 64.20, 39957, 12, 0, 0
647, 114, 1, 5, 0, 0, 0.02%, 0, 0, 1, 64.62, 40284, 12, 0, 0
652, 115, 1, 5, 0, 0, 0.02%, 0, 0, 1, 64.01, 40609, 12, 0, 0
657, 116, 1, 5, 0, 0, 0.02%, 0, 0, 1, 63.47, 40932, 12, 0, 0
662, 117, 1, 5, 0, 0, 0.02%, 0, 0, 1, 63.94, 41258, 12, 0, 0
668, 118, 1, 5, 0, 0, 0.02%, 0, 0, 1, 62.29, 41581, 12, 0, 0
673, 119, 1, 5, 0, 0, 0.02%, 0, 0, 1, 60.25, 41885, 12, 0, 0
678, 120, 1, 5, 0, 0, 0.02%, 0, 0, 1, 61.39, 42198, 12, 0, 0
683, 121, 1, 5, 0, 0, 0.02%, 0, 0, 1, 63.50, 42523, 12, 0, 0
688, 122, 1, 5, 0, 0, 0.02%, 0, 0, 1, 63.31, 42846, 12, 0, 0
693, 123, 1, 5, 0, 0, 0.02%, 0, 0, 1, 60.61, 43156, 12, 0, 0
698, 124, 1, 5, 0, 0, 0.02%, 0, 0, 1, 60.08, 43465, 12, 0, 0
703, 124, 1, 5, 0, 0, 0.02%, 0, 0, 1, 60.11, 43777, 12, 0, 0
708, 125, 1, 5, 0, 0, 0.02%, 0, 0, 1, 61.61, 44084, 12, 0, 0
713, 126, 1, 5, 0, 0, 0.02%, 0, 0, 1, 60.66, 44392, 12, 0, 0
719, 127, 1, 5, 0, 0, 0.02%, 0, 0, 1, 61.86, 44706, 12, 0, 0
724, 128, 1, 5, 0, 0, 0.02%, 0, 0, 1, 61.65, 45018, 12, 0, 0
729, 129, 1, 5, 0, 0, 0.02%, 0, 0, 1, 62.19, 45327, 12, 0, 0
734, 130, 1, 5, 0, 0, 0.02%, 0, 0, 1, 64.11, 45652, 12, 0, 0
739, 131, 1, 5, 0, 0, 0.02%, 0, 0, 1, 64.43, 45978, 12, 0, 0
744, 132, 1, 5, 0, 0, 0.02%, 0, 0, 1, 64.12, 46304, 12, 0, 0
749, 133, 1, 5, 0, 0, 0.02%, 0, 0, 1, 61.25, 46611, 12, 0, 0
754, 133, 1, 5, 0, 0, 0.02%, 0, 0, 1, 60.88, 46922, 12, 0, 0
759, 134, 1, 5, 0, 0, 0.02%, 0, 0, 1, 61.03, 47232, 12, 0, 0
764, 135, 1, 5, 0, 0, 0.02%, 0, 0, 1, 63.65, 47558, 12, 0, 0
769, 136, 1, 5, 0, 0, 0.02%, 0, 0, 1, 64.10, 47882, 12, 0, 0
774, 137, 1, 5, 0, 0, 0.02%, 0, 0, 1, 63.80, 48207, 12, 0, 0
779, 138, 1, 5, 0, 0, 0.02%, 0, 0, 1, 61.32, 48513, 12, 0, 0
784, 139, 1, 5, 0, 0, 0.02%, 0, 0, 1, 60.95, 48824, 12, 0, 0
789, 140, 1, 5, 0, 0, 0.02%, 0, 0, 1, 63.67, 49149, 12, 0, 0
795, 141, 1, 5, 0, 0, 0.02%, 0, 0, 1, 64.23, 49475, 12, 0, 0
800, 142, 1, 5, 0, 0, 0.02%, 0, 0, 1, 64.53, 49800, 12, 0, 0
805, 143, 1, 5, 0, 0, 0.02%, 0, 0, 1, 62.89, 50123, 12, 0, 0
810, 143, 1, 5, 0, 0, 0.02%, 0, 0, 1, 61.56, 50435, 12, 0, 0
815, 144, 1, 5, 0, 0, 0.02%, 0, 0, 1, 63.14, 50760, 12, 0, 0
820, 145, 1, 5, 0, 0, 0.02%, 0, 0, 1, 61.49, 51079, 12, 0, 0
825, 146, 1, 5, 0, 0, 0.02%, 0, 0, 1, 60.40, 51391, 12, 0, 0
830, 147, 1, 5, 0, 0, 0.02%, 0, 0, 1, 60.25, 51692, 12, 0, 0
835, 148, 1, 5, 0, 0, 0.02%, 0, 0, 1, 60.03, 52003, 12, 0, 0
841, 149, 1, 5, 0, 0, 0.02%, 0, 0, 1, 62.20, 52324, 12, 0, 0
846, 150, 1, 5, 0, 0, 0.02%, 0, 0, 1, 61.22, 52640, 12, 0, 0
851, 151, 1, 5, 0, 0, 0.02%, 0, 0, 1, 63.20, 52965, 12, 0, 0
856, 152, 1, 5, 0, 0, 0.02%, 0, 0, 1, 63.45, 53290, 12, 0, 0
861, 153, 1, 5, 0, 0, 0.02%, 0, 0, 1, 61.82, 53600, 12, 0, 0
866, 153, 1, 5, 0, 0, 0.02%, 0, 0, 1, 60.83, 53909, 12, 0, 0
871, 154, 1, 5, 0, 0, 0.02%, 0, 0, 1, 60.85, 54215, 12, 0, 0
876, 155, 1, 5, 0, 0, 0.02%, 0, 0, 1, 62.52, 54538, 12, 0, 0
882, 156, 1, 5, 0, 0, 0.02%, 0, 0, 1, 63.38, 54863, 12, 0, 0
887, 157, 1, 5, 0, 0, 0.02%, 0, 0, 1, 62.15, 55175, 12, 0, 0
892, 158, 1, 5, 0, 0, 0.02%, 0, 0, 1, 61.59, 55487, 12, 0, 0
897, 159, 1, 5, 0, 0, 0.02%, 0, 0, 1, 59.59, 55788, 12, 0, 0
898, 159, 1, 5, 0, 0, 0.02%, 0, 0, 1, 56.40, 55835, 12, 0, 0
