# relative_time, cycles_done, cur_item, corpus_count, pending_total, pending_favs, map_size, saved_crashes, saved_hangs, max_depth, execs_per_sec, total_execs, edges_found, total_crashes, servers_count
61, 9, 1, 5, 0, 0, 0.29%, 0, 0, 1, 22.38, 1391, 190, 0, 0
66, 10, 1, 5, 0, 0, 0.29%, 0, 0, 1, 22.30, 1506, 190, 0, 0
71, 11, 1, 5, 0, 0, 0.29%, 0, 0, 1, 22.28, 1621, 190, 0, 0
77, 12, 1, 5, 0, 0, 0.29%, 0, 0, 1, 22.29, 1736, 190, 0, 0
82, 12, 1, 5, 0, 0, 0.29%, 0, 0, 1, 22.45, 1851, 190, 0, 0
87, 13, 1, 5, 0, 0, 0.29%, 0, 0, 1, 22.84, 1966, 190, 0, 0
92, 14, 1, 5, 0, 0, 0.29%, 0, 0, 1, 22.75, 2081, 190, 0, 0
97, 15, 1, 5, 0, 0, 0.29%, 0, 0, 1, 22.74, 2196, 190, 0, 0
102, 16, 1, 5, 0, 0, 0.29%, 0, 0, 1, 22.82, 2311, 190, 0, 0
107, 17, 1, 5, 0, 0, 0.29%, 0, 0, 1, 22.81, 2426, 190, 0, 0
112, 17, 1, 5, 0, 0, 0.29%, 0, 0, 1, 22.80, 2541, 190, 0, 0
117, 18, 1, 5, 0, 0, 0.29%, 0, 0, 1, 22.72, 2656, 190, 0, 0
122, 19, 1, 5, 0, 0, 0.29%, 0, 0, 1, 22.38, 2771, 190, 0, 0
127, 20, 1, 5, 0, 0, 0.29%, 0, 0, 1, 22.37, 2886, 190, 0, 0
133, 21, 1, 5, 0, 0, 0.29%, 0, 0, 1, 22.32, 3001, 190, 0, 0
138, 21, 1, 5, 0, 0, 0.29%, 0, 0, 1, 22.37, 3116, 190, 0, 0
143, 22, 1, 5, 0, 0, 0.29%, 0, 0, 1, 22.78, 3231, 190, 0, 0
148, 23, 1, 5, 0, 0, 0.29%, 0, 0, 1, 22.94, 3346, 190, 0, 0
153, 24, 1, 5, 0, 0, 0.29%, 0, 0, 1, 22.92, 3461, 190, 0, 0
158, 25, 1, 5, 0, 0, 0.29%, 0, 0, 1, 22.59, 3576, 190, 0, 0
163, 26, 1, 5, 0, 0, 0.29%, 0, 0, 1, 22.66, 3691, 190, 0, 0
168, 26, 1, 5, 0, 0, 0.29%, 0, 0, 1, 22.79, 3806, 190, 0, 0
173, 27, 1, 5, 0, 0, 0.29%, 0, 0, 1, 21.72, 3916, 190, 0, 0
178, 28, 1, 5, 0, 0, 0.29%, 0, 0, 1, 22.66, 4031, 190, 0, 0
183, 29, 1, 5, 0, 0, 0.29%, 0, 0, 1, 22.85, 4146, 190, 0, 0
188, 30, 1, 5, 0, 0, 0.29%, 0, 0, 1, 22.85, 4261, 190, 0, 0
193, 30, 1, 5, 0, 0, 0.29%, 0, 0, 1, 22.74, 4376, 190, 0, 0
198, 31, 1, 5, 0, 0, 0.29%, 0, 0, 1, 22.73, 4491, 190, 0, 0
203, 32, 1, 5, 0, 0, 0.29%, 0, 0, 1, 22.58, 4606, 190, 0, 0
208, 33, 1, 5, 0, 0, 0.29%, 0, 0, 1, 22.53, 4721, 190, 0, 0
213, 34, 1, 5, 0, 0, 0.29%, 0, 0, 1, 22.76, 4836, 190, 0, 0
218, 35, 1, 5, 0, 0, 0.29%, 0, 0, 1, 22.80, 4951, 190, 0, 0
224, 35, 1, 5, 0, 0, 0.29%, 0, 0, 1, 22.69, 5066, 190, 0, 0
229, 36, 1, 5, 0, 0, 0.29%, 0, 0, 1, 22.64, 5181, 190, 0, 0
234, 37, 1, 5, 0, 0, 0.29%, 0, 0, 1, 22.72, 5296, 190, 0, 0
239, 38, 1, 5, 0, 0, 0.29%, 0, 0, 1, 22.62, 5411, 190, 0, 0
244, 39, 1, 5, 0, 0, 0.29%, 0, 0, 1, 22.59, 5526, 190, 0, 0
249, 40, 1, 5, 0, 0, 0.29%, 0, 0, 1, 22.60, 5641, 190, 0, 0
254, 40, 1, 5, 0, 0, 0.29%, 0, 0, 1, 22.57, 5756, 190, 0, 0
259, 41, 1, 5, 0, 0, 0.29%, 0, 0, 1, 22.59, 5871, 190, 0, 0
264, 42, 1, 5, 0, 0, 0.29%, 0, 0, 1, 22.67, 5986, 190, 0, 0
269, 43, 1, 5, 0, 0, 0.29%, 0, 0, 1, 22.81, 6101, 190, 0, 0
274, 44, 1, 5, 0, 0, 0.29%, 0, 0, 1, 22.79, 6216, 190, 0, 0
279, 44, 1, 5, 0, 0, 0.29%, 0, 0, 1, 22.94, 6331, 190, 0, 0
284, 45, 1, 5, 0, 0, 0.29%, 0, 0, 1, 22.99, 6446, 190, 0, 0
289, 46, 1, 5, 0, 0, 0.29%, 0, 0, 1, 22.75, 6561, 190, 0, 0
294, 47, 1, 5, 0, 0, 0.29%, 0, 0, 1, 22.60, 6676, 190, 0, 0
300, 48, 1, 5, 0, 0, 0.29%, 0, 0, 1, 22.52, 6791, 190, 0, 0
305, 49, 1, 5, 0, 0, 0.29%, 0, 0, 1, 22.58, 6906, 190, 0, 0
310, 49, 1, 5, 0, 0, 0.29%, 0, 0, 1, 22.78, 7021, 190, 0, 0
315, 50, 1, 5, 0, 0, 0.29%, 0, 0, 1, 22.95, 7136, 190, 0, 0
320, 51, 1, 5, 0, 0, 0.29%, 0, 0, 1, 22.01, 7251, 190, 0, 0
325, 52, 1, 5, 0, 0, 0.29%, 0, 0, 1, 20.86, 7356, 190, 0, 0
330, 53, 1, 5, 0, 0, 0.29%, 0, 0, 1, 21.87, 7466, 190, 0, 0
335, 53, 1, 5, 0, 0, 0.29%, 0, 0, 1, 22.49, 7581, 190, 0, 0
340, 54, 1, 5, 0, 0, 0.29%, 0, 0, 1, 22.70, 7696, 190, 0, 0
345, 55, 1, 5, 0, 0, 0.29%, 0, 0, 1, 22.71, 7811, 190, 0, 0
350, 56, 1, 5, 0, 0, 0.29%, 0, 0, 1, 22.71, 7926, 190, 0, 0
355, 57, 1, 5, 0, 0, 0.29%, 0, 0, 1, 22.70, 8041, 190, 0, 0
360, 57, 1, 5, 0, 0, 0.29%, 0, 0, 1, 22.68, 8156, 190, 0, 0
366, 58, 1, 5, 0, 0, 0.29%, 0, 0, 1, 22.76, 8271, 190, 0, 0
371, 59, 1, 5, 0, 0, 0.29%, 0, 0, 1, 22.84, 8386, 190, 0, 0
376, 60, 1, 5, 0, 0, 0.29%, 0, 0, 1, 22.80, 8501, 190, 0, 0
381, 61, 1, 5, 0, 0, 0.29%, 0, 0, 1, 22.81, 8616, 190, 0, 0
386, 62, 1, 5, 0, 0, 0.29%, 0, 0, 1, 22.87, 8731, 190, 0, 0
391, 62, 1, 5, 0, 0, 0.29%, 0, 0, 1, 22.44, 8846, 190, 0, 0
396, 63, 1, 5, 0, 0, 0.29%, 0, 0, 1, 22.76, 8961, 190, 0, 0
401, 64, 1, 5, 0, 0, 0.29%, 0, 0, 1, 22.73, 9076, 190, 0, 0
406, 65, 1, 5, 0, 0, 0.29%, 0, 0, 1, 22.67, 9191, 190, 0, 0
411, 66, 1, 5, 0, 0, 0.29%, 0, 0, 1, 22.71, 9306, 190, 0, 0
416, 67, 1, 5, 0, 0, 0.29%, 0, 0, 1, 22.61, 9421, 190, 0, 0
421, 67, 1, 5, 0, 0, 0.29%, 0, 0, 1, 22.65, 9536, 190, 0, 0
426, 68, 1, 5, 0, 0, 0.29%, 0, 0, 1, 22.76, 9651, 190, 0, 0
431, 69, 1, 5, 0, 0, 0.29%, 0, 0, 1, 22.74, 9766, 190, 0, 0
436, 70, 1, 5, 0, 0, 0.29%, 0, 0, 1, 22.78, 9881, 190, 0, 0
441, 71, 1, 5, 0, 0, 0.29%, 0, 0, 1, 22.87, 9996, 190, 0, 0
446, 71, 1, 5, 0, 0, 0.29%, 0, 0, 1, 22.82, 10111, 190, 0, 0
452, 72, 1, 5, 0, 0, 0.29%, 0, 0, 1, 22.68, 10226, 190, 0, 0
457, 73, 1, 5, 0, 0, 0.29%, 0, 0, 1, 22.64, 10341, 190, 0, 0
462, 74, 1, 5, 0, 0, 0.29%, 0, 0, 1, 22.63, 10456, 190, 0, 0
467, 75, 1, 5, 0, 0, 0.29%, 0, 0, 1, 22.59, 10571, 190, 0, 0
472, 76, 1, 5, 0, 0, 0.29%, 0, 0, 1, 22.65, 10686, 190, 0, 0
477, 76, 1, 5, 0, 0, 0.29%, 0, 0, 1, 22.53, 10801, 190, 0, 0
482, 77, 1, 5, 0, 0, 0.29%, 0, 0, 1, 22.55, 10916, 190, 0, 0
487, 78, 1, 5, 0, 0, 0.29%, 0, 0, 1, 22.60, 11031, 190, 0, 0
492, 79, 1, 5, 0, 0, 0.29%, 0, 0, 1, 22.56, 11146, 190, 0, 0
497, 80, 1, 5, 0, 0, 0.29%, 0, 0, 1, 22.75, 11261, 190, 0, 0
503, 81, 1, 5, 0, 0, 0.29%, 0, 0, 1, 23.04, 11381, 190, 0, 0
508, 81, 1, 5, 0, 0, 0.29%, 0, 0, 1, 22.88, 11496, 190, 0, 0
513, 82, 1, 5, 0, 0, 0.29%, 0, 0, 1, 22.71, 11611, 190, 0, 0
518, 83, 1, 5, 0, 0, 0.29%, 0, 0, 1, 23.01, 11731, 190, 0, 0
523, 84, 1, 5, 0, 0, 0.29%, 0, 0, 1, 22.63, 11846, 190, 0, 0
528, 85, 1, 5, 0, 0, 0.29%, 0, 0, 1, 21.27, 11951, 190, 0, 0
533, 85, 1, 5, 0, 0, 0.29%, 0, 0, 1, 20.55, 12055, 190, 0, 0
538, 86, 1, 5, 0, 0, 0.29%, 0, 0, 1, 22.38, 12170, 190, 0, 0
543, 87, 1, 5, 0, 0, 0.29%, 0, 0, 1, 22.62, 12285, 190, 0, 0
548, 88, 1, 5, 0, 0, 0.29%, 0, 0, 1, 22.57, 12400, 190, 0, 0
553, 89, 1, 5, 0, 0, 0.29%, 0, 0, 1, 22.67, 12515, 190, 0, 0
558, 89, 1, 5, 0, 0, 0.29%, 0, 0, 1, 22.80, 12630, 190, 0, 0
563, 90, 1, 5, 0, 0, 0.29%, 0, 0, 1, 22.81, 12745, 190, 0, 0
568, 91, 1, 5, 0, 0, 0.29%, 0, 0, 1, 22.81, 12860, 190, 0, 0
574, 92, 1, 5, 0, 0, 0.29%, 0, 0, 1, 22.75, 12975, 190, 0, 0
579, 93, 1, 5, 0, 0, 0.29%, 0, 0, 1, 22.69, 13090, 190, 0, 0
584, 94, 1, 5, 0, 0, 0.29%, 0, 0, 1, 22.77, 13205, 190, 0, 0
589, 94, 1, 5, 0, 0, 0.29%, 0, 0, 1, 22.74, 13320, 190, 0, 0
594, 95, 1, 5, 0, 0, 0.29%, 0, 0, 1, 22.77, 13435, 190, 0, 0
599, 96, 1, 5, 0, 0, 0.29%, 0, 0, 1, 22.81, 13550, 190, 0, 0
604, 97, 1, 5, 0, 0, 0.29%, 0, 0, 1, 22.73, 13665, 190, 0, 0
609, 98, 1, 5, 0, 0, 0.29%, 0, 0, 1, 22.66, 13780, 190, 0, 0
614, 98, 1, 5, 0, 0, 0.29%, 0, 0, 1, 22.72, 13895, 190, 0, 0
619, 99, 1, 5, 0, 0, 0.29%, 0, 0, 1, 22.73, 14010, 190, 0, 0
624, 100, 1, 5, 0, 0, 0.29%, 0, 0, 1, 22.60, 14125, 190, 0, 0
629, 101, 1, 5, 0, 0, 0.29%, 0, 0, 1, 22.59, 14240, 190, 0, 0
634, 102, 1, 5, 0, 0, 0.29%, 0, 0, 1, 22.57, 14355, 190, 0, 0
639, 103, 1, 5, 0, 0, 0.29%, 0, 0, 1, 22.72, 14470, 190, 0, 0
644, 103, 1, 5, 0, 0, 0.29%, 0, 0, 1, 22.47, 14585, 190, 0, 0
650, 104, 1, 5, 0, 0, 0.29%, 0, 0, 1, 22.26, 14700, 190, 0, 0
655, 105, 1, 5, 0, 0, 0.29%, 0, 0, 1, 21.47, 14809, 190, 0, 0
660, 106, 1, 5, 0, 0, 0.29%, 0, 0, 1, 21.76, 14919, 190, 0, 0
665, 107, 1, 5, 0, 0, 0.29%, 0, 0, 1, 22.56, 15034, 190, 0, 0
670, 107, 1, 5, 0, 0, 0.29%, 0, 0, 1, 22.74, 15149, 190, 0, 0
675, 108, 1, 5, 0, 0, 0.29%, 0, 0, 1, 22.77, 15264, 190, 0, 0
680, 109, 1, 5, 0, 0, 0.29%, 0, 0, 1, 22.70, 15379, 190, 0, 0
685, 110, 1, 5, 0, 0, 0.29%, 0, 0, 1, 22.69, 15494, 190, 0, 0
690, 111, 1, 5, 0, 0, 0.29%, 0, 0, 1, 22.72, 15609, 190, 0, 0
695, 112, 1, 5, 0, 0, 0.29%, 0, 0, 1, 22.75, 15724, 190, 0, 0
700, 112, 1, 5, 0, 0, 0.29%, 0, 0, 1, 22.73, 15839, 190, 0, 0
705, 113, 1, 5, 0, 0, 0.29%, 0, 0, 1, 22.51, 15954, 190, 0, 0
711, 114, 1, 5, 0, 0, 0.29%, 0, 0, 1, 22.39, 16069, 190, 0, 0
716, 115, 1, 5, 0, 0, 0.29%, 0, 0, 1, 22.64, 16184, 190, 0, 0
721, 116, 1, 5, 0, 0, 0.29%, 0, 0, 1, 22.74, 16299, 190, 0, 0
726, 116, 1, 5, 0, 0, 0.29%, 0, 0, 1, 22.94, 16414, 190, 0, 0
731, 117, 1, 5, 0, 0, 0.29%, 0, 0, 1, 22.94, 16534, 190, 0, 0
736, 118, 1, 5, 0, 0, 0.29%, 0, 0, 1, 22.88, 16649, 190, 0, 0
741, 119, 1, 5, 0, 0, 0.29%, 0, 0, 1, 22.98, 16769, 190, 0, 0
746, 120, 1, 5, 0, 0, 0.29%, 0, 0, 1, 22.53, 16884, 190, 0, 0
751, 121, 1, 5, 0, 0, 0.29%, 0, 0, 1, 22.41, 16999, 190, 0, 0
757, 121, 1, 5, 0, 0, 0.29%, 0, 0, 1, 22.38, 17114, 190, 0, 0
762, 122, 1, 5, 0, 0, 0.29%, 0, 0, 1, 22.42, 17229, 190, 0, 0
767, 123, 1, 5, 0, 0, 0.29%, 0, 0, 1, 22.36, 17344, 190, 0, 0
772, 124, 1, 5, 0, 0, 0.29%, 0, 0, 1, 22.26, 17459, 190, 0, 0
777, 125, 1, 5, 0, 0, 0.29%, 0, 0, 1, 22.40, 17574, 190, 0, 0
782, 126, 1, 5, 0, 0, 0.29%, 0, 0, 1, 22.39, 17689, 190, 0, 0
787, 126, 1, 5, 0, 0, 0.29%, 0, 0, 1, 22.37, 17804, 190, 0, 0
793, 127, 1, 5, 0, 0, 0.29%, 0, 0, 1, 22.41, 17919, 190, 0, 0
798, 128, 1, 5, 0, 0, 0.29%, 0, 0, 1, 22.41, 18034, 190, 0, 0
803, 129, 1, 5, 0, 0, 0.29%, 0, 0, 1, 22.35, 18149, 190, 0, 0
808, 130, 1, 5, 0, 0, 0.29%, 0, 0, 1, 22.31, 18264, 190, 0, 0
813, 131, 1, 5, 0, 0, 0.29%, 0, 0, 1, 22.68, 18379, 190, 0, 0
818, 131, 1, 5, 0, 0, 0.29%, 0, 0, 1, 21.15, 18487, 190, 0, 0
823, 132, 1, 5, 0, 0, 0.29%, 0, 0, 1, 21.87, 18596, 190, 0, 0
828, 133, 1, 5, 0, 0, 0.29%, 0, 0, 1, 22.45, 18711, 190, 0, 0
833, 134, 1, 5, 0, 0, 0.29%, 0, 0, 1, 22.55, 18826, 190, 0, 0
839, 135, 1, 5, 0, 0, 0.29%, 0, 0, 1, 22.57, 18941, 190, 0, 0
844, 135, 1, 5, 0, 0, 0.29%, 0, 0, 1, 22.60, 19056, 190, 0, 0
849, 136, 1, 5, 0, 0, 0.29%, 0, 0, 1, 22.65, 19171, 190, 0, 0
854, 137, 1, 5, 0, 0, 0.29%, 0, 0, 1, 22.75, 19286, 190, 0, 0
859, 138, 1, 5, 0, 0, 0.29%, 0, 0, 1, 22.63, 19401, 190, 0, 0
864, 139, 1, 5, 0, 0, 0.29%, 0, 0, 1, 22.64, 19516, 190, 0, 0
869, 139, 1, 5, 0, 0, 0.29%, 0, 0, 1, 22.75, 19631, 190, 0, 0
874, 140, 1, 5, 0, 0, 0.29%, 0, 0, 1, 22.95, 19746, 190, 0, 0
879, 141, 1, 5, 0, 0, 0.29%, 0, 0, 1, 22.67, 19861, 190, 0, 0
884, 142, 1, 5, 0, 0, 0.29%, 0, 0, 1, 22.51, 19976, 190, 0, 0
889, 143, 1, 5, 0, 0, 0.29%, 0, 0, 1, 22.39, 20091, 190, 0, 0
894, 144, 1, 5, 0, 0, 0.29%, 0, 0, 1, 22.30, 20206, 190, 0, 0
897, 144, 1, 5, 0, 0, 0.29%, 0, 0, 1, 21.67, 20257, 190, 0, 0
