# relative_time, cycles_done, cur_item, corpus_count, pending_total, pending_favs, map_size, saved_crashes, saved_hangs, max_depth, execs_per_sec, total_execs, edges_found, total_crashes, servers_count
61, 22, 1, 5, 0, 0, 0.13%, 0, 0, 1, 33.70, 2153, 85, 0, 0
67, 24, 0, 5, 0, 0, 0.13%, 0, 0, 1, 32.94, 2317, 85, 0, 0
72, 26, 1, 5, 0, 0, 0.13%, 0, 0, 1, 36.60, 2512, 85, 0, 0
77, 28, 1, 5, 0, 0, 0.13%, 0, 0, 1, 33.31, 2682, 85, 0, 0
82, 30, 0, 5, 0, 0, 0.13%, 0, 0, 1, 35.60, 2872, 85, 0, 0
87, 32, 1, 5, 0, 0, 0.13%, 0, 0, 1, 36.26, 3064, 85, 0, 0
92, 34, 1, 5, 0, 0, 0.13%, 0, 0, 1, 36.79, 3252, 85, 0, 0
97, 36, 1, 5, 0, 0, 0.13%, 0, 0, 1, 36.23, 3427, 85, 0, 0
102, 38, 1, 5, 0, 0, 0.13%, 0, 0, 1, 31.65, 3590, 85, 0, 0
108, 40, 1, 5, 0, 0, 0.13%, 0, 0, 1, 36.99, 3791, 85, 0, 0
113, 42, 1, 5, 0, 0, 0.13%, 0, 0, 1, 33.99, 3958, 85, 0, 0
118, 43, 1, 5, 0, 0, 0.13%, 0, 0, 1, 34.91, 4136, 85, 0, 0
123, 45, 0, 5, 0, 0, 0.13%, 0, 0, 1, 33.57, 4293, 85, 0, 0
128, 47, 1, 5, 0, 0, 0.13%, 0, 0, 1, 32.71, 4451, 85, 0, 0
133, 49, 1, 5, 0, 0, 0.13%, 0, 0, 1, 33.72, 4616, 85, 0, 0
138, 51, 0, 5, 0, 0, 0.13%, 0, 0, 1, 35.99, 4798, 85, 0, 0
143, 53, 1, 5, 0, 0, 0.13%, 0, 0, 1, 35.77, 4985, 85, 0, 0
148, 54, 1, 5, 0, 0, 0.13%, 0, 0, 1, 36.12, 5159, 85, 0, 0
153, 56, 1, 5, 0, 0, 0.13%, 0, 0, 1, 32.37, 5322, 85, 0, 0
158, 58, 1, 5, 0, 0, 0.13%, 0, 0, 1, 36.12, 5501, 85, 0, 0
164, 60, 1, 5, 0, 0, 0.13%, 0, 0, 1, 31.42, 5656, 85, 0, 0
169, 62, 0, 5, 0, 0, 0.13%, 0, 0, 1, 33.79, 5820, 85, 0, 0
174, 64, 0, 5, 0, 0, 0.13%, 0, 0, 1, 40.38, 6039, 85, 0, 0
179, 66, 1, 5, 0, 0, 0.13%, 0, 0, 1, 37.60, 6225, 85, 0, 0
184, 68, 0, 5, 0, 0, 0.13%, 0, 0, 1, 38.43, 6413, 85, 0, 0
189, 70, 1, 5, 0, 0, 0.13%, 0, 0, 1, 37.75, 6614, 85, 0, 0
194, 72, 0, 5, 0, 0, 0.13%, 0, 0, 1, 35.72, 6805, 85, 0, 0
200, 74, 1, 5, 0, 0, 0.13%, 0, 0, 1, 38.08, 7012, 85, 0, 0
205, 76, 0, 5, 0, 0, 0.13%, 0, 0, 1, 32.54, 7169, 85, 0, 0
210, 78, 0, 5, 0, 0, 0.13%, 0, 0, 1, 34.22, 7342, 85, 0, 0
215, 80, 1, 5, 0, 0, 0.13%, 0, 0, 1, 36.27, 7529, 85, 0, 0
220, 82, 1, 5, 0, 0, 0.13%, 0, 0, 1, 36.58, 7714, 85, 0, 0
225, 84, 1, 5, 0, 0, 0.13%, 0, 0, 1, 33.92, 7883, 85, 0, 0
230, 86, 0, 5, 0, 0, 0.13%, 0, 0, 1, 39.22, 8089, 85, 0, 0
235, 88, 1, 5, 0, 0, 0.13%, 0, 0, 1, 39.45, 8279, 85, 0, 0
241, 90, 1, 5, 0, 0, 0.13%, 0, 0, 1, 35.82, 8466, 85, 0, 0
246, 92, 0, 5, 0, 0, 0.13%, 0, 0, 1, 35.25, 8637, 85, 0, 0
251, 93, 1, 5, 0, 0, 0.13%, 0, 0, 1, 34.74, 8809, 85, 0, 0
256, 95, 1, 5, 0, 0, 0.13%, 0, 0, 1, 36.47, 8994, 85, 0, 0
261, 97, 1, 5, 0, 0, 0.13%, 0, 0, 1, 36.75, 9176, 85, 0, 0
266, 99, 1, 5, 0, 0, 0.13%, 0, 0, 1, 37.40, 9360, 85, 0, 0
271, 101, 0, 5, 0, 0, 0.13%, 0, 0, 1, 34.22, 9535, 85, 0, 0
276, 103, 1, 5, 0, 0, 0.13%, 0, 0, 1, 38.47, 9731, 85, 0, 0
281, 105, 0, 5, 0, 0, 0.13%, 0, 0, 1, 36.92, 9914, 85, 0, 0
286, 107, 0, 5, 0, 0, 0.13%, 0, 0, 1, 36.44, 10097, 85, 0, 0
291, 109, 0, 5, 0, 0, 0.13%, 0, 0, 1, 36.97, 10284, 85, 0, 0
297, 111, 0, 5, 0, 0, 0.13%, 0, 0, 1, 36.62, 10469, 85, 0, 0
302, 113, 1, 5, 0, 0, 0.13%, 0, 0, 1, 35.71, 10654, 85, 0, 0
307, 115, 1, 5, 0, 0, 0.13%, 0, 0, 1, 38.06, 10841, 85, 0, 0
312, 117, 0, 5, 0, 0, 0.13%, 0, 0, 1, 34.87, 11019, 85, 0, 0
317, 119, 1, 5, 0, 0, 0.13%, 0, 0, 1, 37.53, 11215, 85, 0, 0
322, 121, 1, 5, 0, 0, 0.13%, 0, 0, 1, 37.97, 11414, 85, 0, 0
327, 123, 0, 5, 0, 0, 0.13%, 0, 0, 1, 35.76, 11593, 85, 0, 0
333, 125, 0, 5, 0, 0, 0.13%, 0, 0, 1, 37.75, 11784, 85, 0, 0
338, 127, 1, 5, 0, 0, 0.13%, 0, 0, 1, 36.83, 11973, 85, 0, 0
343, 129, 1, 5, 0, 0, 0.13%, 0, 0, 1, 34.16, 12147, 85, 0, 0
348, 131, 1, 5, 0, 0, 0.13%, 0, 0, 1, 32.96, 12321, 85, 0, 0
353, 132, 1, 5, 0, 0, 0.13%, 0, 0, 1, 32.63, 12480, 85, 0, 0
358, 134, 0, 5, 0, 0, 0.13%, 0, 0, 1, 36.19, 12661, 85, 0, 0
363, 136, 0, 5, 0, 0, 0.13%, 0, 0, 1, 36.65, 12850, 85, 0, 0
368, 138, 1, 5, 0, 0, 0.13%, 0, 0, 1, 29.64, 12996, 85, 0, 0
373, 139, 0, 5, 0, 0, 0.13%, 0, 0, 1, 31.85, 13156, 85, 0, 0
378, 141, 1, 5, 0, 0, 0.13%, 0, 0, 1, 34.04, 13334, 85, 0, 0
384, 143, 1, 5, 0, 0, 0.13%, 0, 0, 1, 38.09, 13536, 85, 0, 0
389, 145, 1, 5, 0, 0, 0.13%, 0, 0, 1, 35.20, 13712, 85, 0, 0
394, 147, 1, 5, 0, 0, 0.13%, 0, 0, 1, 35.44, 13900, 85, 0, 0
399, 149, 1, 5, 0, 0, 0.13%, 0, 0, 1, 33.39, 14062, 85, 0, 0
404, 151, 0, 5, 0, 0, 0.13%, 0, 0, 1, 34.46, 14233, 85, 0, 0
409, 153, 0, 5, 0, 0, 0.13%, 0, 0, 1, 32.94, 14399, 85, 0, 0
414, 155, 1, 5, 0, 0, 0.13%, 0, 0, 1, 34.47, 14583, 85, 0, 0
419, 157, 0, 5, 0, 0, 0.13%, 0, 0, 1, 36.85, 14766, 85, 0, 0
424, 159, 1, 5, 0, 0, 0.13%, 0, 0, 1, 34.66, 14949, 85, 0, 0
429, 161, 1, 5, 0, 0, 0.13%, 0, 0, 1, 34.00, 15126, 85, 0, 0
435, 163, 1, 5, 0, 0, 0.13%, 0, 0, 1, 35.96, 15323, 85, 0, 0
440, 165, 0, 5, 0, 0, 0.13%, 0, 0, 1, 36.06, 15505, 85, 0, 0
445, 167, 1, 5, 0, 0, 0.13%, 0, 0, 1, 36.60, 15683, 85, 0, 0
450, 169, 1, 5, 0, 0, 0.13%, 0, 0, 1, 36.51, 15868, 85, 0, 0
455, 171, 1, 5, 0, 0, 0.13%, 0, 0, 1, 39.78, 16069, 85, 0, 0
460, 173, 0, 5, 0, 0, 0.13%, 0, 0, 1, 36.70, 16262, 85, 0, 0
465, 175, 0, 5, 0, 0, 0.13%, 0, 0, 1, 33.28, 16438, 85, 0, 0
470, 177, 1, 5, 0, 0, 0.13%, 0, 0, 1, 35.92, 16626, 85, 0, 0
475, 179, 1, 5, 0, 0, 0.13%, 0, 0, 1, 34.01, 16791, 85, 0, 0
480, 181, 1, 5, 0, 0, 0.13%, 0, 0, 1, 37.16, 16978, 85, 0, 0
486, 182, 0, 5, 0, 0, 0.13%, 0, 0, 1, 33.77, 17142, 85, 0, 0
491, 184, 1, 5, 0, 0, 0.13%, 0, 0, 1, 35.44, 17333, 85, 0, 0
496, 186, 0, 5, 0, 0, 0.13%, 0, 0, 1, 35.86, 17503, 85, 0, 0
501, 188, 0, 5, 0, 0, 0.13%, 0, 0, 1, 35.24, 17679, 85, 0, 0
506, 190, 1, 5, 0, 0, 0.13%, 0, 0, 1, 37.06, 17870, 85, 0, 0
511, 192, 0, 5, 0, 0, 0.13%, 0, 0, 1, 33.44, 18029, 85, 0, 0
516, 194, 0, 5, 0, 0, 0.13%, 0, 0, 1, 38.01, 18235, 85, 0, 0
521, 196, 0, 5, 0, 0, 0.13%, 0, 0, 1, 40.35, 18440, 85, 0, 0
527, 198, 1, 5, 0, 0, 0.13%, 0, 0, 1, 40.05, 18649, 85, 0, 0
532, 200, 1, 5, 0, 0, 0.13%, 0, 0, 1, 37.10, 18837, 85, 0, 0
537, 202, 1, 5, 0, 0, 0.13%, 0, 0, 1, 33.79, 19007, 85, 0, 0
542, 204, 0, 5, 0, 0, 0.13%, 0, 0, 1, 36.93, 19204, 85, 0, 0
547, 206, 0, 5, 0, 0, 0.13%, 0, 0, 1, 40.48, 19420, 85, 0, 0
552, 209, 0, 5, 0, 0, 0.13%, 0, 0, 1, 41.07, 19640, 85, 0, 0
558, 211, 1, 5, 0, 0, 0.13%, 0, 0, 1, 39.67, 19848, 85, 0, 0
563, 213, 0, 5, 0, 0, 0.13%, 0, 0, 1, 38.08, 20039, 85, 0, 0
568, 215, 0, 5, 0, 0, 0.13%, 0, 0, 1, 37.11, 20216, 85, 0, 0
573, 217, 1, 5, 0, 0, 0.13%, 0, 0, 1, 34.29, 20387, 85, 0, 0
578, 219, 0, 5, 0, 0, 0.13%, 0, 0, 1, 36.71, 20577, 85, 0, 0
583, 221, 0, 5, 0, 0, 0.13%, 0, 0, 1, 37.16, 20768, 85, 0, 0
589, 223, 1, 5, 0, 0, 0.13%, 0, 0, 1, 36.05, 20950, 85, 0, 0
594, 225, 1, 5, 0, 0, 0.13%, 0, 0, 1, 37.35, 21148, 85, 0, 0
599, 227, 1, 5, 0, 0, 0.13%, 0, 0, 1, 31.52, 21301, 85, 0, 0
604, 228, 1, 5, 0, 0, 0.13%, 0, 0, 1, 35.64, 21485, 85, 0, 0
609, 230, 1, 5, 0, 0, 0.13%, 0, 0, 1, 36.15, 21677, 85, 0, 0
614, 232, 1, 5, 0, 0, 0.13%, 0, 0, 1, 33.06, 21842, 85, 0, 0
619, 234, 1, 5, 0, 0, 0.13%, 0, 0, 1, 36.52, 22028, 85, 0, 0
624, 236, 1, 5, 0, 0, 0.13%, 0, 0, 1, 31.78, 22189, 85, 0, 0
629, 238, 1, 5, 0, 0, 0.13%, 0, 0, 1, 30.12, 22340, 85, 0, 0
634, 239, 0, 5, 0, 0, 0.13%, 0, 0, 1, 35.01, 22519, 85, 0, 0
640, 241, 1, 5, 0, 0, 0.13%, 0, 0, 1, 36.69, 22714, 85, 0, 0
645, 243, 0, 5, 0, 0, 0.13%, 0, 0, 1, 36.52, 22888, 85, 0, 0
650, 245, 0, 5, 0, 0, 0.13%, 0, 0, 1, 37.40, 23074, 85, 0, 0
655, 247, 1, 5, 0, 0, 0.13%, 0, 0, 1, 33.71, 23235, 85, 0, 0
660, 249, 1, 5, 0, 0, 0.13%, 0, 0, 1, 33.59, 23411, 85, 0, 0
665, 251, 1, 5, 0, 0, 0.13%, 0, 0, 1, 34.17, 23578, 85, 0, 0
670, 252, 1, 5, 0, 0, 0.13%, 0, 0, 1, 32.63, 23742, 85, 0, 0
675, 254, 0, 5, 0, 0, 0.13%, 0, 0, 1, 35.52, 23920, 85, 0, 0
681, 256, 0, 5, 0, 0, 0.13%, 0, 0, 1, 33.74, 24091, 85, 0, 0
686, 258, 1, 5, 0, 0, 0.13%, 0, 0, 1, 35.31, 24271, 85, 0, 0
691, 260, 1, 5, 0, 0, 0.13%, 0, 0, 1, 37.74, 24462, 85, 0, 0
696, 262, 1, 5, 0, 0, 0.13%, 0, 0, 1, 37.50, 24655, 85, 0, 0
701, 264, 0, 5, 0, 0, 0.13%, 0, 0, 1, 38.48, 24848, 85, 0, 0
706, 266, 1, 5, 0, 0, 0.13%, 0, 0, 1, 33.35, 25015, 85, 0, 0
711, 268, 1, 5, 0, 0, 0.13%, 0, 0, 1, 37.11, 25218, 85, 0, 0
716, 270, 1, 5, 0, 0, 0.13%, 0, 0, 1, 35.51, 25397, 85, 0, 0
721, 272, 1, 5, 0, 0, 0.13%, 0, 0, 1, 36.46, 25570, 85, 0, 0
726, 274, 1, 5, 0, 0, 0.13%, 0, 0, 1, 39.43, 25759, 85, 0, 0
732, 276, 0, 5, 0, 0, 0.13%, 0, 0, 1, 39.99, 25960, 85, 0, 0
737, 278, 0, 5, 0, 0, 0.13%, 0, 0, 1, 39.65, 26163, 85, 0, 0
742, 280, 1, 5, 0, 0, 0.13%, 0, 0, 1, 38.74, 26359, 85, 0, 0
747, 282, 1, 5, 0, 0, 0.13%, 0, 0, 1, 36.82, 26550, 85, 0, 0
752, 285, 0, 5, 0, 0, 0.13%, 0, 0, 1, 37.91, 26743, 85, 0, 0
757, 287, 0, 5, 0, 0, 0.13%, 0, 0, 1, 40.17, 26958, 85, 0, 0
762, 289, 1, 5, 0, 0, 0.13%, 0, 0, 1, 38.41, 27148, 85, 0, 0
767, 291, 0, 5, 0, 0, 0.13%, 0, 0, 1, 38.00, 27340, 85, 0, 0
773, 293, 0, 5, 0, 0, 0.13%, 0, 0, 1, 36.85, 27530, 85, 0, 0
778, 295, 1, 5, 0, 0, 0.13%, 0, 0, 1, 37.80, 27709, 85, 0, 0
783, 297, 0, 5, 0, 0, 0.13%, 0, 0, 1, 39.18, 27897, 85, 0, 0
788, 299, 0, 5, 0, 0, 0.13%, 0, 0, 1, 41.56, 28114, 85, 0, 0
793, 301, 1, 5, 0, 0, 0.13%, 0, 0, 1, 38.88, 28307, 85, 0, 0
798, 303, 1, 5, 0, 0, 0.13%, 0, 0, 1, 38.50, 28500, 85, 0, 0
803, 305, 0, 5, 0, 0, 0.13%, 0, 0, 1, 38.05, 28694, 85, 0, 0
808, 307, 1, 5, 0, 0, 0.13%, 0, 0, 1, 32.41, 28855, 85, 0, 0
813, 309, 0, 5, 0, 0, 0.13%, 0, 0, 1, 29.86, 29010, 85, 0, 0
819, 310, 0, 5, 0, 0, 0.13%, 0, 0, 1, 31.11, 29168, 85, 0, 0
824, 312, 1, 5, 0, 0, 0.13%, 0, 0, 1, 35.90, 29354, 85, 0, 0
829, 314, 1, 5, 0, 0, 0.13%, 0, 0, 1, 37.61, 29550, 85, 0, 0
834, 316, 1, 5, 0, 0, 0.13%, 0, 0, 1, 36.41, 29721, 85, 0, 0
839, 318, 0, 5, 0, 0, 0.13%, 0, 0, 1, 35.91, 29904, 85, 0, 0
844, 320, 1, 5, 0, 0, 0.13%, 0, 0, 1, 39.43, 30109, 85, 0, 0
849, 322, 1, 5, 0, 0, 0.13%, 0, 0, 1, 38.26, 30286, 85, 0, 0
854, 324, 0, 5, 0, 0, 0.13%, 0, 0, 1, 40.15, 30489, 85, 0, 0
859, 326, 1, 5, 0, 0, 0.13%, 0, 0, 1, 35.63, 30664, 85, 0, 0
864, 328, 1, 5, 0, 0, 0.13%, 0, 0, 1, 35.56, 30852, 85, 0, 0
869, 330, 1, 5, 0, 0, 0.13%, 0, 0, 1, 37.30, 31040, 85, 0, 0
874, 332, 1, 5, 0, 0, 0.13%, 0, 0, 1, 37.79, 31231, 85, 0, 0
880, 334, 1, 5, 0, 0, 0.13%, 0, 0, 1, 37.14, 31416, 85, 0, 0
885, 336, 1, 5, 0, 0, 0.13%, 0, 0, 1, 37.11, 31600, 85, 0, 0
890, 338, 1, 5, 0, 0, 0.13%, 0, 0, 1, 33.46, 31764, 85, 0, 0
895, 340, 1, 5, 0, 0, 0.13%, 0, 0, 1, 34.74, 31942, 85, 0, 0
896, 340, 0, 5, 0, 0, 0.13%, 0, 0, 1, 0.00, 31989, 85, 0, 0
