# relative_time, cycles_done, cur_item, corpus_count, pending_total, pending_favs, map_size, saved_crashes, saved_hangs, max_depth, execs_per_sec, total_execs, edges_found, total_crashes, servers_count
61, 14, 1, 5, 0, 0, 0.24%, 0, 0, 1, 32.11, 2030, 157, 0, 0
66, 15, 1, 5, 0, 0, 0.24%, 0, 0, 1, 32.08, 2191, 157, 0, 0
71, 16, 1, 5, 0, 0, 0.24%, 0, 0, 1, 32.13, 2352, 157, 0, 0
76, 17, 1, 5, 0, 0, 0.24%, 0, 0, 1, 32.08, 2513, 157, 0, 0
81, 18, 1, 5, 0, 0, 0.24%, 0, 0, 1, 32.12, 2674, 157, 0, 0
86, 20, 1, 5, 0, 0, 0.24%, 0, 0, 1, 32.75, 2842, 157, 0, 0
91, 21, 1, 5, 0, 0, 0.24%, 0, 0, 1, 32.79, 3010, 157, 0, 0
96, 22, 1, 5, 0, 0, 0.24%, 0, 0, 1, 32.06, 3170, 157, 0, 0
101, 23, 1, 5, 0, 0, 0.24%, 0, 0, 1, 32.18, 3338, 157, 0, 0
107, 24, 1, 5, 0, 0, 0.24%, 0, 0, 1, 32.24, 3506, 157, 0, 0
112, 25, 1, 5, 0, 0, 0.24%, 0, 0, 1, 32.12, 3673, 157, 0, 0
117, 27, 1, 5, 0, 0, 0.24%, 0, 0, 1, 32.40, 3841, 157, 0, 0
122, 28, 1, 5, 0, 0, 0.24%, 0, 0, 1, 32.50, 4009, 157, 0, 0
127, 29, 1, 5, 0, 0, 0.24%, 0, 0, 1, 32.20, 4170, 157, 0, 0
132, 30, 1, 5, 0, 0, 0.24%, 0, 0, 1, 32.10, 4331, 157, 0, 0
137, 31, 1, 5, 0, 0, 0.24%, 0, 0, 1, 32.16, 4492, 157, 0, 0
142, 32, 1, 5, 0, 0, 0.24%, 0, 0, 1, 32.14, 4653, 157, 0, 0
147, 34, 1, 5, 0, 0, 0.24%, 0, 0, 1, 31.98, 4814, 157, 0, 0
152, 35, 1, 5, 0, 0, 0.24%, 0, 0, 1, 32.10, 4975, 157, 0, 0
157, 36, 1, 5, 0, 0, 0.24%, 0, 0, 1, 32.96, 5143, 157, 0, 0
163, 37, 1, 5, 0, 0, 0.24%, 0, 0, 1, 32.55, 5311, 157, 0, 0
168, 38, 1, 5, 0, 0, 0.24%, 0, 0, 1, 32.25, 5472, 157, 0, 0
173, 39, 1, 5, 0, 0, 0.24%, 0, 0, 1, 32.17, 5633, 157, 0, 0
178, 41, 1, 5, 0, 0, 0.24%, 0, 0, 1, 32.10, 5794, 157, 0, 0
183, 42, 1, 5, 0, 0, 0.24%, 0, 0, 1, 32.21, 5955, 157, 0, 0
188, 43, 1, 5, 0, 0, 0.24%, 0, 0, 1, 31.50, 6116, 157, 0, 0
193, 44, 1, 5, 0, 0, 0.24%, 0, 0, 1, 30.97, 6277, 157, 0, 0
198, 45, 1, 5, 0, 0, 0.24%, 0, 0, 1, 30.89, 6438, 157, 0, 0
203, 46, 1, 5, 0, 0, 0.24%, 0, 0, 1, 30.82, 6592, 157, 0, 0
208, 47, 1, 5, 0, 0, 0.24%, 0, 0, 1, 30.87, 6753, 157, 0, 0
213, 49, 1, 5, 0, 0, 0.24%, 0, 0, 1, 31.48, 6914, 157, 0, 0
219, 50, 1, 5, 0, 0, 0.24%, 0, 0, 1, 32.13, 7082, 157, 0, 0
224, 51, 1, 5, 0, 0, 0.24%, 0, 0, 1, 32.38, 7250, 157, 0, 0
229, 52, 1, 5, 0, 0, 0.24%, 0, 0, 1, 32.21, 7418, 157, 0, 0
234, 53, 1, 5, 0, 0, 0.24%, 0, 0, 1, 32.18, 7579, 157, 0, 0
239, 55, 1, 5, 0, 0, 0.24%, 0, 0, 1, 32.09, 7740, 157, 0, 0
244, 56, 1, 5, 0, 0, 0.24%, 0, 0, 1, 32.24, 7908, 157, 0, 0
249, 57, 1, 5, 0, 0, 0.24%, 0, 0, 1, 31.88, 8069, 157, 0, 0
254, 58, 1, 5, 0, 0, 0.24%, 0, 0, 1, 32.03, 8230, 157, 0, 0
259, 59, 1, 5, 0, 0, 0.24%, 0, 0, 1, 32.13, 8391, 157, 0, 0
265, 60, 1, 5, 0, 0, 0.24%, 0, 0, 1, 32.19, 8559, 157, 0, 0
270, 62, 1, 5, 0, 0, 0.24%, 0, 0, 1, 32.20, 8720, 157, 0, 0
275, 63, 1, 5, 0, 0, 0.24%, 0, 0, 1, 32.25, 8888, 157, 0, 0
280, 64, 1, 5, 0, 0, 0.24%, 0, 0, 1, 32.44, 9056, 157, 0, 0
285, 65, 1, 5, 0, 0, 0.24%, 0, 0, 1, 32.20, 9217, 157, 0, 0
290, 66, 1, 5, 0, 0, 0.24%, 0, 0, 1, 32.24, 9385, 157, 0, 0
295, 67, 1, 5, 0, 0, 0.24%, 0, 0, 1, 32.26, 9553, 157, 0, 0
301, 69, 1, 5, 0, 0, 0.24%, 0, 0, 1, 32.22, 9721, 157, 0, 0
306, 70, 1, 5, 0, 0, 0.24%, 0, 0, 1, 32.21, 9882, 157, 0, 0
311, 71, 1, 5, 0, 0, 0.24%, 0, 0, 1, 32.78, 10050, 157, 0, 0
316, 72, 1, 5, 0, 0, 0.24%, 0, 0, 1, 32.94, 10218, 157, 0, 0
321, 73, 1, 5, 0, 0, 0.24%, 0, 0, 1, 33.22, 10386, 157, 0, 0
326, 75, 1, 5, 0, 0, 0.24%, 0, 0, 1, 33.00, 10554, 157, 0, 0
331, 76, 1, 5, 0, 0, 0.24%, 0, 0, 1, 32.52, 10722, 157, 0, 0
336, 77, 1, 5, 0, 0, 0.24%, 0, 0, 1, 32.29, 10890, 157, 0, 0
342, 78, 1, 5, 0, 0, 0.24%, 0, 0, 1, 32.25, 11058, 157, 0, 0
347, 79, 1, 5, 0, 0, 0.24%, 0, 0, 1, 32.25, 11226, 157, 0, 0
352, 81, 1, 5, 0, 0, 0.24%, 0, 0, 1, 32.24, 11394, 157, 0, 0
357, 82, 1, 5, 0, 0, 0.24%, 0, 0, 1, 31.86, 11555, 157, 0, 0
362, 83, 1, 5, 0, 0, 0.24%, 0, 0, 1, 32.01, 11716, 157, 0, 0
367, 84, 1, 5, 0, 0, 0.24%, 0, 0, 1, 32.08, 11877, 157, 0, 0
372, 85, 1, 5, 0, 0, 0.24%, 0, 0, 1, 32.68, 12045, 157, 0, 0
377, 86, 1, 5, 0, 0, 0.24%, 0, 0, 1, 32.72, 12213, 157, 0, 0
383, 88, 1, 5, 0, 0, 0.24%, 0, 0, 1, 32.61, 12381, 157, 0, 0
388, 89, 1, 5, 0, 0, 0.24%, 0, 0, 1, 32.72, 12549, 157, 0, 0
393, 90, 1, 5, 0, 0, 0.24%, 0, 0, 1, 32.72, 12717, 157, 0, 0
398, 91, 1, 5, 0, 0, 0.24%, 0, 0, 1, 32.33, 12885, 157, 0, 0
403, 92, 1, 5, 0, 0, 0.24%, 0, 0, 1, 32.49, 13053, 157, 0, 0
408, 94, 1, 5, 0, 0, 0.24%, 0, 0, 1, 32.48, 13221, 157, 0, 0
414, 95, 1, 5, 0, 0, 0.24%, 0, 0, 1, 32.45, 13389, 157, 0, 0
419, 96, 1, 5, 0, 0, 0.24%, 0, 0, 1, 32.60, 13557, 157, 0, 0
424, 97, 1, 5, 0, 0, 0.24%, 0, 0, 1, 32.35, 13725, 157, 0, 0
429, 98, 1, 5, 0, 0, 0.24%, 0, 0, 1, 32.44, 13893, 157, 0, 0
434, 100, 1, 5, 0, 0, 0.24%, 0, 0, 1, 32.44, 14061, 157, 0, 0
439, 101, 1, 5, 0, 0, 0.24%, 0, 0, 1, 32.55, 14229, 157, 0, 0
445, 102, 1, 5, 0, 0, 0.24%, 0, 0, 1, 32.62, 14397, 157, 0, 0
450, 103, 1, 5, 0, 0, 0.24%, 0, 0, 1, 32.36, 14565, 157, 0, 0
455, 104, 1, 5, 0, 0, 0.24%, 0, 0, 1, 32.26, 14733, 157, 0, 0
460, 106, 1, 5, 0, 0, 0.24%, 0, 0, 1, 32.30, 14901, 157, 0, 0
465, 107, 1, 5, 0, 0, 0.24%, 0, 0, 1, 32.57, 15069, 157, 0, 0
470, 108, 1, 5, 0, 0, 0.24%, 0, 0, 1, 32.59, 15237, 157, 0, 0
476, 109, 1, 5, 0, 0, 0.24%, 0, 0, 1, 32.27, 15405, 157, 0, 0
481, 110, 1, 5, 0, 0, 0.24%, 0, 0, 1, 32.02, 15566, 157, 0, 0
486, 112, 1, 5, 0, 0, 0.24%, 0, 0, 1, 32.06, 15727, 157, 0, 0
491, 113, 1, 5, 0, 0, 0.24%, 0, 0, 1, 32.39, 15895, 157, 0, 0
496, 114, 1, 5, 0, 0, 0.24%, 0, 0, 1, 32.37, 16063, 157, 0, 0
501, 115, 1, 5, 0, 0, 0.24%, 0, 0, 1, 31.98, 16224, 157, 0, 0
506, 116, 1, 5, 0, 0, 0.24%, 0, 0, 1, 31.88, 16385, 157, 0, 0
511, 117, 1, 5, 0, 0, 0.24%, 0, 0, 1, 31.86, 16546, 157, 0, 0
516, 119, 1, 5, 0, 0, 0.24%, 0, 0, 1, 32.08, 16707, 157, 0, 0
521, 120, 1, 5, 0, 0, 0.24%, 0, 0, 1, 32.24, 16875, 157, 0, 0
526, 121, 1, 5, 0, 0, 0.24%, 0, 0, 1, 32.15, 17036, 157, 0, 0
532, 122, 1, 5, 0, 0, 0.24%, 0, 0, 1, 32.65, 17204, 157, 0, 0
537, 123, 1, 5, 0, 0, 0.24%, 0, 0, 1, 32.92, 17372, 157, 0, 0
542, 125, 1, 5, 0, 0, 0.24%, 0, 0, 1, 32.95, 17540, 157, 0, 0
547, 126, 1, 5, 0, 0, 0.24%, 0, 0, 1, 32.44, 17708, 157, 0, 0
552, 127, 1, 5, 0, 0, 0.24%, 0, 0, 1, 32.49, 17876, 157, 0, 0
557, 128, 1, 5, 0, 0, 0.24%, 0, 0, 1, 32.58, 18044, 157, 0, 0
562, 129, 1, 5, 0, 0, 0.24%, 0, 0, 1, 32.84, 18212, 157, 0, 0
567, 131, 1, 5, 0, 0, 0.24%, 0, 0, 1, 32.95, 18380, 157, 0, 0
573, 132, 1, 5, 0, 0, 0.24%, 0, 0, 1, 32.97, 18548, 157, 0, 0
578, 133, 1, 5, 0, 0, 0.24%, 0, 0, 1, 32.26, 18709, 157, 0, 0
583, 134, 1, 5, 0, 0, 0.24%, 0, 0, 1, 32.05, 18870, 157, 0, 0
588, 135, 1, 5, 0, 0, 0.24%, 0, 0, 1, 32.04, 19031, 157, 0, 0
593, 136, 1, 5, 0, 0, 0.24%, 0, 0, 1, 32.12, 19192, 157, 0, 0
598, 137, 1, 5, 0, 0, 0.24%, 0, 0, 1, 32.03, 19353, 157, 0, 0
603, 139, 1, 5, 0, 0, 0.24%, 0, 0, 1, 32.11, 19514, 157, 0, 0
608, 140, 1, 5, 0, 0, 0.24%, 0, 0, 1, 32.28, 19682, 157, 0, 0
613, 141, 1, 5, 0, 0, 0.24%, 0, 0, 1, 32.55, 19850, 157, 0, 0
618, 142, 1, 5, 0, 0, 0.24%, 0, 0, 1, 32.61, 20018, 157, 0, 0
623, 143, 1, 5, 0, 0, 0.24%, 0, 0, 1, 32.71, 20186, 157, 0, 0
628, 145, 1, 5, 0, 0, 0.24%, 0, 0, 1, 32.79, 20354, 157, 0, 0
634, 146, 1, 5, 0, 0, 0.24%, 0, 0, 1, 32.76, 20522, 157, 0, 0
639, 147, 1, 5, 0, 0, 0.24%, 0, 0, 1, 32.53, 20690, 157, 0, 0
644, 148, 1, 5, 0, 0, 0.24%, 0, 0, 1, 32.45, 20858, 157, 0, 0
649, 149, 1, 5, 0, 0, 0.24%, 0, 0, 1, 32.39, 21026, 157, 0, 0
654, 151, 1, 5, 0, 0, 0.24%, 0, 0, 1, 32.35, 21194, 157, 0, 0
660, 152, 1, 5, 0, 0, 0.24%, 0, 0, 1, 32.34, 21362, 157, 0, 0
665, 153, 1, 5, 0, 0, 0.24%, 0, 0, 1, 32.40, 21530, 157, 0, 0
670, 154, 1, 5, 0, 0, 0.24%, 0, 0, 1, 32.35, 21698, 157, 0, 0
675, 155, 1, 5, 0, 0, 0.24%, 0, 0, 1, 32.35, 21866, 157, 0, 0
680, 157, 1, 5, 0, 0, 0.24%, 0, 0, 1, 32.47, 22034, 157, 0, 0
685, 158, 1, 5, 0, 0, 0.24%, 0, 0, 1, 32.41, 22202, 157, 0, 0
691, 159, 1, 5, 0, 0, 0.24%, 0, 0, 1, 32.50, 22370, 157, 0, 0
696, 160, 1, 5, 0, 0, 0.24%, 0, 0, 1, 32.36, 22538, 157, 0, 0
701, 161, 1, 5, 0, 0, 0.24%, 0, 0, 1, 32.13, 22699, 157, 0, 0
706, 163, 1, 5, 0, 0, 0.24%, 0, 0, 1, 32.22, 22867, 157, 0, 0
711, 164, 1, 5, 0, 0, 0.24%, 0, 0, 1, 32.18, 23028, 157, 0, 0
716, 165, 1, 5, 0, 0, 0.24%, 0, 0, 1, 32.32, 23196, 157, 0, 0
721, 166, 1, 5, 0, 0, 0.24%, 0, 0, 1, 32.44, 23364, 157, 0, 0
727, 167, 1, 5, 0, 0, 0.24%, 0, 0, 1, 32.28, 23532, 157, 0, 0
732, 169, 1, 5, 0, 0, 0.24%, 0, 0, 1, 32.26, 23700, 157, 0, 0
737, 170, 1, 5, 0, 0, 0.24%, 0, 0, 1, 31.59, 23860, 157, 0, 0
742, 171, 1, 5, 0, 0, 0.24%, 0, 0, 1, 30.79, 24019, 157, 0, 0
747, 172, 1, 5, 0, 0, 0.24%, 0, 0, 1, 30.71, 24173, 157, 0, 0
752, 173, 1, 5, 0, 0, 0.24%, 0, 0, 1, 31.35, 24334, 157, 0, 0
757, 174, 1, 5, 0, 0, 0.24%, 0, 0, 1, 32.14, 24502, 157, 0, 0
763, 175, 1, 5, 0, 0, 0.24%, 0, 0, 1, 32.36, 24670, 157, 0, 0
768, 177, 1, 5, 0, 0, 0.24%, 0, 0, 1, 32.35, 24838, 157, 0, 0
773, 178, 1, 5, 0, 0, 0.24%, 0, 0, 1, 32.33, 25006, 157, 0, 0
778, 179, 1, 5, 0, 0, 0.24%, 0, 0, 1, 32.23, 25174, 157, 0, 0
783, 180, 1, 5, 0, 0, 0.24%, 0, 0, 1, 32.17, 25335, 157, 0, 0
788, 181, 1, 5, 0, 0, 0.24%, 0, 0, 1, 32.85, 25503, 157, 0, 0
794, 183, 1, 5, 0, 0, 0.24%, 0, 0, 1, 32.57, 25671, 157, 0, 0
799, 184, 1, 5, 0, 0, 0.24%, 0, 0, 1, 32.42, 25839, 157, 0, 0
804, 185, 1, 5, 0, 0, 0.24%, 0, 0, 1, 32.42, 26007, 157, 0, 0
809, 186, 1, 5, 0, 0, 0.24%, 0, 0, 1, 32.35, 26175, 157, 0, 0
814, 187, 1, 5, 0, 0, 0.24%, 0, 0, 1, 32.27, 26343, 157, 0, 0
819, 189, 1, 5, 0, 0, 0.24%, 0, 0, 1, 31.60, 26504, 157, 0, 0
824, 190, 1, 5, 0, 0, 0.24%, 0, 0, 1, 31.81, 26665, 157, 0, 0
830, 191, 1, 5, 0, 0, 0.24%, 0, 0, 1, 32.17, 26833, 157, 0, 0
835, 192, 1, 5, 0, 0, 0.24%, 0, 0, 1, 31.95, 26994, 157, 0, 0
840, 193, 1, 5, 0, 0, 0.24%, 0, 0, 1, 32.22, 27162, 157, 0, 0
845, 194, 1, 5, 0, 0, 0.24%, 0, 0, 1, 32.36, 27330, 157, 0, 0
850, 196, 1, 5, 0, 0, 0.24%, 0, 0, 1, 32.16, 27491, 157, 0, 0
855, 197, 1, 5, 0, 0, 0.24%, 0, 0, 1, 32.15, 27652, 157, 0, 0
860, 198, 1, 5, 0, 0, 0.24%, 0, 0, 1, 32.15, 27813, 157, 0, 0
865, 199, 1, 5, 0, 0, 0.24%, 0, 0, 1, 32.10, 27974, 157, 0, 0
870, 200, 1, 5, 0, 0, 0.24%, 0, 0, 1, 32.07, 28135, 157, 0, 0
875, 201, 1, 5, 0, 0, 0.24%, 0, 0, 1, 32.14, 28302, 157, 0, 0
881, 203, 1, 5, 0, 0, 0.24%, 0, 0, 1, 32.78, 28470, 157, 0, 0
886, 204, 1, 5, 0, 0, 0.24%, 0, 0, 1, 31.98, 28636, 157, 0, 0
891, 205, 1, 5, 0, 0, 0.24%, 0, 0, 1, 31.16, 28794, 157, 0, 0
896, 206, 1, 5, 0, 0, 0.24%, 0, 0, 1, 31.06, 28952, 157, 0, 0
897, 206, 1, 5, 0, 0, 0.24%, 0, 0, 1, 0.00, 28994, 157, 0, 0
