# relative_time, cycles_done, cur_item, corpus_count, pending_total, pending_favs, map_size, saved_crashes, saved_hangs, max_depth, execs_per_sec, total_execs, edges_found, total_crashes, servers_count
61, 10, 0, 5, 0, 0, 0.31%, 0, 0, 1, 21.21, 1376, 206, 0, 0
66, 11, 0, 5, 0, 0, 0.31%, 0, 0, 1, 21.28, 1486, 206, 0, 0
71, 12, 1, 5, 0, 0, 0.31%, 0, 0, 1, 21.36, 1594, 206, 0, 0
76, 13, 1, 5, 0, 0, 0.31%, 0, 0, 1, 21.43, 1704, 206, 0, 0
81, 14, 1, 5, 0, 0, 0.31%, 0, 0, 1, 24.88, 1827, 206, 0, 0
86, 15, 0, 5, 0, 0, 0.31%, 0, 0, 1, 23.51, 1945, 206, 0, 0
92, 16, 0, 5, 0, 0, 0.31%, 0, 0, 1, 21.78, 2056, 206, 0, 0
97, 17, 1, 5, 0, 0, 0.31%, 0, 0, 1, 22.25, 2169, 206, 0, 0
102, 18, 0, 5, 0, 0, 0.31%, 0, 0, 1, 21.31, 2274, 206, 0, 0
107, 18, 1, 5, 0, 0, 0.31%, 0, 0, 1, 21.53, 2387, 206, 0, 0
112, 19, 0, 5, 0, 0, 0.31%, 0, 0, 1, 21.34, 2498, 206, 0, 0
117, 20, 0, 5, 0, 0, 0.31%, 0, 0, 1, 22.71, 2618, 206, 0, 0
122, 21, 0, 5, 0, 0, 0.31%, 0, 0, 1, 22.72, 2735, 206, 0, 0
127, 22, 0, 5, 0, 0, 0.31%, 0, 0, 1, 23.55, 2858, 206, 0, 0
132, 23, 1, 5, 0, 0, 0.31%, 0, 0, 1, 21.64, 2964, 206, 0, 0
137, 24, 0, 5, 0, 0, 0.31%, 0, 0, 1, 21.06, 3069, 206, 0, 0
143, 25, 1, 5, 0, 0, 0.31%, 0, 0, 1, 21.69, 3186, 206, 0, 0
148, 26, 1, 5, 0, 0, 0.31%, 0, 0, 1, 22.28, 3301, 206, 0, 0
153, 27, 1, 5, 0, 0, 0.31%, 0, 0, 1, 23.34, 3417, 206, 0, 0
158, 28, 1, 5, 0, 0, 0.31%, 0, 0, 1, 24.26, 3538, 206, 0, 0
163, 29, 0, 5, 0, 0, 0.31%, 0, 0, 1, 22.52, 3655, 206, 0, 0
168, 30, 1, 5, 0, 0, 0.31%, 0, 0, 1, 24.30, 3776, 206, 0, 0
173, 31, 0, 5, 0, 0, 0.31%, 0, 0, 1, 22.69, 3888, 206, 0, 0
178, 32, 0, 5, 0, 0, 0.31%, 0, 0, 1, 23.63, 4006, 206, 0, 0
183, 33, 0, 5, 0, 0, 0.31%, 0, 0, 1, 22.96, 4122, 206, 0, 0
189, 34, 0, 5, 0, 0, 0.31%, 0, 0, 1, 22.89, 4236, 206, 0, 0
194, 35, 0, 5, 0, 0, 0.31%, 0, 0, 1, 22.90, 4356, 206, 0, 0
199, 36, 1, 5, 0, 0, 0.31%, 0, 0, 1, 21.37, 4461, 206, 0, 0
204, 37, 0, 5, 0, 0, 0.31%, 0, 0, 1, 23.04, 4578, 206, 0, 0
209, 38, 1, 5, 0, 0, 0.31%, 0, 0, 1, 21.57, 4684, 206, 0, 0
214, 39, 0, 5, 0, 0, 0.31%, 0, 0, 1, 21.64, 4797, 206, 0, 0
219, 39, 0, 5, 0, 0, 0.31%, 0, 0, 1, 21.02, 4902, 206, 0, 0
224, 40, 0, 5, 0, 0, 0.31%, 0, 0, 1, 21.09, 5013, 206, 0, 0
230, 41, 0, 5, 0, 0, 0.31%, 0, 0, 1, 21.58, 5125, 206, 0, 0
235, 42, 1, 5, 0, 0, 0.31%, 0, 0, 1, 21.81, 5238, 206, 0, 0
240, 43, 0, 5, 0, 0, 0.31%, 0, 0, 1, 21.21, 5349, 206, 0, 0
245, 44, 0, 5, 0, 0, 0.31%, 0, 0, 1, 23.90, 5469, 206, 0, 0
250, 45, 0, 5, 0, 0, 0.31%, 0, 0, 1, 21.59, 5578, 206, 0, 0
255, 46, 0, 5, 0, 0, 0.31%, 0, 0, 1, 23.24, 5700, 206, 0, 0
261, 47, 0, 5, 0, 0, 0.31%, 0, 0, 1, 21.35, 5805, 206, 0, 0
266, 48, 0, 5, 0, 0, 0.31%, 0, 0, 1, 21.97, 5920, 206, 0, 0
271, 49, 0, 5, 0, 0, 0.31%, 0, 0, 1, 23.10, 6040, 206, 0, 0
276, 49, 0, 5, 0, 0, 0.31%, 0, 0, 1, 21.80, 6150, 206, 0, 0
281, 50, 0, 5, 0, 0, 0.31%, 0, 0, 1, 21.54, 6257, 206, 0, 0
286, 51, 1, 5, 0, 0, 0.31%, 0, 0, 1, 21.97, 6368, 206, 0, 0
291, 52, 0, 5, 0, 0, 0.31%, 0, 0, 1, 22.04, 6482, 206, 0, 0
296, 53, 0, 5, 0, 0, 0.31%, 0, 0, 1, 22.93, 6598, 206, 0, 0
301, 54, 1, 5, 0, 0, 0.31%, 0, 0, 1, 22.18, 6710, 206, 0, 0
306, 55, 1, 5, 0, 0, 0.31%, 0, 0, 1, 22.20, 6826, 206, 0, 0
312, 56, 1, 5, 0, 0, 0.31%, 0, 0, 1, 21.76, 6938, 206, 0, 0
317, 57, 1, 5, 0, 0, 0.31%, 0, 0, 1, 20.91, 7043, 206, 0, 0
322, 58, 1, 5, 0, 0, 0.31%, 0, 0, 1, 21.15, 7153, 206, 0, 0
327, 59, 0, 5, 0, 0, 0.31%, 0, 0, 1, 23.16, 7273, 206, 0, 0
332, 60, 0, 5, 0, 0, 0.31%, 0, 0, 1, 22.02, 7384, 206, 0, 0
338, 60, 0, 5, 0, 0, 0.31%, 0, 0, 1, 21.29, 7494, 206, 0, 0
343, 61, 0, 5, 0, 0, 0.31%, 0, 0, 1, 20.78, 7600, 206, 0, 0
348, 62, 0, 5, 0, 0, 0.31%, 0, 0, 1, 20.65, 7705, 206, 0, 0
353, 63, 0, 5, 0, 0, 0.31%, 0, 0, 1, 21.32, 7819, 206, 0, 0
358, 64, 0, 5, 0, 0, 0.31%, 0, 0, 1, 21.03, 7928, 206, 0, 0
363, 65, 0, 5, 0, 0, 0.31%, 0, 0, 1, 21.79, 8040, 206, 0, 0
368, 66, 1, 5, 0, 0, 0.31%, 0, 0, 1, 23.30, 8158, 206, 0, 0
373, 67, 0, 5, 0, 0, 0.31%, 0, 0, 1, 24.27, 8281, 206, 0, 0
379, 68, 0, 5, 0, 0, 0.31%, 0, 0, 1, 22.59, 8396, 206, 0, 0
384, 68, 0, 5, 0, 0, 0.31%, 0, 0, 1, 22.12, 8508, 206, 0, 0
389, 69, 1, 5, 0, 0, 0.31%, 0, 0, 1, 21.87, 8618, 206, 0, 0
394, 70, 1, 5, 0, 0, 0.31%, 0, 0, 1, 22.90, 8733, 206, 0, 0
399, 71, 1, 5, 0, 0, 0.31%, 0, 0, 1, 22.91, 8848, 206, 0, 0
404, 72, 0, 5, 0, 0, 0.31%, 0, 0, 1, 21.39, 8953, 206, 0, 0
409, 73, 1, 5, 0, 0, 0.31%, 0, 0, 1, 21.58, 9060, 206, 0, 0
414, 74, 1, 5, 0, 0, 0.31%, 0, 0, 1, 22.53, 9174, 206, 0, 0
419, 75, 0, 5, 0, 0, 0.31%, 0, 0, 1, 22.13, 9288, 206, 0, 0
425, 76, 1, 5, 0, 0, 0.31%, 0, 0, 1, 22.90, 9407, 206, 0, 0
430, 77, 1, 5, 0, 0, 0.31%, 0, 0, 1, 21.98, 9517, 206, 0, 0
435, 78, 0, 5, 0, 0, 0.31%, 0, 0, 1, 24.50, 9642, 206, 0, 0
440, 79, 0, 5, 0, 0, 0.31%, 0, 0, 1, 22.99, 9755, 206, 0, 0
445, 80, 0, 5, 0, 0, 0.31%, 0, 0, 1, 21.76, 9866, 206, 0, 0
450, 80, 1, 5, 0, 0, 0.31%, 0, 0, 1, 22.11, 9981, 206, 0, 0
455, 81, 1, 5, 0, 0, 0.31%, 0, 0, 1, 22.34, 10093, 206, 0, 0
460, 82, 1, 5, 0, 0, 0.31%, 0, 0, 1, 23.77, 10214, 206, 0, 0
465, 84, 1, 5, 0, 0, 0.31%, 0, 0, 1, 23.74, 10335, 206, 0, 0
471, 85, 0, 5, 0, 0, 0.31%, 0, 0, 1, 22.42, 10450, 206, 0, 0
476, 85, 1, 5, 0, 0, 0.31%, 0, 0, 1, 22.13, 10562, 206, 0, 0
481, 86, 0, 5, 0, 0, 0.31%, 0, 0, 1, 22.30, 10674, 206, 0, 0
486, 87, 0, 5, 0, 0, 0.31%, 0, 0, 1, 21.15, 10779, 206, 0, 0
491, 88, 0, 5, 0, 0, 0.31%, 0, 0, 1, 22.32, 10896, 206, 0, 0
496, 89, 1, 5, 0, 0, 0.31%, 0, 0, 1, 22.11, 11008, 206, 0, 0
501, 90, 0, 5, 0, 0, 0.31%, 0, 0, 1, 23.61, 11128, 206, 0, 0
507, 91, 0, 5, 0, 0, 0.31%, 0, 0, 1, 23.16, 11247, 206, 0, 0
512, 92, 0, 5, 0, 0, 0.31%, 0, 0, 1, 22.60, 11363, 206, 0, 0
517, 93, 0, 5, 0, 0, 0.31%, 0, 0, 1, 21.33, 11468, 206, 0, 0
522, 94, 1, 5, 0, 0, 0.31%, 0, 0, 1, 21.95, 11582, 206, 0, 0
527, 95, 0, 5, 0, 0, 0.31%, 0, 0, 1, 22.05, 11698, 206, 0, 0
532, 96, 0, 5, 0, 0, 0.31%, 0, 0, 1, 21.66, 11812, 206, 0, 0
537, 96, 0, 5, 0, 0, 0.31%, 0, 0, 1, 21.24, 11917, 206, 0, 0
542, 97, 0, 5, 0, 0, 0.31%, 0, 0, 1, 23.91, 12041, 206, 0, 0
548, 99, 0, 5, 0, 0, 0.31%, 0, 0, 1, 24.24, 12174, 206, 0, 0
553, 99, 0, 5, 0, 0, 0.31%, 0, 0, 1, 22.03, 12281, 206, 0, 0
558, 100, 0, 5, 0, 0, 0.31%, 0, 0, 1, 22.28, 12396, 206, 0, 0
563, 101, 0, 5, 0, 0, 0.31%, 0, 0, 1, 21.69, 12503, 206, 0, 0
568, 102, 0, 5, 0, 0, 0.31%, 0, 0, 1, 21.87, 12615, 206, 0, 0
573, 103, 1, 5, 0, 0, 0.31%, 0, 0, 1, 24.03, 12737, 206, 0, 0
578, 104, 0, 5, 0, 0, 0.31%, 0, 0, 1, 21.75, 12842, 206, 0, 0
583, 105, 1, 5, 0, 0, 0.31%, 0, 0, 1, 21.52, 12948, 206, 0, 0
588, 106, 1, 5, 0, 0, 0.31%, 0, 0, 1, 22.36, 13063, 206, 0, 0
593, 107, 0, 5, 0, 0, 0.31%, 0, 0, 1, 22.75, 13178, 206, 0, 0
598, 108, 0, 5, 0, 0, 0.31%, 0, 0, 1, 21.44, 13283, 206, 0, 0
604, 108, 1, 5, 0, 0, 0.31%, 0, 0, 1, 22.05, 13397, 206, 0, 0
609, 109, 1, 5, 0, 0, 0.31%, 0, 0, 1, 23.97, 13516, 206, 0, 0
614, 110, 1, 5, 0, 0, 0.31%, 0, 0, 1, 22.79, 13628, 206, 0, 0
619, 111, 0, 5, 0, 0, 0.31%, 0, 0, 1, 22.26, 13742, 206, 0, 0
624, 112, 0, 5, 0, 0, 0.31%, 0, 0, 1, 21.99, 13854, 206, 0, 0
629, 113, 1, 5, 0, 0, 0.31%, 0, 0, 1, 22.00, 13965, 206, 0, 0
634, 114, 1, 5, 0, 0, 0.31%, 0, 0, 1, 23.95, 14087, 206, 0, 0
639, 115, 0, 5, 0, 0, 0.31%, 0, 0, 1, 21.85, 14197, 206, 0, 0
644, 116, 1, 5, 0, 0, 0.31%, 0, 0, 1, 23.00, 14320, 206, 0, 0
650, 117, 0, 5, 0, 0, 0.31%, 0, 0, 1, 22.55, 14436, 206, 0, 0
655, 118, 1, 5, 0, 0, 0.31%, 0, 0, 1, 21.65, 14546, 206, 0, 0
660, 119, 0, 5, 0, 0, 0.31%, 0, 0, 1, 21.42, 14656, 206, 0, 0
665, 120, 0, 5, 0, 0, 0.31%, 0, 0, 1, 21.22, 14764, 206, 0, 0
670, 121, 0, 5, 0, 0, 0.31%, 0, 0, 1, 22.60, 14886, 206, 0, 0
675, 122, 0, 5, 0, 0, 0.31%, 0, 0, 1, 23.17, 15006, 206, 0, 0
680, 123, 0, 5, 0, 0, 0.31%, 0, 0, 1, 22.66, 15120, 206, 0, 0
686, 124, 0, 5, 0, 0, 0.31%, 0, 0, 1, 23.01, 15236, 206, 0, 0
691, 125, 1, 5, 0, 0, 0.31%, 0, 0, 1, 25.21, 15359, 206, 0, 0
696, 125, 1, 5, 0, 0, 0.31%, 0, 0, 1, 22.32, 15469, 206, 0, 0
701, 126, 0, 5, 0, 0, 0.31%, 0, 0, 1, 22.10, 15582, 206, 0, 0
706, 127, 1, 5, 0, 0, 0.31%, 0, 0, 1, 22.07, 15694, 206, 0, 0
711, 128, 0, 5, 0, 0, 0.31%, 0, 0, 1, 22.24, 15809, 206, 0, 0
716, 129, 0, 5, 0, 0, 0.31%, 0, 0, 1, 21.60, 15918, 206, 0, 0
721, 130, 0, 5, 0, 0, 0.31%, 0, 0, 1, 22.17, 16032, 206, 0, 0
726, 131, 0, 5, 0, 0, 0.31%, 0, 0, 1, 21.16, 16137, 206, 0, 0
732, 132, 1, 5, 0, 0, 0.31%, 0, 0, 1, 21.97, 16251, 206, 0, 0
737, 133, 1, 5, 0, 0, 0.31%, 0, 0, 1, 23.08, 16369, 206, 0, 0
742, 134, 0, 5, 0, 0, 0.31%, 0, 0, 1, 22.50, 16485, 206, 0, 0
747, 134, 1, 5, 0, 0, 0.31%, 0, 0, 1, 21.75, 16592, 206, 0, 0
752, 135, 0, 5, 0, 0, 0.31%, 0, 0, 1, 21.89, 16706, 206, 0, 0
757, 136, 0, 5, 0, 0, 0.31%, 0, 0, 1, 21.23, 16816, 206, 0, 0
762, 137, 0, 5, 0, 0, 0.31%, 0, 0, 1, 21.98, 16929, 206, 0, 0
768, 138, 1, 5, 0, 0, 0.31%, 0, 0, 1, 22.79, 17047, 206, 0, 0
773, 139, 1, 5, 0, 0, 0.31%, 0, 0, 1, 23.00, 17159, 206, 0, 0
778, 140, 0, 5, 0, 0, 0.31%, 0, 0, 1, 24.46, 17287, 206, 0, 0
783, 141, 0, 5, 0, 0, 0.31%, 0, 0, 1, 23.01, 17404, 206, 0, 0
788, 142, 1, 5, 0, 0, 0.31%, 0, 0, 1, 21.70, 17513, 206, 0, 0
793, 143, 0, 5, 0, 0, 0.31%, 0, 0, 1, 22.50, 17629, 206, 0, 0
798, 144, 1, 5, 0, 0, 0.31%, 0, 0, 1, 22.44, 17743, 206, 0, 0
804, 145, 1, 5, 0, 0, 0.31%, 0, 0, 1, 23.13, 17861, 206, 0, 0
809, 146, 1, 5, 0, 0, 0.31%, 0, 0, 1, 22.85, 17975, 206, 0, 0
814, 147, 1, 5, 0, 0, 0.31%, 0, 0, 1, 21.75, 18089, 206, 0, 0
819, 148, 1, 5, 0, 0, 0.31%, 0, 0, 1, 22.56, 18207, 206, 0, 0
824, 149, 1, 5, 0, 0, 0.31%, 0, 0, 1, 23.19, 18325, 206, 0, 0
829, 150, 0, 5, 0, 0, 0.31%, 0, 0, 1, 22.11, 18436, 206, 0, 0
834, 150, 0, 5, 0, 0, 0.31%, 0, 0, 1, 21.67, 18547, 206, 0, 0
840, 151, 0, 5, 0, 0, 0.31%, 0, 0, 1, 22.63, 18662, 206, 0, 0
845, 152, 0, 5, 0, 0, 0.31%, 0, 0, 1, 21.86, 18775, 206, 0, 0
850, 153, 1, 5, 0, 0, 0.31%, 0, 0, 1, 23.64, 18901, 206, 0, 0
855, 154, 1, 5, 0, 0, 0.31%, 0, 0, 1, 22.93, 19014, 206, 0, 0
860, 155, 0, 5, 0, 0, 0.31%, 0, 0, 1, 22.47, 19127, 206, 0, 0
865, 156, 1, 5, 0, 0, 0.31%, 0, 0, 1, 23.17, 19245, 206, 0, 0
870, 157, 0, 5, 0, 0, 0.31%, 0, 0, 1, 22.20, 19358, 206, 0, 0
875, 158, 0, 5, 0, 0, 0.31%, 0, 0, 1, 21.76, 19470, 206, 0, 0
881, 159, 0, 5, 0, 0, 0.31%, 0, 0, 1, 22.16, 19582, 206, 0, 0
886, 160, 0, 5, 0, 0, 0.31%, 0, 0, 1, 22.99, 19697, 206, 0, 0
891, 161, 1, 5, 0, 0, 0.31%, 0, 0, 1, 22.35, 19810, 206, 0, 0
896, 161, 0, 7, 2, 0, 0.32%, 0, 0, 2, 21.22, 19917, 208, 0, 0
897, 161, 0, 8, 3, 0, 0.32%, 0, 0, 2, 20.82, 19945, 210, 0, 0
