# relative_time, cycles_done, cur_item, corpus_count, pending_total, pending_favs, map_size, saved_crashes, saved_hangs, max_depth, execs_per_sec, total_execs, edges_found, total_crashes, servers_count
61, 3, 1, 7, 0, 0, 0.07%, 0, 0, 2, 7.56, 799, 44, 0, 0
67, 4, 5, 7, 0, 0, 0.07%, 0, 0, 2, 54.56, 923, 44, 0, 0
72, 4, 6, 7, 0, 0, 0.07%, 0, 0, 2, 3.78, 989, 44, 0, 0
77, 5, 1, 7, 0, 0, 0.07%, 0, 0, 2, 52.13, 1079, 44, 0, 0
82, 5, 0, 7, 0, 0, 0.07%, 0, 0, 2, 2.33, 1115, 44, 0, 0
88, 5, 1, 7, 0, 0, 0.07%, 0, 0, 2, 15.16, 1161, 44, 0, 0
94, 5, 1, 7, 0, 0, 0.07%, 0, 0, 2, 2.99, 1213, 44, 0, 0
99, 6, 0, 7, 0, 0, 0.07%, 0, 0, 2, 4.06, 1260, 44, 0, 0
105, 6, 6, 7, 0, 0, 0.07%, 0, 0, 2, 3.80, 1277, 44, 0, 0
110, 6, 5, 7, 0, 0, 0.07%, 0, 0, 2, 3.61, 1308, 44, 0, 0
116, 6, 0, 7, 0, 0, 0.07%, 0, 0, 2, 1.31, 1367, 44, 0, 0
123, 6, 0, 7, 0, 0, 0.07%, 0, 0, 2, 0.27, 1379, 44, 0, 0
129, 6, 0, 7, 0, 0, 0.07%, 0, 0, 2, 0.54, 1393, 44, 0, 0
135, 7, 5, 7, 0, 0, 0.07%, 0, 0, 2, 21.51, 1468, 44, 0, 0
141, 7, 0, 7, 0, 0, 0.07%, 0, 0, 2, 4.23, 1489, 44, 0, 0
146, 7, 6, 7, 0, 0, 0.07%, 0, 0, 2, 27.21, 1539, 44, 0, 0
151, 8, 1, 7, 0, 0, 0.07%, 0, 0, 2, 51.92, 1603, 44, 0, 0
156, 8, 0, 7, 0, 0, 0.07%, 0, 0, 2, 6.21, 1620, 44, 0, 0
162, 8, 1, 7, 0, 0, 0.07%, 0, 0, 2, 7.07, 1660, 44, 0, 0
168, 8, 0, 7, 0, 0, 0.07%, 0, 0, 2, 0.95, 1675, 44, 0, 0
174, 8, 1, 7, 0, 0, 0.07%, 0, 0, 2, 2.80, 1708, 44, 0, 0
179, 9, 1, 7, 0, 0, 0.07%, 0, 0, 2, 9.30, 1742, 44, 0, 0
185, 9, 0, 7, 0, 0, 0.07%, 0, 0, 2, 8.83, 1790, 44, 0, 0
190, 9, 6, 7, 0, 0, 0.07%, 0, 0, 2, 12.00, 1823, 44, 0, 0
196, 9, 6, 7, 0, 0, 0.07%, 0, 0, 2, 0.67, 1833, 44, 0, 0
203, 9, 1, 7, 0, 0, 0.07%, 0, 0, 2, 9.28, 1860, 44, 0, 0
208, 9, 1, 7, 0, 0, 0.07%, 0, 0, 2, 2.71, 1885, 44, 0, 0
214, 10, 6, 7, 0, 0, 0.07%, 0, 0, 2, 5.68, 1929, 44, 0, 0
219, 10, 5, 7, 0, 0, 0.07%, 0, 0, 2, 8.14, 1985, 44, 0, 0
224, 10, 5, 7, 0, 0, 0.07%, 0, 0, 2, 1.19, 2032, 44, 0, 0
229, 10, 0, 7, 0, 0, 0.07%, 0, 0, 2, 12.79, 2068, 44, 0, 0
235, 11, 0, 7, 0, 0, 0.07%, 0, 0, 2, 3.73, 2095, 44, 0, 0
241, 11, 1, 7, 0, 0, 0.07%, 0, 0, 2, 4.61, 2136, 44, 0, 0
246, 11, 5, 7, 0, 0, 0.07%, 0, 0, 2, 4.88, 2161, 44, 0, 0
251, 11, 0, 7, 0, 0, 0.07%, 0, 0, 2, 6.12, 2199, 44, 0, 0
257, 12, 0, 7, 0, 0, 0.07%, 0, 0, 2, 4.33, 2243, 44, 0, 0
262, 12, 6, 7, 0, 0, 0.07%, 0, 0, 2, 1.50, 2292, 44, 0, 0
267, 12, 0, 7, 0, 0, 0.07%, 0, 0, 2, 1.00, 2314, 44, 0, 0
274, 12, 0, 7, 0, 0, 0.07%, 0, 0, 2, 1.20, 2346, 44, 0, 0
279, 12, 5, 7, 0, 0, 0.07%, 0, 0, 2, 1.87, 2361, 44, 0, 0
285, 12, 1, 7, 0, 0, 0.07%, 0, 0, 2, 7.31, 2400, 44, 0, 0
291, 13, 1, 7, 0, 0, 0.07%, 0, 0, 2, 9.15, 2516, 44, 0, 0
296, 13, 1, 7, 0, 0, 0.07%, 0, 0, 2, 0.79, 2537, 44, 0, 0
302, 13, 1, 7, 0, 0, 0.07%, 0, 0, 2, 6.39, 2571, 44, 0, 0
308, 14, 0, 7, 0, 0, 0.07%, 0, 0, 2, 7.16, 2594, 44, 0, 0
313, 14, 0, 7, 0, 0, 0.07%, 0, 0, 2, 4.07, 2647, 44, 0, 0
318, 14, 0, 7, 0, 0, 0.07%, 0, 0, 2, 3.34, 2666, 44, 0, 0
327, 14, 5, 7, 0, 0, 0.07%, 0, 0, 2, 4.89, 2716, 44, 0, 0
332, 15, 0, 7, 0, 0, 0.07%, 0, 0, 2, 3.69, 2777, 44, 0, 0
337, 15, 6, 7, 0, 0, 0.07%, 0, 0, 2, 6.71, 2792, 44, 0, 0
343, 15, 5, 7, 0, 0, 0.07%, 0, 0, 2, 3.81, 2877, 44, 0, 0
349, 16, 0, 7, 0, 0, 0.07%, 0, 0, 2, 3.76, 2935, 44, 0, 0
354, 16, 0, 7, 0, 0, 0.07%, 0, 0, 2, 3.03, 2945, 44, 0, 0
359, 16, 0, 7, 0, 0, 0.07%, 0, 0, 2, 18.87, 2967, 44, 0, 0
365, 16, 1, 7, 0, 0, 0.07%, 0, 0, 2, 25.65, 3016, 44, 0, 0
373, 17, 6, 7, 0, 0, 0.07%, 0, 0, 2, 0.27, 3079, 44, 0, 0
379, 17, 1, 7, 0, 0, 0.07%, 0, 0, 2, 0.27, 3114, 44, 0, 0
385, 17, 0, 7, 0, 0, 0.07%, 0, 0, 2, 2.36, 3157, 44, 0, 0
390, 18, 6, 7, 0, 0, 0.07%, 0, 0, 2, 19.08, 3246, 44, 0, 0
396, 18, 0, 7, 0, 0, 0.07%, 0, 0, 2, 51.26, 3301, 44, 0, 0
401, 18, 0, 7, 0, 0, 0.07%, 0, 0, 2, 8.13, 3315, 44, 0, 0
407, 18, 5, 7, 0, 0, 0.07%, 0, 0, 2, 6.94, 3360, 44, 0, 0
412, 18, 0, 7, 0, 0, 0.07%, 0, 0, 2, 2.14, 3394, 44, 0, 0
419, 18, 0, 7, 0, 0, 0.07%, 0, 0, 2, 0.28, 3397, 44, 0, 0
425, 19, 5, 7, 0, 0, 0.07%, 0, 0, 2, 54.46, 3435, 44, 0, 0
430, 19, 5, 7, 0, 0, 0.07%, 0, 0, 2, 2.22, 3456, 44, 0, 0
435, 19, 1, 7, 0, 0, 0.07%, 0, 0, 2, 2.92, 3533, 44, 0, 0
440, 20, 1, 7, 0, 0, 0.07%, 0, 0, 2, 1.00, 3590, 44, 0, 0
446, 20, 0, 7, 0, 0, 0.07%, 0, 0, 2, 5.45, 3610, 44, 0, 0
452, 20, 6, 7, 0, 0, 0.07%, 0, 0, 2, 4.64, 3623, 44, 0, 0
457, 20, 6, 7, 0, 0, 0.07%, 0, 0, 2, 53.51, 3667, 44, 0, 0
462, 20, 6, 7, 0, 0, 0.07%, 0, 0, 2, 5.95, 3733, 44, 0, 0
467, 21, 0, 7, 0, 0, 0.07%, 0, 0, 2, 1.73, 3775, 44, 0, 0
473, 21, 1, 7, 0, 0, 0.07%, 0, 0, 2, 19.22, 3824, 44, 0, 0
478, 21, 5, 7, 0, 0, 0.07%, 0, 0, 2, 6.34, 3894, 44, 0, 0
484, 22, 6, 7, 0, 0, 0.07%, 0, 0, 2, 1.04, 3928, 44, 0, 0
489, 22, 0, 7, 0, 0, 0.07%, 0, 0, 2, 6.23, 3950, 44, 0, 0
494, 22, 6, 7, 0, 0, 0.07%, 0, 0, 2, 54.43, 4032, 44, 0, 0
499, 22, 1, 7, 0, 0, 0.07%, 0, 0, 2, 2.70, 4083, 44, 0, 0
505, 23, 5, 7, 0, 0, 0.07%, 0, 0, 2, 2.93, 4104, 44, 0, 0
511, 23, 5, 7, 0, 0, 0.07%, 0, 0, 2, 0.27, 4127, 44, 0, 0
517, 23, 6, 7, 0, 0, 0.07%, 0, 0, 2, 9.94, 4167, 44, 0, 0
522, 23, 1, 7, 0, 0, 0.07%, 0, 0, 2, 2.07, 4202, 44, 0, 0
528, 24, 0, 7, 0, 0, 0.07%, 0, 0, 2, 2.13, 4261, 44, 0, 0
534, 24, 0, 7, 0, 0, 0.07%, 0, 0, 2, 1.53, 4290, 44, 0, 0
539, 24, 6, 7, 0, 0, 0.07%, 0, 0, 2, 4.31, 4330, 44, 0, 0
544, 24, 6, 7, 0, 0, 0.07%, 0, 0, 2, 50.46, 4359, 44, 0, 0
550, 24, 5, 7, 0, 0, 0.07%, 0, 0, 2, 54.73, 4376, 44, 0, 0
555, 25, 0, 7, 0, 0, 0.07%, 0, 0, 2, 11.08, 4429, 44, 0, 0
560, 25, 0, 7, 0, 0, 0.07%, 0, 0, 2, 3.14, 4441, 44, 0, 0
566, 25, 6, 7, 0, 0, 0.07%, 0, 0, 2, 2.29, 4473, 44, 0, 0
571, 25, 0, 7, 0, 0, 0.07%, 0, 0, 2, 2.36, 4524, 44, 0, 0
577, 25, 5, 7, 0, 0, 0.07%, 0, 0, 2, 2.73, 4543, 44, 0, 0
582, 26, 5, 7, 0, 0, 0.07%, 0, 0, 2, 3.90, 4623, 44, 0, 0
588, 26, 0, 7, 0, 0, 0.07%, 0, 0, 2, 3.70, 4689, 44, 0, 0
593, 26, 1, 7, 0, 0, 0.07%, 0, 0, 2, 2.94, 4706, 44, 0, 0
598, 26, 6, 7, 0, 0, 0.07%, 0, 0, 2, 2.14, 4738, 44, 0, 0
604, 27, 5, 7, 0, 0, 0.07%, 0, 0, 2, 53.12, 4794, 44, 0, 0
611, 27, 5, 7, 0, 0, 0.07%, 0, 0, 2, 0.27, 4834, 44, 0, 0
617, 27, 0, 7, 0, 0, 0.07%, 0, 0, 2, 3.64, 4891, 44, 0, 0
623, 27, 0, 7, 0, 0, 0.07%, 0, 0, 2, 2.44, 4916, 44, 0, 0
628, 28, 0, 7, 0, 0, 0.07%, 0, 0, 2, 2.85, 4932, 44, 0, 0
633, 28, 0, 7, 0, 0, 0.07%, 0, 0, 2, 4.28, 4967, 44, 0, 0
640, 28, 0, 7, 0, 0, 0.07%, 0, 0, 2, 0.26, 4992, 44, 0, 0
646, 28, 6, 7, 0, 0, 0.07%, 0, 0, 2, 34.56, 5049, 44, 0, 0
653, 29, 0, 7, 0, 0, 0.07%, 0, 0, 2, 1.08, 5098, 44, 0, 0
659, 29, 0, 7, 0, 0, 0.07%, 0, 0, 2, 5.34, 5207, 44, 0, 0
665, 29, 0, 7, 0, 0, 0.07%, 0, 0, 2, 0.53, 5237, 44, 0, 0
673, 30, 5, 7, 0, 0, 0.07%, 0, 0, 2, 0.54, 5280, 44, 0, 0
678, 30, 5, 7, 0, 0, 0.07%, 0, 0, 2, 55.61, 5326, 44, 0, 0
685, 30, 1, 7, 0, 0, 0.07%, 0, 0, 2, 0.67, 5352, 44, 0, 0
690, 30, 6, 7, 0, 0, 0.07%, 0, 0, 2, 5.75, 5390, 44, 0, 0
696, 31, 1, 7, 0, 0, 0.07%, 0, 0, 2, 4.02, 5435, 44, 0, 0
701, 31, 0, 7, 0, 0, 0.07%, 0, 0, 2, 5.28, 5462, 44, 0, 0
706, 31, 0, 7, 0, 0, 0.07%, 0, 0, 2, 5.83, 5522, 44, 0, 0
711, 31, 0, 7, 0, 0, 0.07%, 0, 0, 2, 0.59, 5529, 44, 0, 0
716, 31, 5, 7, 0, 0, 0.07%, 0, 0, 2, 5.23, 5566, 44, 0, 0
721, 31, 5, 7, 0, 0, 0.07%, 0, 0, 2, 1.06, 5593, 44, 0, 0
729, 32, 0, 7, 0, 0, 0.07%, 0, 0, 2, 0.27, 5606, 44, 0, 0
734, 32, 0, 7, 0, 0, 0.07%, 0, 0, 2, 2.45, 5638, 44, 0, 0
739, 32, 1, 7, 0, 0, 0.07%, 0, 0, 2, 8.49, 5686, 44, 0, 0
745, 32, 0, 7, 0, 0, 0.07%, 0, 0, 2, 1.20, 5731, 44, 0, 0
750, 33, 0, 7, 0, 0, 0.07%, 0, 0, 2, 10.54, 5789, 44, 0, 0
756, 33, 5, 7, 0, 0, 0.07%, 0, 0, 2, 2.12, 5814, 44, 0, 0
761, 33, 1, 7, 0, 0, 0.07%, 0, 0, 2, 2.61, 5839, 44, 0, 0
767, 33, 6, 7, 0, 0, 0.07%, 0, 0, 2, 3.71, 5874, 44, 0, 0
772, 33, 0, 7, 0, 0, 0.07%, 0, 0, 2, 2.05, 5899, 44, 0, 0
777, 33, 1, 7, 0, 0, 0.07%, 0, 0, 2, 2.88, 5920, 44, 0, 0
783, 34, 5, 7, 0, 0, 0.07%, 0, 0, 2, 1.40, 5952, 44, 0, 0
788, 34, 0, 7, 0, 0, 0.07%, 0, 0, 2, 26.46, 6029, 44, 0, 0
794, 34, 6, 7, 0, 0, 0.07%, 0, 0, 2, 4.80, 6068, 44, 0, 0
799, 35, 0, 7, 0, 0, 0.07%, 0, 0, 2, 7.42, 6104, 44, 0, 0
805, 35, 0, 7, 0, 0, 0.07%, 0, 0, 2, 3.86, 6130, 44, 0, 0
812, 35, 5, 7, 0, 0, 0.07%, 0, 0, 2, 0.54, 6161, 44, 0, 0
817, 35, 1, 7, 0, 0, 0.07%, 0, 0, 2, 3.49, 6179, 44, 0, 0
822, 35, 6, 7, 0, 0, 0.07%, 0, 0, 2, 8.00, 6224, 44, 0, 0
827, 36, 0, 7, 0, 0, 0.07%, 0, 0, 2, 1.18, 6282, 44, 0, 0
833, 36, 6, 7, 0, 0, 0.07%, 0, 0, 2, 3.88, 6368, 44, 0, 0
838, 36, 6, 7, 0, 0, 0.07%, 0, 0, 2, 4.07, 6383, 44, 0, 0
843, 37, 6, 7, 0, 0, 0.07%, 0, 0, 2, 11.81, 6451, 44, 0, 0
848, 37, 0, 7, 0, 0, 0.07%, 0, 0, 2, 2.30, 6494, 44, 0, 0
855, 37, 5, 7, 0, 0, 0.07%, 0, 0, 2, 3.06, 6586, 44, 0, 0
860, 38, 1, 7, 0, 0, 0.07%, 0, 0, 2, 7.02, 6646, 44, 0, 0
865, 38, 0, 7, 0, 0, 0.07%, 0, 0, 2, 3.99, 6708, 44, 0, 0
870, 38, 6, 7, 0, 0, 0.07%, 0, 0, 2, 2.06, 6749, 44, 0, 0
876, 38, 5, 7, 0, 0, 0.07%, 0, 0, 2, 2.68, 6766, 44, 0, 0
882, 39, 0, 7, 0, 0, 0.07%, 0, 0, 2, 1.47, 6794, 44, 0, 0
887, 39, 1, 7, 0, 0, 0.07%, 0, 0, 2, 9.11, 6823, 44, 0, 0
892, 39, 6, 7, 0, 0, 0.07%, 0, 0, 2, 2.15, 6856, 44, 0, 0
897, 39, 0, 7, 0, 0, 0.07%, 0, 0, 2, 0.00, 6913, 44, 0, 0
