# relative_time, cycles_done, cur_item, corpus_count, pending_total, pending_favs, map_size, saved_crashes, saved_hangs, max_depth, execs_per_sec, total_execs, edges_found, total_crashes, servers_count
61, 13, 1, 5, 0, 0, 0.24%, 0, 0, 1, 30.37, 1956, 159, 0, 0
66, 14, 1, 5, 0, 0, 0.24%, 0, 0, 1, 30.48, 2114, 159, 0, 0
71, 15, 1, 5, 0, 0, 0.24%, 0, 0, 1, 30.74, 2268, 159, 0, 0
76, 17, 1, 5, 0, 0, 0.24%, 0, 0, 1, 32.24, 2435, 159, 0, 0
81, 18, 1, 5, 0, 0, 0.24%, 0, 0, 1, 32.71, 2603, 159, 0, 0
86, 19, 1, 5, 0, 0, 0.24%, 0, 0, 1, 32.09, 2771, 159, 0, 0
91, 20, 1, 5, 0, 0, 0.24%, 0, 0, 1, 30.86, 2924, 159, 0, 0
96, 21, 1, 5, 0, 0, 0.24%, 0, 0, 1, 32.31, 3091, 159, 0, 0
101, 23, 1, 5, 0, 0, 0.24%, 0, 0, 1, 32.45, 3258, 159, 0, 0
107, 24, 1, 5, 0, 0, 0.24%, 0, 0, 1, 30.64, 3415, 159, 0, 0
112, 25, 1, 5, 0, 0, 0.24%, 0, 0, 1, 30.34, 3572, 159, 0, 0
117, 26, 1, 5, 0, 0, 0.24%, 0, 0, 1, 30.23, 3726, 159, 0, 0
122, 27, 1, 5, 0, 0, 0.24%, 0, 0, 1, 32.16, 3894, 159, 0, 0
127, 28, 1, 5, 0, 0, 0.24%, 0, 0, 1, 32.91, 4062, 159, 0, 0
132, 29, 1, 5, 0, 0, 0.24%, 0, 0, 1, 31.58, 4223, 159, 0, 0
138, 31, 1, 5, 0, 0, 0.24%, 0, 0, 1, 31.15, 4384, 159, 0, 0
143, 32, 1, 5, 0, 0, 0.24%, 0, 0, 1, 30.88, 4538, 159, 0, 0
148, 33, 1, 5, 0, 0, 0.24%, 0, 0, 1, 32.08, 4699, 159, 0, 0
153, 34, 1, 5, 0, 0, 0.24%, 0, 0, 1, 32.51, 4867, 159, 0, 0
158, 35, 1, 5, 0, 0, 0.24%, 0, 0, 1, 32.78, 5035, 159, 0, 0
163, 36, 1, 5, 0, 0, 0.24%, 0, 0, 1, 31.26, 5196, 159, 0, 0
168, 37, 1, 5, 0, 0, 0.24%, 0, 0, 1, 32.35, 5357, 159, 0, 0
173, 39, 1, 5, 0, 0, 0.24%, 0, 0, 1, 31.08, 5518, 159, 0, 0
178, 40, 1, 5, 0, 0, 0.24%, 0, 0, 1, 32.45, 5686, 159, 0, 0
184, 41, 1, 5, 0, 0, 0.24%, 0, 0, 1, 32.84, 5854, 159, 0, 0
189, 42, 1, 5, 0, 0, 0.24%, 0, 0, 1, 33.04, 6022, 159, 0, 0
194, 43, 1, 5, 0, 0, 0.24%, 0, 0, 1, 32.89, 6190, 159, 0, 0
199, 45, 1, 5, 0, 0, 0.24%, 0, 0, 1, 30.92, 6342, 159, 0, 0
204, 46, 1, 5, 0, 0, 0.24%, 0, 0, 1, 30.54, 6496, 159, 0, 0
209, 47, 1, 5, 0, 0, 0.24%, 0, 0, 1, 30.62, 6649, 159, 0, 0
214, 48, 1, 5, 0, 0, 0.24%, 0, 0, 1, 31.90, 6817, 159, 0, 0
219, 49, 1, 5, 0, 0, 0.24%, 0, 0, 1, 30.85, 6974, 159, 0, 0
224, 50, 1, 5, 0, 0, 0.24%, 0, 0, 1, 31.92, 7142, 159, 0, 0
230, 51, 1, 5, 0, 0, 0.24%, 0, 0, 1, 31.20, 7303, 159, 0, 0
235, 53, 1, 5, 0, 0, 0.24%, 0, 0, 1, 31.10, 7464, 159, 0, 0
240, 54, 1, 5, 0, 0, 0.24%, 0, 0, 1, 31.08, 7624, 159, 0, 0
245, 55, 1, 5, 0, 0, 0.24%, 0, 0, 1, 31.16, 7784, 159, 0, 0
250, 56, 1, 5, 0, 0, 0.24%, 0, 0, 1, 32.13, 7952, 159, 0, 0
255, 57, 1, 5, 0, 0, 0.24%, 0, 0, 1, 32.69, 8120, 159, 0, 0
260, 58, 1, 5, 0, 0, 0.24%, 0, 0, 1, 31.73, 8281, 159, 0, 0
266, 60, 1, 5, 0, 0, 0.24%, 0, 0, 1, 31.86, 8442, 159, 0, 0
271, 61, 1, 5, 0, 0, 0.24%, 0, 0, 1, 32.67, 8610, 159, 0, 0
276, 62, 1, 5, 0, 0, 0.24%, 0, 0, 1, 32.99, 8778, 159, 0, 0
281, 63, 1, 5, 0, 0, 0.24%, 0, 0, 1, 33.23, 8946, 159, 0, 0
286, 64, 1, 5, 0, 0, 0.24%, 0, 0, 1, 33.27, 9114, 159, 0, 0
291, 66, 1, 5, 0, 0, 0.24%, 0, 0, 1, 32.46, 9282, 159, 0, 0
296, 67, 1, 5, 0, 0, 0.24%, 0, 0, 1, 31.87, 9443, 159, 0, 0
301, 68, 1, 5, 0, 0, 0.24%, 0, 0, 1, 31.16, 9604, 159, 0, 0
306, 69, 1, 5, 0, 0, 0.24%, 0, 0, 1, 30.91, 9758, 159, 0, 0
311, 70, 1, 5, 0, 0, 0.24%, 0, 0, 1, 30.77, 9918, 159, 0, 0
317, 71, 1, 5, 0, 0, 0.24%, 0, 0, 1, 32.16, 10083, 159, 0, 0
322, 72, 1, 5, 0, 0, 0.24%, 0, 0, 1, 32.89, 10251, 159, 0, 0
327, 74, 1, 5, 0, 0, 0.24%, 0, 0, 1, 31.48, 10411, 159, 0, 0
332, 75, 1, 5, 0, 0, 0.24%, 0, 0, 1, 31.16, 10572, 159, 0, 0
337, 76, 1, 5, 0, 0, 0.24%, 0, 0, 1, 32.15, 10733, 159, 0, 0
342, 77, 1, 5, 0, 0, 0.24%, 0, 0, 1, 32.67, 10901, 159, 0, 0
347, 78, 1, 5, 0, 0, 0.24%, 0, 0, 1, 31.64, 11062, 159, 0, 0
352, 79, 1, 5, 0, 0, 0.24%, 0, 0, 1, 32.43, 11230, 159, 0, 0
358, 81, 1, 5, 0, 0, 0.24%, 0, 0, 1, 32.76, 11398, 159, 0, 0
363, 82, 1, 5, 0, 0, 0.24%, 0, 0, 1, 32.54, 11566, 159, 0, 0
368, 83, 1, 5, 0, 0, 0.24%, 0, 0, 1, 30.88, 11724, 159, 0, 0
373, 84, 1, 5, 0, 0, 0.24%, 0, 0, 1, 30.45, 11881, 159, 0, 0
378, 85, 1, 5, 0, 0, 0.24%, 0, 0, 1, 30.46, 12035, 159, 0, 0
383, 86, 1, 5, 0, 0, 0.24%, 0, 0, 1, 30.59, 12194, 159, 0, 0
388, 88, 1, 5, 0, 0, 0.24%, 0, 0, 1, 32.34, 12362, 159, 0, 0
393, 89, 1, 5, 0, 0, 0.24%, 0, 0, 1, 32.84, 12530, 159, 0, 0
399, 90, 1, 5, 0, 0, 0.24%, 0, 0, 1, 32.82, 12698, 159, 0, 0
404, 91, 1, 5, 0, 0, 0.24%, 0, 0, 1, 32.86, 12866, 159, 0, 0
409, 92, 1, 5, 0, 0, 0.24%, 0, 0, 1, 33.34, 13034, 159, 0, 0
414, 94, 1, 5, 0, 0, 0.24%, 0, 0, 1, 33.53, 13202, 159, 0, 0
419, 95, 1, 5, 0, 0, 0.24%, 0, 0, 1, 33.33, 13370, 159, 0, 0
424, 96, 1, 5, 0, 0, 0.24%, 0, 0, 1, 33.26, 13538, 159, 0, 0
429, 97, 1, 5, 0, 0, 0.24%, 0, 0, 1, 33.08, 13706, 159, 0, 0
434, 98, 1, 5, 0, 0, 0.24%, 0, 0, 1, 32.95, 13874, 159, 0, 0
439, 99, 1, 5, 0, 0, 0.24%, 0, 0, 1, 31.18, 14033, 159, 0, 0
444, 101, 1, 5, 0, 0, 0.24%, 0, 0, 1, 30.73, 14187, 159, 0, 0
449, 102, 1, 5, 0, 0, 0.24%, 0, 0, 1, 30.57, 14341, 159, 0, 0
454, 103, 1, 5, 0, 0, 0.24%, 0, 0, 1, 30.39, 14493, 159, 0, 0
459, 104, 1, 5, 0, 0, 0.24%, 0, 0, 1, 32.50, 14661, 159, 0, 0
464, 105, 1, 5, 0, 0, 0.24%, 0, 0, 1, 33.16, 14829, 159, 0, 0
470, 106, 1, 5, 0, 0, 0.24%, 0, 0, 1, 32.71, 14997, 159, 0, 0
475, 107, 1, 5, 0, 0, 0.24%, 0, 0, 1, 31.74, 15157, 159, 0, 0
480, 109, 1, 5, 0, 0, 0.24%, 0, 0, 1, 30.89, 15315, 159, 0, 0
485, 110, 1, 5, 0, 0, 0.24%, 0, 0, 1, 30.63, 15469, 159, 0, 0
490, 111, 1, 5, 0, 0, 0.24%, 0, 0, 1, 30.62, 15623, 159, 0, 0
495, 112, 1, 5, 0, 0, 0.24%, 0, 0, 1, 31.42, 15784, 159, 0, 0
500, 113, 1, 5, 0, 0, 0.24%, 0, 0, 1, 32.48, 15952, 159, 0, 0
505, 114, 1, 5, 0, 0, 0.24%, 0, 0, 1, 32.69, 16120, 159, 0, 0
510, 116, 1, 5, 0, 0, 0.24%, 0, 0, 1, 31.90, 16281, 159, 0, 0
515, 117, 1, 5, 0, 0, 0.24%, 0, 0, 1, 32.10, 16442, 159, 0, 0
521, 118, 1, 5, 0, 0, 0.24%, 0, 0, 1, 32.64, 16610, 159, 0, 0
526, 119, 1, 5, 0, 0, 0.24%, 0, 0, 1, 32.78, 16778, 159, 0, 0
531, 120, 1, 5, 0, 0, 0.24%, 0, 0, 1, 31.78, 16939, 159, 0, 0
536, 121, 1, 5, 0, 0, 0.24%, 0, 0, 1, 31.99, 17100, 159, 0, 0
541, 123, 1, 5, 0, 0, 0.24%, 0, 0, 1, 32.79, 17268, 159, 0, 0
546, 124, 1, 5, 0, 0, 0.24%, 0, 0, 1, 31.81, 17429, 159, 0, 0
551, 125, 1, 5, 0, 0, 0.24%, 0, 0, 1, 30.91, 17589, 159, 0, 0
556, 126, 1, 5, 0, 0, 0.24%, 0, 0, 1, 31.64, 17750, 159, 0, 0
561, 127, 1, 5, 0, 0, 0.24%, 0, 0, 1, 33.03, 17918, 159, 0, 0
566, 128, 1, 5, 0, 0, 0.24%, 0, 0, 1, 33.44, 18086, 159, 0, 0
571, 130, 1, 5, 0, 0, 0.24%, 0, 0, 1, 32.06, 18247, 159, 0, 0
577, 131, 1, 5, 0, 0, 0.24%, 0, 0, 1, 31.36, 18408, 159, 0, 0
582, 132, 1, 5, 0, 0, 0.24%, 0, 0, 1, 30.77, 18568, 159, 0, 0
587, 133, 1, 5, 0, 0, 0.24%, 0, 0, 1, 32.02, 18735, 159, 0, 0
592, 134, 1, 5, 0, 0, 0.24%, 0, 0, 1, 31.36, 18896, 159, 0, 0
597, 135, 1, 5, 0, 0, 0.24%, 0, 0, 1, 32.39, 19064, 159, 0, 0
602, 137, 1, 5, 0, 0, 0.24%, 0, 0, 1, 32.71, 19232, 159, 0, 0
608, 138, 1, 5, 0, 0, 0.24%, 0, 0, 1, 32.46, 19400, 159, 0, 0
613, 139, 1, 5, 0, 0, 0.24%, 0, 0, 1, 31.61, 19561, 159, 0, 0
618, 140, 1, 5, 0, 0, 0.24%, 0, 0, 1, 32.29, 19729, 159, 0, 0
623, 141, 1, 5, 0, 0, 0.24%, 0, 0, 1, 31.50, 19890, 159, 0, 0
628, 142, 1, 5, 0, 0, 0.24%, 0, 0, 1, 31.17, 20051, 159, 0, 0
633, 144, 1, 5, 0, 0, 0.24%, 0, 0, 1, 31.07, 20212, 159, 0, 0
639, 145, 1, 5, 0, 0, 0.24%, 0, 0, 1, 31.04, 20373, 159, 0, 0
644, 146, 1, 5, 0, 0, 0.24%, 0, 0, 1, 31.07, 20534, 159, 0, 0
649, 147, 1, 5, 0, 0, 0.24%, 0, 0, 1, 31.28, 20695, 159, 0, 0
654, 148, 1, 5, 0, 0, 0.24%, 0, 0, 1, 32.87, 20863, 159, 0, 0
659, 149, 1, 5, 0, 0, 0.24%, 0, 0, 1, 32.41, 21031, 159, 0, 0
664, 151, 1, 5, 0, 0, 0.24%, 0, 0, 1, 31.24, 21185, 159, 0, 0
669, 152, 1, 5, 0, 0, 0.24%, 0, 0, 1, 32.42, 21353, 159, 0, 0
674, 153, 1, 5, 0, 0, 0.24%, 0, 0, 1, 32.76, 21521, 159, 0, 0
679, 154, 1, 5, 0, 0, 0.24%, 0, 0, 1, 32.10, 21682, 159, 0, 0
684, 155, 1, 5, 0, 0, 0.24%, 0, 0, 1, 33.28, 21850, 159, 0, 0
689, 157, 1, 5, 0, 0, 0.24%, 0, 0, 1, 33.41, 22018, 159, 0, 0
694, 158, 1, 5, 0, 0, 0.24%, 0, 0, 1, 33.17, 22186, 159, 0, 0
700, 159, 1, 5, 0, 0, 0.24%, 0, 0, 1, 31.84, 22347, 159, 0, 0
705, 160, 1, 5, 0, 0, 0.24%, 0, 0, 1, 30.97, 22507, 159, 0, 0
710, 161, 1, 5, 0, 0, 0.24%, 0, 0, 1, 32.43, 22675, 159, 0, 0
715, 162, 1, 5, 0, 0, 0.24%, 0, 0, 1, 32.66, 22843, 159, 0, 0
720, 164, 1, 5, 0, 0, 0.24%, 0, 0, 1, 32.46, 23011, 159, 0, 0
725, 165, 1, 5, 0, 0, 0.24%, 0, 0, 1, 32.59, 23179, 159, 0, 0
731, 166, 1, 5, 0, 0, 0.24%, 0, 0, 1, 32.70, 23347, 159, 0, 0
736, 167, 1, 5, 0, 0, 0.24%, 0, 0, 1, 32.26, 23515, 159, 0, 0
741, 168, 1, 5, 0, 0, 0.24%, 0, 0, 1, 31.13, 23675, 159, 0, 0
746, 169, 1, 5, 0, 0, 0.24%, 0, 0, 1, 30.83, 23836, 159, 0, 0
751, 171, 1, 5, 0, 0, 0.24%, 0, 0, 1, 31.67, 23995, 159, 0, 0
756, 172, 1, 5, 0, 0, 0.24%, 0, 0, 1, 33.01, 24162, 159, 0, 0
761, 173, 1, 5, 0, 0, 0.24%, 0, 0, 1, 33.10, 24330, 159, 0, 0
766, 174, 1, 5, 0, 0, 0.24%, 0, 0, 1, 32.78, 24497, 159, 0, 0
771, 175, 1, 5, 0, 0, 0.24%, 0, 0, 1, 32.83, 24665, 159, 0, 0
777, 177, 1, 5, 0, 0, 0.24%, 0, 0, 1, 32.80, 24833, 159, 0, 0
782, 178, 1, 5, 0, 0, 0.24%, 0, 0, 1, 32.78, 25001, 159, 0, 0
787, 179, 1, 5, 0, 0, 0.24%, 0, 0, 1, 31.38, 25162, 159, 0, 0
792, 180, 1, 5, 0, 0, 0.24%, 0, 0, 1, 31.16, 25321, 159, 0, 0
797, 181, 1, 5, 0, 0, 0.24%, 0, 0, 1, 32.49, 25489, 159, 0, 0
802, 182, 1, 5, 0, 0, 0.24%, 0, 0, 1, 32.78, 25657, 159, 0, 0
807, 184, 1, 5, 0, 0, 0.24%, 0, 0, 1, 32.82, 25825, 159, 0, 0
812, 185, 1, 5, 0, 0, 0.24%, 0, 0, 1, 32.85, 25993, 159, 0, 0
818, 186, 1, 5, 0, 0, 0.24%, 0, 0, 1, 32.88, 26161, 159, 0, 0
823, 187, 1, 5, 0, 0, 0.24%, 0, 0, 1, 32.29, 26328, 159, 0, 0
828, 188, 1, 5, 0, 0, 0.24%, 0, 0, 1, 33.02, 26496, 159, 0, 0
833, 190, 1, 5, 0, 0, 0.24%, 0, 0, 1, 31.27, 26656, 159, 0, 0
838, 191, 1, 5, 0, 0, 0.24%, 0, 0, 1, 30.84, 26810, 159, 0, 0
843, 192, 1, 5, 0, 0, 0.24%, 0, 0, 1, 32.39, 26978, 159, 0, 0
848, 193, 1, 5, 0, 0, 0.24%, 0, 0, 1, 32.68, 27146, 159, 0, 0
853, 194, 1, 5, 0, 0, 0.24%, 0, 0, 1, 32.70, 27314, 159, 0, 0
859, 195, 1, 5, 0, 0, 0.24%, 0, 0, 1, 31.34, 27475, 159, 0, 0
864, 197, 1, 5, 0, 0, 0.24%, 0, 0, 1, 32.57, 27643, 159, 0, 0
869, 198, 1, 5, 0, 0, 0.24%, 0, 0, 1, 32.62, 27811, 159, 0, 0
874, 199, 1, 5, 0, 0, 0.24%, 0, 0, 1, 31.31, 27972, 159, 0, 0
879, 200, 1, 5, 0, 0, 0.24%, 0, 0, 1, 31.00, 28132, 159, 0, 0
884, 201, 1, 5, 0, 0, 0.24%, 0, 0, 1, 31.27, 28293, 159, 0, 0
890, 203, 1, 5, 0, 0, 0.24%, 0, 0, 1, 32.68, 28460, 159, 0, 0
895, 204, 1, 5, 0, 0, 0.24%, 0, 0, 1, 32.18, 28627, 159, 0, 0
897, 204, 1, 5, 0, 0, 0.24%, 0, 0, 1, 31.15, 28701, 159, 0, 0
