# relative_time, cycles_done, cur_item, corpus_count, pending_total, pending_favs, map_size, saved_crashes, saved_hangs, max_depth, execs_per_sec, total_execs, edges_found, total_crashes, servers_count
63, 0, 1, 5, 0, 0, 0.02%, 1, 0, 1, 1.92, 145, 15, 48, 0
68, 0, 1, 5, 0, 0, 0.02%, 1, 0, 1, 4.32, 169, 15, 50, 0
76, 0, 1, 5, 0, 0, 0.02%, 1, 0, 1, 2.12, 193, 15, 52, 0
82, 0, 1, 5, 0, 0, 0.02%, 1, 0, 1, 21.43, 216, 15, 57, 0
87, 0, 1, 5, 0, 0, 0.02%, 1, 0, 1, 3.30, 238, 15, 62, 0
92, 0, 1, 5, 0, 0, 0.02%, 1, 0, 1, 0.96, 249, 15, 65, 0
98, 0, 1, 5, 0, 0, 0.02%, 1, 0, 1, 0.90, 253, 15, 68, 0
104, 0, 1, 5, 0, 0, 0.02%, 1, 0, 1, 1.14, 268, 15, 73, 0
109, 0, 1, 5, 0, 0, 0.02%, 1, 0, 1, 12.93, 274, 15, 76, 0
114, 0, 1, 5, 0, 0, 0.02%, 1, 0, 1, 5.48, 281, 15, 81, 0
120, 0, 1, 5, 0, 0, 0.02%, 1, 0, 1, 0.27, 283, 15, 83, 0
126, 0, 1, 5, 0, 0, 0.02%, 1, 0, 1, 0.36, 292, 15, 85, 0
132, 0, 1, 5, 0, 0, 0.02%, 1, 0, 1, 1.04, 336, 15, 95, 0
138, 0, 1, 5, 0, 0, 0.02%, 1, 0, 1, 0.57, 362, 15, 98, 0
146, 0, 1, 5, 0, 0, 0.02%, 1, 0, 1, 0.51, 373, 15, 101, 0
151, 1, 1, 5, 0, 0, 0.02%, 1, 0, 1, 0.75, 389, 15, 108, 0
157, 1, 1, 5, 0, 0, 0.02%, 1, 0, 1, 0.30, 399, 15, 113, 0
163, 1, 1, 5, 0, 0, 0.02%, 1, 0, 1, 0.89, 411, 15, 117, 0
169, 1, 1, 5, 0, 0, 0.02%, 1, 0, 1, 0.31, 418, 15, 123, 0
176, 1, 1, 5, 0, 0, 0.02%, 1, 0, 1, 0.80, 428, 15, 127, 0
181, 1, 1, 5, 0, 0, 0.02%, 1, 0, 1, 2.81, 466, 15, 132, 0
187, 1, 1, 5, 0, 0, 0.02%, 1, 0, 1, 2.03, 484, 15, 135, 0
192, 1, 1, 5, 0, 0, 0.02%, 1, 0, 1, 2.01, 488, 15, 138, 0
197, 1, 1, 5, 0, 0, 0.02%, 1, 0, 1, 2.32, 495, 15, 141, 0
203, 1, 1, 5, 0, 0, 0.02%, 1, 0, 1, 3.93, 517, 15, 152, 0
211, 1, 1, 5, 0, 0, 0.02%, 1, 0, 1, 4.30, 527, 15, 156, 0
218, 1, 1, 5, 0, 0, 0.02%, 1, 0, 1, 5.42, 554, 15, 162, 0
223, 1, 1, 5, 0, 0, 0.02%, 1, 0, 1, 7.37, 589, 15, 168, 0
228, 1, 1, 5, 0, 0, 0.02%, 1, 0, 1, 9.55, 629, 15, 176, 0
233, 1, 1, 5, 0, 0, 0.02%, 1, 0, 1, 13.98, 642, 15, 182, 0
239, 1, 1, 5, 0, 0, 0.02%, 1, 0, 1, 1.41, 664, 15, 187, 0
244, 1, 1, 5, 0, 0, 0.02%, 1, 0, 1, 1.68, 682, 15, 189, 0
250, 1, 1, 5, 0, 0, 0.02%, 1, 0, 1, 1.30, 705, 15, 196, 0
258, 2, 1, 5, 0, 0, 0.02%, 1, 0, 1, 4.49, 777, 15, 201, 0
266, 2, 1, 5, 0, 0, 0.02%, 1, 0, 1, 0.30, 785, 15, 205, 0
272, 2, 1, 5, 0, 0, 0.02%, 1, 0, 1, 0.27, 799, 15, 210, 0
277, 2, 1, 5, 0, 0, 0.02%, 1, 0, 1, 0.50, 818, 15, 215, 0
284, 2, 1, 5, 0, 0, 0.02%, 1, 0, 1, 3.19, 824, 15, 218, 0
289, 2, 1, 5, 0, 0, 0.02%, 1, 0, 1, 58.33, 910, 15, 225, 0
296, 2, 1, 5, 0, 0, 0.02%, 1, 0, 1, 1.35, 949, 15, 229, 0
303, 2, 1, 5, 0, 0, 0.02%, 1, 0, 1, 8.31, 962, 15, 235, 0
308, 2, 1, 5, 0, 0, 0.02%, 1, 0, 1, 0.50, 980, 15, 240, 0
314, 2, 1, 5, 0, 0, 0.02%, 1, 0, 1, 1.30, 991, 15, 243, 0
323, 2, 1, 5, 0, 0, 0.02%, 1, 0, 1, 1.27, 1008, 15, 249, 0
329, 2, 1, 5, 0, 0, 0.02%, 1, 0, 1, 1.17, 1011, 15, 251, 0
334, 2, 1, 5, 0, 0, 0.02%, 1, 0, 1, 1.38, 1033, 15, 256, 0
339, 2, 1, 5, 0, 0, 0.02%, 1, 0, 1, 10.68, 1059, 15, 261, 0
345, 3, 1, 5, 0, 0, 0.02%, 1, 0, 1, 24.62, 1110, 15, 269, 0
352, 3, 1, 5, 0, 0, 0.02%, 1, 0, 1, 0.31, 1125, 15, 271, 0
358, 3, 1, 5, 0, 0, 0.02%, 1, 0, 1, 0.97, 1143, 15, 278, 0
363, 3, 1, 5, 0, 0, 0.02%, 1, 0, 1, 0.58, 1151, 15, 284, 0
368, 3, 1, 5, 0, 0, 0.02%, 1, 0, 1, 0.37, 1155, 15, 287, 0
376, 3, 1, 5, 0, 0, 0.02%, 1, 0, 1, 0.51, 1164, 15, 293, 0
384, 3, 1, 5, 0, 0, 0.02%, 1, 0, 1, 0.48, 1166, 15, 295, 0
389, 3, 1, 5, 0, 0, 0.02%, 1, 0, 1, 0.48, 1173, 15, 299, 0
397, 3, 1, 5, 0, 0, 0.02%, 1, 0, 1, 0.28, 1177, 15, 302, 0
405, 3, 1, 5, 0, 0, 0.02%, 1, 0, 1, 0.51, 1183, 15, 306, 0
411, 3, 1, 5, 0, 0, 0.02%, 1, 0, 1, 0.32, 1189, 15, 310, 0
417, 3, 1, 5, 0, 0, 0.02%, 1, 0, 1, 3.88, 1207, 15, 322, 0
423, 3, 1, 5, 0, 0, 0.02%, 1, 0, 1, 0.70, 1215, 15, 325, 0
430, 3, 1, 5, 0, 0, 0.02%, 1, 0, 1, 0.66, 1218, 15, 328, 0
436, 3, 1, 5, 0, 0, 0.02%, 1, 0, 1, 0.63, 1221, 15, 330, 0
441, 3, 1, 5, 0, 0, 0.02%, 1, 0, 1, 1.65, 1234, 15, 337, 0
447, 3, 1, 5, 0, 0, 0.02%, 1, 0, 1, 11.35, 1295, 15, 342, 0
453, 3, 1, 5, 0, 0, 0.02%, 1, 0, 1, 0.93, 1302, 15, 344, 0
462, 3, 1, 5, 0, 0, 0.02%, 1, 0, 1, 1.01, 1332, 15, 350, 0
468, 3, 1, 5, 0, 0, 0.02%, 1, 0, 1, 0.25, 1337, 15, 354, 0
474, 3, 1, 5, 0, 0, 0.02%, 1, 0, 1, 0.27, 1340, 15, 357, 0
481, 3, 1, 5, 0, 0, 0.02%, 1, 0, 1, 0.33, 1346, 15, 361, 0
488, 3, 1, 5, 0, 0, 0.02%, 1, 0, 1, 0.26, 1351, 15, 364, 0
493, 3, 1, 5, 0, 0, 0.02%, 1, 0, 1, 5.03, 1361, 15, 369, 0
500, 3, 1, 5, 0, 0, 0.02%, 1, 0, 1, 0.31, 1372, 15, 374, 0
506, 3, 1, 5, 0, 0, 0.02%, 1, 0, 1, 0.46, 1376, 15, 378, 0
511, 3, 1, 5, 0, 0, 0.02%, 1, 0, 1, 0.51, 1381, 15, 380, 0
517, 3, 1, 5, 0, 0, 0.02%, 1, 0, 1, 1.13, 1398, 15, 384, 0
525, 3, 1, 5, 0, 0, 0.02%, 1, 0, 1, 1.09, 1404, 15, 386, 0
531, 3, 1, 5, 0, 0, 0.02%, 1, 0, 1, 0.34, 1409, 15, 389, 0
537, 3, 1, 5, 0, 0, 0.02%, 1, 0, 1, 0.25, 1430, 15, 395, 0
543, 4, 1, 5, 0, 0, 0.02%, 1, 0, 1, 0.52, 1437, 15, 399, 0
548, 4, 1, 5, 0, 0, 0.02%, 1, 0, 1, 0.59, 1442, 15, 402, 0
555, 4, 1, 5, 0, 0, 0.02%, 1, 0, 1, 0.35, 1445, 15, 405, 0
561, 4, 1, 5, 0, 0, 0.02%, 1, 0, 1, 0.48, 1451, 15, 409, 0
568, 4, 1, 5, 0, 0, 0.02%, 1, 0, 1, 0.27, 1464, 15, 416, 0
575, 4, 1, 5, 0, 0, 0.02%, 1, 0, 1, 0.27, 1466, 15, 418, 0
583, 4, 1, 5, 0, 0, 0.02%, 1, 0, 1, 0.30, 1470, 15, 420, 0
589, 4, 1, 5, 0, 0, 0.02%, 1, 0, 1, 0.33, 1473, 15, 422, 0
597, 4, 1, 5, 0, 0, 0.02%, 1, 0, 1, 0.25, 1483, 15, 430, 0
603, 4, 1, 5, 0, 0, 0.02%, 1, 0, 1, 0.26, 1485, 15, 432, 0
611, 4, 1, 5, 0, 0, 0.02%, 1, 0, 1, 0.26, 1487, 15, 434, 0
616, 4, 1, 5, 0, 0, 0.02%, 1, 0, 1, 1.34, 1495, 15, 439, 0
624, 4, 1, 5, 0, 0, 0.02%, 1, 0, 1, 1.53, 1503, 15, 444, 0
630, 4, 1, 5, 0, 0, 0.02%, 1, 0, 1, 1.46, 1506, 15, 447, 0
636, 4, 1, 5, 0, 0, 0.02%, 1, 0, 1, 0.26, 1511, 15, 452, 0
645, 4, 1, 5, 0, 0, 0.02%, 1, 0, 1, 0.49, 1515, 15, 455, 0
651, 4, 1, 5, 0, 0, 0.02%, 1, 0, 1, 0.49, 1518, 15, 457, 0
658, 4, 1, 5, 0, 0, 0.02%, 1, 0, 1, 0.26, 1523, 15, 461, 0
665, 4, 1, 5, 0, 0, 0.02%, 1, 0, 1, 0.49, 1532, 15, 468, 0
673, 4, 1, 5, 0, 0, 0.02%, 1, 0, 1, 0.48, 1535, 15, 470, 0
678, 4, 1, 5, 0, 0, 0.02%, 1, 0, 1, 0.50, 1538, 15, 472, 0
686, 4, 1, 5, 0, 0, 0.02%, 1, 0, 1, 0.74, 1544, 15, 476, 0
693, 4, 1, 5, 0, 0, 0.02%, 1, 0, 1, 0.39, 1556, 15, 485, 0
698, 4, 1, 5, 0, 0, 0.02%, 1, 0, 1, 0.78, 1563, 15, 490, 0
704, 4, 1, 5, 0, 0, 0.02%, 1, 0, 1, 0.29, 1568, 15, 494, 0
711, 4, 1, 5, 0, 0, 0.02%, 1, 0, 1, 0.30, 1573, 15, 497, 0
717, 4, 1, 5, 0, 0, 0.02%, 1, 0, 1, 1.40, 1581, 15, 500, 0
723, 4, 1, 5, 0, 0, 0.02%, 1, 0, 1, 0.41, 1584, 15, 503, 0
730, 4, 1, 5, 0, 0, 0.02%, 1, 0, 1, 0.75, 1592, 15, 508, 0
735, 4, 1, 5, 0, 0, 0.02%, 1, 0, 1, 0.71, 1594, 15, 510, 0
743, 4, 1, 5, 0, 0, 0.02%, 1, 0, 1, 0.75, 1602, 15, 514, 0
750, 4, 1, 5, 0, 0, 0.02%, 1, 0, 1, 0.42, 1608, 15, 519, 0
759, 4, 1, 5, 0, 0, 0.02%, 1, 0, 1, 0.45, 1613, 15, 522, 0
765, 4, 1, 5, 0, 0, 0.02%, 1, 0, 1, 1.75, 1620, 15, 527, 0
771, 4, 1, 5, 0, 0, 0.02%, 1, 0, 1, 4.50, 1626, 15, 531, 0
777, 4, 1, 5, 0, 0, 0.02%, 1, 0, 1, 0.25, 1631, 15, 534, 0
783, 4, 1, 5, 0, 0, 0.02%, 1, 0, 1, 2.23, 1734, 15, 538, 0
792, 4, 1, 5, 0, 0, 0.02%, 1, 0, 1, 0.51, 1751, 15, 545, 0
797, 4, 1, 5, 0, 0, 0.02%, 1, 0, 1, 0.53, 1754, 15, 547, 0
805, 4, 1, 5, 0, 0, 0.02%, 1, 0, 1, 0.52, 1757, 15, 549, 0
811, 4, 1, 5, 0, 0, 0.02%, 1, 0, 1, 0.73, 1767, 15, 555, 0
817, 4, 1, 5, 0, 0, 0.02%, 1, 0, 1, 0.55, 1774, 15, 558, 0
824, 4, 1, 5, 0, 0, 0.02%, 1, 0, 1, 0.25, 1780, 15, 562, 0
831, 5, 1, 5, 0, 0, 0.02%, 1, 0, 1, 0.26, 1782, 15, 564, 0
837, 5, 1, 5, 0, 0, 0.02%, 1, 0, 1, 0.98, 1788, 15, 567, 0
843, 5, 1, 5, 0, 0, 0.02%, 1, 0, 1, 1.52, 1797, 15, 570, 0
850, 5, 1, 5, 0, 0, 0.02%, 1, 0, 1, 0.55, 1805, 15, 573, 0
855, 5, 1, 5, 0, 0, 0.02%, 1, 0, 1, 5.68, 1824, 15, 578, 0
863, 5, 1, 5, 0, 0, 0.02%, 1, 0, 1, 0.52, 1829, 15, 580, 0
869, 5, 1, 5, 0, 0, 0.02%, 1, 0, 1, 0.26, 1834, 15, 583, 0
877, 5, 1, 5, 0, 0, 0.02%, 1, 0, 1, 0.25, 1837, 15, 586, 0
883, 5, 1, 5, 0, 0, 0.02%, 1, 0, 1, 4.02, 1847, 15, 590, 0
889, 5, 1, 5, 0, 0, 0.02%, 1, 0, 1, 0.56, 1853, 15, 593, 0
897, 5, 1, 5, 0, 0, 0.02%, 1, 0, 1, 0.30, 1865, 15, 599, 0
897, 5, 1, 5, 0, 0, 0.02%, 1, 0, 1, 4.46, 1868, 15, 600, 0
