# relative_time, cycles_done, cur_item, corpus_count, pending_total, pending_favs, map_size, saved_crashes, saved_hangs, max_depth, execs_per_sec, total_execs, edges_found, total_crashes, servers_count
60, 0, 1, 5, 0, 0, 0.02%, 1, 0, 1, 0.56, 88, 11, 30, 0
65, 0, 1, 5, 0, 0, 0.02%, 1, 0, 1, 0.94, 93, 11, 33, 0
71, 0, 1, 5, 0, 0, 0.02%, 1, 0, 1, 6.64, 101, 11, 36, 0
78, 0, 1, 5, 0, 0, 0.02%, 1, 0, 1, 0.26, 103, 11, 38, 0
84, 0, 1, 5, 0, 0, 0.02%, 1, 0, 1, 0.31, 107, 11, 40, 0
90, 0, 1, 5, 0, 0, 0.02%, 1, 0, 1, 0.39, 110, 11, 43, 0
95, 0, 1, 5, 0, 0, 0.02%, 1, 0, 1, 1.88, 115, 11, 48, 0
103, 0, 1, 5, 0, 0, 0.02%, 1, 0, 1, 0.26, 119, 11, 50, 0
109, 0, 1, 5, 0, 0, 0.02%, 1, 0, 1, 0.28, 122, 11, 52, 0
117, 0, 1, 5, 0, 0, 0.02%, 1, 0, 1, 0.35, 125, 11, 55, 0
123, 0, 1, 5, 0, 0, 0.02%, 1, 0, 1, 0.27, 128, 11, 58, 0
129, 0, 1, 5, 0, 0, 0.02%, 1, 0, 1, 1.76, 133, 11, 62, 0
136, 0, 1, 5, 0, 0, 0.02%, 1, 0, 1, 0.31, 139, 11, 66, 0
145, 0, 1, 5, 0, 0, 0.02%, 1, 0, 1, 0.35, 143, 11, 69, 0
152, 0, 1, 5, 0, 0, 0.02%, 1, 0, 1, 0.34, 145, 11, 71, 0
159, 0, 1, 5, 0, 0, 0.02%, 1, 0, 1, 0.28, 149, 11, 74, 0
165, 0, 1, 5, 0, 0, 0.02%, 1, 0, 1, 0.42, 155, 11, 79, 0
171, 0, 1, 5, 0, 0, 0.02%, 1, 0, 1, 0.43, 158, 11, 81, 0
178, 0, 1, 5, 0, 0, 0.02%, 1, 0, 1, 0.27, 164, 11, 86, 0
185, 0, 1, 5, 0, 0, 0.02%, 1, 0, 1, 0.27, 166, 11, 88, 0
190, 0, 1, 5, 0, 0, 0.02%, 1, 0, 1, 4.86, 171, 11, 92, 0
196, 0, 1, 5, 0, 0, 0.02%, 1, 0, 1, 0.27, 173, 11, 94, 0
202, 0, 1, 5, 0, 0, 0.02%, 1, 0, 1, 0.25, 176, 11, 97, 0
211, 0, 1, 5, 0, 0, 0.02%, 1, 0, 1, 0.25, 181, 11, 100, 0
218, 0, 1, 5, 0, 0, 0.02%, 1, 0, 1, 0.31, 185, 11, 103, 0
226, 0, 1, 5, 0, 0, 0.02%, 1, 0, 1, 1.91, 192, 11, 107, 0
232, 0, 1, 5, 0, 0, 0.02%, 1, 0, 1, 0.26, 194, 11, 109, 0
241, 0, 1, 5, 0, 0, 0.02%, 1, 0, 1, 0.25, 197, 11, 112, 0
247, 0, 1, 5, 0, 0, 0.02%, 1, 0, 1, 0.48, 203, 11, 115, 0
253, 0, 1, 5, 0, 0, 0.02%, 1, 0, 1, 0.51, 208, 11, 117, 0
261, 0, 1, 5, 0, 0, 0.02%, 1, 0, 1, 0.25, 213, 11, 121, 0
270, 0, 1, 5, 0, 0, 0.02%, 1, 0, 1, 0.25, 224, 11, 128, 0
275, 0, 1, 5, 0, 0, 0.02%, 1, 0, 1, 1.61, 232, 11, 133, 0
281, 0, 1, 5, 0, 0, 0.02%, 1, 0, 1, 1.47, 235, 11, 135, 0
289, 0, 1, 5, 0, 0, 0.02%, 1, 0, 1, 0.25, 247, 11, 143, 0
296, 0, 1, 5, 0, 0, 0.02%, 1, 0, 1, 0.28, 250, 11, 146, 0
302, 0, 1, 5, 0, 0, 0.02%, 1, 0, 1, 4.24, 254, 11, 150, 0
309, 0, 1, 5, 0, 0, 0.02%, 1, 0, 1, 0.32, 260, 11, 153, 0
317, 0, 1, 5, 0, 0, 0.02%, 1, 0, 1, 0.26, 264, 11, 157, 0
324, 0, 1, 5, 0, 0, 0.02%, 1, 0, 1, 0.33, 268, 11, 160, 0
331, 0, 1, 5, 0, 0, 0.02%, 1, 0, 1, 0.34, 271, 11, 162, 0
339, 0, 1, 5, 0, 0, 0.02%, 1, 0, 1, 0.39, 275, 11, 165, 0
348, 0, 1, 5, 0, 0, 0.02%, 1, 0, 1, 0.45, 279, 11, 169, 0
353, 0, 1, 5, 0, 0, 0.02%, 1, 0, 1, 4.36, 288, 11, 174, 0
361, 0, 1, 5, 0, 0, 0.02%, 1, 0, 1, 0.76, 299, 11, 181, 0
367, 0, 1, 5, 0, 0, 0.02%, 1, 0, 1, 0.63, 303, 11, 185, 0
376, 0, 1, 5, 0, 0, 0.02%, 1, 0, 1, 0.62, 307, 11, 188, 0
384, 0, 1, 5, 0, 0, 0.02%, 1, 0, 1, 0.31, 315, 11, 191, 0
391, 0, 1, 5, 0, 0, 0.02%, 1, 0, 1, 0.67, 320, 11, 195, 0
399, 0, 1, 5, 0, 0, 0.02%, 1, 0, 1, 0.25, 329, 11, 200, 0
406, 0, 1, 5, 0, 0, 0.02%, 1, 0, 1, 0.52, 335, 11, 203, 0
411, 0, 1, 5, 0, 0, 0.02%, 1, 0, 1, 0.59, 339, 11, 205, 0
418, 0, 1, 5, 0, 0, 0.02%, 1, 0, 1, 0.25, 348, 11, 210, 0
424, 0, 1, 5, 0, 0, 0.02%, 1, 0, 1, 0.54, 356, 11, 213, 0
431, 0, 1, 5, 0, 0, 0.02%, 1, 0, 1, 0.57, 363, 11, 216, 0
436, 0, 1, 5, 0, 0, 0.02%, 1, 0, 1, 3.61, 374, 11, 220, 0
445, 0, 1, 5, 0, 0, 0.02%, 1, 0, 1, 0.26, 380, 11, 223, 0
450, 1, 1, 5, 0, 0, 0.02%, 1, 0, 1, 8.30, 386, 11, 227, 0
458, 1, 1, 5, 0, 0, 0.02%, 1, 0, 1, 1.64, 395, 11, 232, 0
464, 1, 1, 5, 0, 0, 0.02%, 1, 0, 1, 1.82, 404, 11, 237, 0
470, 1, 1, 5, 0, 0, 0.02%, 1, 0, 1, 0.25, 407, 11, 240, 0
476, 1, 1, 5, 0, 0, 0.02%, 1, 0, 1, 0.29, 410, 11, 242, 0
482, 1, 1, 5, 0, 0, 0.02%, 1, 0, 1, 0.35, 413, 11, 245, 0
488, 1, 1, 5, 0, 0, 0.02%, 1, 0, 1, 0.36, 415, 11, 247, 0
496, 1, 1, 5, 0, 0, 0.02%, 1, 0, 1, 0.50, 421, 11, 252, 0
502, 1, 1, 5, 0, 0, 0.02%, 1, 0, 1, 0.84, 433, 11, 257, 0
509, 1, 1, 5, 0, 0, 0.02%, 1, 0, 1, 0.77, 435, 11, 259, 0
518, 1, 1, 5, 0, 0, 0.02%, 1, 0, 1, 0.77, 439, 11, 262, 0
526, 1, 1, 5, 0, 0, 0.02%, 1, 0, 1, 0.93, 447, 11, 265, 0
532, 1, 1, 5, 0, 0, 0.02%, 1, 0, 1, 0.90, 451, 11, 267, 0
540, 1, 1, 5, 0, 0, 0.02%, 1, 0, 1, 0.27, 467, 11, 272, 0
546, 1, 1, 5, 0, 0, 0.02%, 1, 0, 1, 3.42, 475, 11, 275, 0
554, 1, 1, 5, 0, 0, 0.02%, 1, 0, 1, 0.26, 486, 11, 280, 0
560, 1, 1, 5, 0, 0, 0.02%, 1, 0, 1, 0.30, 490, 11, 282, 0
567, 1, 1, 5, 0, 0, 0.02%, 1, 0, 1, 0.32, 493, 11, 284, 0
575, 1, 1, 5, 0, 0, 0.02%, 1, 0, 1, 0.31, 495, 11, 286, 0
583, 1, 1, 5, 0, 0, 0.02%, 1, 0, 1, 0.40, 500, 11, 290, 0
588, 1, 1, 5, 0, 0, 0.02%, 1, 0, 1, 4.17, 510, 11, 297, 0
594, 1, 1, 5, 0, 0, 0.02%, 1, 0, 1, 3.81, 521, 11, 301, 0
600, 1, 1, 5, 0, 0, 0.02%, 1, 0, 1, 0.51, 525, 11, 303, 0
607, 1, 1, 5, 0, 0, 0.02%, 1, 0, 1, 0.50, 528, 11, 305, 0
613, 1, 1, 5, 0, 0, 0.02%, 1, 0, 1, 2.78, 534, 11, 309, 0
621, 1, 1, 5, 0, 0, 0.02%, 1, 0, 1, 2.85, 550, 11, 318, 0
627, 1, 1, 5, 0, 0, 0.02%, 1, 0, 1, 0.52, 554, 11, 321, 0
633, 1, 1, 5, 0, 0, 0.02%, 1, 0, 1, 0.50, 556, 11, 323, 0
639, 1, 1, 5, 0, 0, 0.02%, 1, 0, 1, 4.06, 566, 11, 329, 0
644, 1, 1, 5, 0, 0, 0.02%, 1, 0, 1, 4.35, 576, 11, 336, 0
652, 1, 1, 5, 0, 0, 0.02%, 1, 0, 1, 0.27, 580, 11, 340, 0
661, 1, 1, 5, 0, 0, 0.02%, 1, 0, 1, 0.44, 587, 11, 345, 0
668, 1, 1, 5, 0, 0, 0.02%, 1, 0, 1, 0.50, 594, 11, 347, 0
674, 1, 1, 5, 0, 0, 0.02%, 1, 0, 1, 0.60, 601, 11, 349, 0
679, 1, 1, 5, 0, 0, 0.02%, 1, 0, 1, 4.23, 608, 11, 352, 0
684, 1, 1, 5, 0, 0, 0.02%, 1, 0, 1, 4.80, 618, 11, 358, 0
691, 1, 1, 5, 0, 0, 0.02%, 1, 0, 1, 0.28, 623, 11, 361, 0
696, 1, 1, 5, 0, 0, 0.02%, 1, 0, 1, 3.69, 633, 11, 366, 0
701, 1, 1, 5, 0, 0, 0.02%, 1, 0, 1, 0.27, 637, 11, 370, 0
709, 1, 1, 5, 0, 0, 0.02%, 1, 0, 1, 1.03, 644, 11, 374, 0
716, 1, 1, 5, 0, 0, 0.02%, 1, 0, 1, 0.97, 647, 11, 377, 0
722, 1, 1, 5, 0, 0, 0.02%, 1, 0, 1, 0.44, 652, 11, 380, 0
728, 1, 1, 5, 0, 0, 0.02%, 1, 0, 1, 0.64, 660, 11, 384, 0
734, 1, 1, 5, 0, 0, 0.02%, 1, 0, 1, 4.70, 666, 11, 388, 0
740, 1, 1, 5, 0, 0, 0.02%, 1, 0, 1, 0.53, 671, 11, 391, 0
748, 1, 1, 5, 0, 0, 0.02%, 1, 0, 1, 0.26, 676, 11, 395, 0
754, 1, 1, 5, 0, 0, 0.02%, 1, 0, 1, 0.27, 678, 11, 397, 0
760, 1, 1, 5, 0, 0, 0.02%, 1, 0, 1, 0.25, 682, 11, 400, 0
765, 1, 1, 5, 0, 0, 0.02%, 1, 0, 1, 8.47, 688, 11, 404, 0
774, 1, 1, 5, 0, 0, 0.02%, 1, 0, 1, 0.26, 700, 11, 409, 0
780, 1, 1, 5, 0, 0, 0.02%, 1, 0, 1, 2.35, 707, 11, 413, 0
787, 1, 1, 5, 0, 0, 0.02%, 1, 0, 1, 2.39, 714, 11, 417, 0
794, 1, 1, 5, 0, 0, 0.02%, 1, 0, 1, 0.38, 722, 11, 421, 0
802, 1, 1, 5, 0, 0, 0.02%, 1, 0, 1, 0.27, 726, 11, 424, 0
807, 2, 1, 5, 0, 0, 0.02%, 1, 0, 1, 7.56, 734, 11, 429, 0
815, 2, 1, 5, 0, 0, 0.02%, 1, 0, 1, 0.97, 740, 11, 432, 0
822, 2, 1, 5, 0, 0, 0.02%, 1, 0, 1, 0.35, 747, 11, 437, 0
829, 2, 1, 5, 0, 0, 0.02%, 1, 0, 1, 0.38, 752, 11, 439, 0
834, 2, 1, 5, 0, 0, 0.02%, 1, 0, 1, 0.44, 756, 11, 441, 0
840, 2, 1, 5, 0, 0, 0.02%, 1, 0, 1, 0.56, 762, 11, 444, 0
847, 2, 1, 5, 0, 0, 0.02%, 1, 0, 1, 0.39, 767, 11, 447, 0
853, 2, 1, 5, 0, 0, 0.02%, 1, 0, 1, 0.29, 772, 11, 450, 0
860, 2, 1, 5, 0, 0, 0.02%, 1, 0, 1, 0.85, 781, 11, 453, 0
867, 2, 1, 5, 0, 0, 0.02%, 1, 0, 1, 0.86, 785, 11, 456, 0
873, 2, 1, 5, 0, 0, 0.02%, 1, 0, 1, 0.88, 788, 11, 459, 0
879, 2, 1, 5, 0, 0, 0.02%, 1, 0, 1, 0.28, 795, 11, 463, 0
886, 2, 1, 5, 0, 0, 0.02%, 1, 0, 1, 0.53, 804, 11, 469, 0
893, 2, 1, 5, 0, 0, 0.02%, 1, 0, 1, 0.62, 810, 11, 472, 0
896, 2, 1, 5, 0, 0, 0.02%, 1, 0, 1, 0.00, 813, 11, 475, 0
