# relative_time, cycles_done, cur_item, corpus_count, pending_total, pending_favs, map_size, saved_crashes, saved_hangs, max_depth, execs_per_sec, total_execs, edges_found, total_crashes, servers_count
61, 10, 0, 5, 0, 0, 0.31%, 0, 0, 1, 25.20, 1683, 206, 0, 0
66, 11, 1, 5, 0, 0, 0.31%, 0, 0, 1, 25.31, 1812, 206, 0, 0
71, 12, 0, 5, 0, 0, 0.31%, 0, 0, 1, 25.75, 1946, 206, 0, 0
76, 13, 0, 5, 0, 0, 0.31%, 0, 0, 1, 25.79, 2076, 206, 0, 0
81, 13, 1, 5, 0, 0, 0.31%, 0, 0, 1, 25.29, 2203, 206, 0, 0
86, 14, 0, 5, 0, 0, 0.31%, 0, 0, 1, 25.05, 2331, 206, 0, 0
91, 15, 0, 5, 0, 0, 0.31%, 0, 0, 1, 26.59, 2465, 206, 0, 0
97, 16, 0, 5, 0, 0, 0.31%, 0, 0, 1, 25.62, 2596, 206, 0, 0
102, 17, 0, 5, 0, 0, 0.31%, 0, 0, 1, 25.10, 2724, 206, 0, 0
107, 18, 0, 5, 0, 0, 0.31%, 0, 0, 1, 25.51, 2853, 206, 0, 0
112, 18, 0, 5, 0, 0, 0.31%, 0, 0, 1, 26.27, 2987, 206, 0, 0
117, 19, 0, 5, 0, 0, 0.31%, 0, 0, 1, 26.49, 3122, 206, 0, 0
122, 20, 0, 5, 0, 0, 0.31%, 0, 0, 1, 25.32, 3248, 206, 0, 0
127, 21, 0, 5, 0, 0, 0.31%, 0, 0, 1, 26.57, 3383, 206, 0, 0
132, 22, 0, 5, 0, 0, 0.31%, 0, 0, 1, 26.99, 3522, 206, 0, 0
137, 23, 1, 5, 0, 0, 0.31%, 0, 0, 1, 26.11, 3653, 206, 0, 0
142, 24, 1, 5, 0, 0, 0.31%, 0, 0, 1, 26.03, 3786, 206, 0, 0
147, 24, 0, 5, 0, 0, 0.31%, 0, 0, 1, 25.31, 3916, 206, 0, 0
152, 25, 0, 5, 0, 0, 0.31%, 0, 0, 1, 26.11, 4047, 206, 0, 0
157, 26, 0, 5, 0, 0, 0.31%, 0, 0, 1, 27.57, 4185, 206, 0, 0
162, 27, 0, 5, 0, 0, 0.31%, 0, 0, 1, 26.32, 4317, 206, 0, 0
167, 28, 0, 5, 0, 0, 0.31%, 0, 0, 1, 25.25, 4446, 206, 0, 0
173, 29, 0, 5, 0, 0, 0.31%, 0, 0, 1, 25.39, 4580, 206, 0, 0
178, 29, 0, 5, 0, 0, 0.31%, 0, 0, 1, 25.86, 4715, 206, 0, 0
183, 30, 0, 5, 0, 0, 0.31%, 0, 0, 1, 26.99, 4852, 206, 0, 0
188, 31, 0, 5, 0, 0, 0.31%, 0, 0, 1, 26.60, 4990, 206, 0, 0
193, 32, 0, 5, 0, 0, 0.31%, 0, 0, 1, 26.49, 5130, 206, 0, 0
198, 33, 0, 5, 0, 0, 0.31%, 0, 0, 1, 26.19, 5266, 206, 0, 0
203, 33, 0, 5, 0, 0, 0.31%, 0, 0, 1, 26.33, 5401, 206, 0, 0
208, 34, 0, 5, 0, 0, 0.31%, 0, 0, 1, 26.34, 5535, 206, 0, 0
214, 35, 0, 5, 0, 0, 0.31%, 0, 0, 1, 27.01, 5672, 206, 0, 0
219, 36, 0, 5, 0, 0, 0.31%, 0, 0, 1, 25.86, 5803, 206, 0, 0
224, 37, 0, 5, 0, 0, 0.31%, 0, 0, 1, 25.27, 5929, 206, 0, 0
229, 38, 1, 5, 0, 0, 0.31%, 0, 0, 1, 26.99, 6071, 206, 0, 0
234, 39, 0, 5, 0, 0, 0.31%, 0, 0, 1, 27.48, 6216, 206, 0, 0
239, 39, 0, 5, 0, 0, 0.31%, 0, 0, 1, 26.06, 6346, 206, 0, 0
244, 40, 0, 5, 0, 0, 0.31%, 0, 0, 1, 25.84, 6478, 206, 0, 0
249, 41, 0, 5, 0, 0, 0.31%, 0, 0, 1, 27.38, 6619, 206, 0, 0
254, 42, 1, 5, 0, 0, 0.31%, 0, 0, 1, 26.61, 6753, 206, 0, 0
259, 43, 0, 5, 0, 0, 0.31%, 0, 0, 1, 28.01, 6897, 206, 0, 0
265, 44, 0, 5, 0, 0, 0.31%, 0, 0, 1, 26.28, 7031, 206, 0, 0
270, 45, 1, 5, 0, 0, 0.31%, 0, 0, 1, 27.41, 7169, 206, 0, 0
275, 46, 1, 5, 0, 0, 0.31%, 0, 0, 1, 27.06, 7309, 206, 0, 0
280, 47, 1, 5, 0, 0, 0.31%, 0, 0, 1, 26.84, 7446, 206, 0, 0
285, 47, 0, 5, 0, 0, 0.31%, 0, 0, 1, 26.17, 7578, 206, 0, 0
290, 48, 0, 5, 0, 0, 0.31%, 0, 0, 1, 26.66, 7716, 206, 0, 0
295, 49, 0, 5, 0, 0, 0.31%, 0, 0, 1, 25.59, 7848, 206, 0, 0
300, 50, 0, 5, 0, 0, 0.31%, 0, 0, 1, 25.00, 7973, 206, 0, 0
306, 51, 1, 5, 0, 0, 0.31%, 0, 0, 1, 27.00, 8109, 206, 0, 0
311, 51, 1, 5, 0, 0, 0.31%, 0, 0, 1, 27.49, 8248, 206, 0, 0
316, 52, 0, 5, 0, 0, 0.31%, 0, 0, 1, 27.29, 8389, 206, 0, 0
321, 54, 1, 5, 0, 0, 0.31%, 0, 0, 1, 29.43, 8538, 206, 0, 0
326, 54, 0, 5, 0, 0, 0.31%, 0, 0, 1, 27.75, 8679, 206, 0, 0
331, 55, 0, 5, 0, 0, 0.31%, 0, 0, 1, 26.45, 8811, 206, 0, 0
336, 56, 0, 5, 0, 0, 0.31%, 0, 0, 1, 26.80, 8946, 206, 0, 0
341, 57, 0, 5, 0, 0, 0.31%, 0, 0, 1, 25.89, 9080, 206, 0, 0
347, 57, 1, 5, 0, 0, 0.31%, 0, 0, 1, 25.63, 9212, 206, 0, 0
352, 58, 0, 5, 0, 0, 0.31%, 0, 0, 1, 25.76, 9342, 206, 0, 0
357, 59, 0, 5, 0, 0, 0.31%, 0, 0, 1, 26.02, 9478, 206, 0, 0
362, 60, 0, 5, 0, 0, 0.31%, 0, 0, 1, 25.34, 9608, 206, 0, 0
367, 60, 1, 5, 0, 0, 0.31%, 0, 0, 1, 25.84, 9740, 206, 0, 0
372, 61, 1, 5, 0, 0, 0.31%, 0, 0, 1, 26.91, 9879, 206, 0, 0
377, 62, 0, 5, 0, 0, 0.31%, 0, 0, 1, 26.40, 10012, 206, 0, 0
382, 63, 1, 5, 0, 0, 0.31%, 0, 0, 1, 26.04, 10147, 206, 0, 0
387, 64, 0, 5, 0, 0, 0.31%, 0, 0, 1, 25.54, 10278, 206, 0, 0
392, 64, 0, 5, 0, 0, 0.31%, 0, 0, 1, 25.20, 10406, 206, 0, 0
398, 65, 0, 5, 0, 0, 0.31%, 0, 0, 1, 25.10, 10533, 206, 0, 0
403, 66, 1, 5, 0, 0, 0.31%, 0, 0, 1, 26.12, 10669, 206, 0, 0
408, 67, 0, 5, 0, 0, 0.31%, 0, 0, 1, 27.02, 10806, 206, 0, 0
413, 68, 0, 5, 0, 0, 0.31%, 0, 0, 1, 26.30, 10942, 206, 0, 0
418, 68, 0, 5, 0, 0, 0.31%, 0, 0, 1, 25.92, 11077, 206, 0, 0
423, 69, 0, 5, 0, 0, 0.31%, 0, 0, 1, 26.56, 11215, 206, 0, 0
428, 70, 1, 5, 0, 0, 0.31%, 0, 0, 1, 27.05, 11352, 206, 0, 0
433, 71, 0, 5, 0, 0, 0.31%, 0, 0, 1, 27.19, 11494, 206, 0, 0
439, 72, 1, 5, 0, 0, 0.31%, 0, 0, 1, 28.05, 11639, 206, 0, 0
444, 73, 0, 5, 0, 0, 0.31%, 0, 0, 1, 26.57, 11771, 206, 0, 0
449, 74, 1, 5, 0, 0, 0.31%, 0, 0, 1, 28.04, 11917, 206, 0, 0
454, 75, 1, 5, 0, 0, 0.31%, 0, 0, 1, 27.02, 12050, 206, 0, 0
459, 76, 0, 5, 0, 0, 0.31%, 0, 0, 1, 26.03, 12182, 206, 0, 0
464, 77, 0, 5, 0, 0, 0.31%, 0, 0, 1, 27.92, 12331, 206, 0, 0
469, 78, 0, 5, 0, 0, 0.31%, 0, 0, 1, 27.01, 12466, 206, 0, 0
474, 79, 0, 5, 0, 0, 0.31%, 0, 0, 1, 26.53, 12602, 206, 0, 0
479, 79, 0, 5, 0, 0, 0.31%, 0, 0, 1, 26.73, 12743, 206, 0, 0
485, 80, 0, 5, 0, 0, 0.31%, 0, 0, 1, 26.39, 12877, 206, 0, 0
490, 81, 0, 5, 0, 0, 0.31%, 0, 0, 1, 26.53, 13014, 206, 0, 0
495, 82, 0, 5, 0, 0, 0.31%, 0, 0, 1, 25.56, 13145, 206, 0, 0
500, 83, 0, 5, 0, 0, 0.31%, 0, 0, 1, 26.52, 13282, 206, 0, 0
505, 84, 0, 5, 0, 0, 0.31%, 0, 0, 1, 26.14, 13415, 206, 0, 0
510, 84, 0, 5, 0, 0, 0.31%, 0, 0, 1, 25.57, 13547, 206, 0, 0
515, 85, 0, 5, 0, 0, 0.31%, 0, 0, 1, 25.27, 13675, 206, 0, 0
520, 86, 0, 5, 0, 0, 0.31%, 0, 0, 1, 25.21, 13805, 206, 0, 0
525, 86, 0, 5, 0, 0, 0.31%, 0, 0, 1, 25.32, 13933, 206, 0, 0
531, 87, 0, 5, 0, 0, 0.31%, 0, 0, 1, 26.17, 14067, 206, 0, 0
536, 88, 0, 5, 0, 0, 0.31%, 0, 0, 1, 25.54, 14198, 206, 0, 0
541, 89, 1, 5, 0, 0, 0.31%, 0, 0, 1, 25.79, 14331, 206, 0, 0
546, 90, 0, 5, 0, 0, 0.31%, 0, 0, 1, 25.83, 14462, 206, 0, 0
551, 91, 0, 5, 0, 0, 0.31%, 0, 0, 1, 25.33, 14592, 206, 0, 0
556, 92, 1, 5, 0, 0, 0.31%, 0, 0, 1, 26.66, 14733, 206, 0, 0
562, 93, 0, 5, 0, 0, 0.31%, 0, 0, 1, 27.42, 14875, 206, 0, 0
567, 94, 0, 5, 0, 0, 0.31%, 0, 0, 1, 26.16, 15007, 206, 0, 0
572, 95, 0, 5, 0, 0, 0.31%, 0, 0, 1, 26.86, 15146, 206, 0, 0
577, 95, 0, 5, 0, 0, 0.31%, 0, 0, 1, 26.02, 15281, 206, 0, 0
582, 96, 0, 5, 0, 0, 0.31%, 0, 0, 1, 25.33, 15410, 206, 0, 0
587, 97, 0, 5, 0, 0, 0.31%, 0, 0, 1, 25.33, 15541, 206, 0, 0
592, 98, 0, 5, 0, 0, 0.31%, 0, 0, 1, 25.66, 15671, 206, 0, 0
597, 98, 1, 5, 0, 0, 0.31%, 0, 0, 1, 25.14, 15798, 206, 0, 0
602, 99, 0, 5, 0, 0, 0.31%, 0, 0, 1, 26.30, 15933, 206, 0, 0
607, 100, 0, 5, 0, 0, 0.31%, 0, 0, 1, 27.49, 16068, 206, 0, 0
612, 101, 0, 5, 0, 0, 0.31%, 0, 0, 1, 26.51, 16200, 206, 0, 0
617, 101, 1, 5, 0, 0, 0.31%, 0, 0, 1, 27.72, 16336, 206, 0, 0
622, 102, 0, 5, 0, 0, 0.31%, 0, 0, 1, 26.57, 16470, 206, 0, 0
627, 103, 0, 5, 0, 0, 0.31%, 0, 0, 1, 26.80, 16604, 206, 0, 0
632, 104, 1, 5, 0, 0, 0.31%, 0, 0, 1, 26.03, 16737, 206, 0, 0
637, 105, 1, 5, 0, 0, 0.31%, 0, 0, 1, 25.44, 16865, 206, 0, 0
643, 105, 1, 5, 0, 0, 0.31%, 0, 0, 1, 25.42, 16996, 206, 0, 0
648, 106, 0, 5, 0, 0, 0.31%, 0, 0, 1, 26.59, 17135, 206, 0, 0
653, 107, 0, 5, 0, 0, 0.31%, 0, 0, 1, 26.57, 17268, 206, 0, 0
658, 108, 0, 5, 0, 0, 0.31%, 0, 0, 1, 26.12, 17399, 206, 0, 0
663, 109, 1, 5, 0, 0, 0.31%, 0, 0, 1, 26.99, 17543, 206, 0, 0
668, 110, 1, 5, 0, 0, 0.31%, 0, 0, 1, 27.39, 17683, 206, 0, 0
673, 111, 0, 5, 0, 0, 0.31%, 0, 0, 1, 28.58, 17832, 206, 0, 0
678, 112, 0, 5, 0, 0, 0.31%, 0, 0, 1, 28.79, 17979, 206, 0, 0
683, 113, 1, 5, 0, 0, 0.31%, 0, 0, 1, 28.17, 18118, 206, 0, 0
689, 114, 0, 5, 0, 0, 0.31%, 0, 0, 1, 25.81, 18248, 206, 0, 0
694, 115, 0, 5, 0, 0, 0.31%, 0, 0, 1, 26.56, 18384, 206, 0, 0
699, 116, 0, 5, 0, 0, 0.31%, 0, 0, 1, 26.87, 18521, 206, 0, 0
704, 117, 0, 5, 0, 0, 0.31%, 0, 0, 1, 27.46, 18663, 206, 0, 0
709, 117, 1, 5, 0, 0, 0.31%, 0, 0, 1, 26.57, 18796, 206, 0, 0
714, 118, 0, 5, 0, 0, 0.31%, 0, 0, 1, 26.23, 18930, 206, 0, 0
719, 119, 0, 5, 0, 0, 0.31%, 0, 0, 1, 26.38, 19069, 206, 0, 0
724, 120, 1, 5, 0, 0, 0.31%, 0, 0, 1, 26.22, 19202, 206, 0, 0
729, 120, 0, 5, 0, 0, 0.31%, 0, 0, 1, 26.64, 19336, 206, 0, 0
735, 121, 0, 5, 0, 0, 0.31%, 0, 0, 1, 27.67, 19484, 206, 0, 0
740, 122, 0, 5, 0, 0, 0.31%, 0, 0, 1, 26.39, 19619, 206, 0, 0
745, 123, 0, 5, 0, 0, 0.31%, 0, 0, 1, 28.04, 19766, 206, 0, 0
750, 124, 0, 5, 0, 0, 0.31%, 0, 0, 1, 26.84, 19905, 206, 0, 0
755, 125, 1, 5, 0, 0, 0.31%, 0, 0, 1, 28.01, 20049, 206, 0, 0
760, 126, 0, 5, 0, 0, 0.31%, 0, 0, 1, 27.29, 20188, 206, 0, 0
766, 127, 1, 5, 0, 0, 0.31%, 0, 0, 1, 30.16, 20338, 206, 0, 0
771, 128, 0, 5, 0, 0, 0.31%, 0, 0, 1, 28.01, 20478, 206, 0, 0
776, 129, 0, 5, 0, 0, 0.31%, 0, 0, 1, 27.26, 20614, 206, 0, 0
781, 129, 0, 5, 0, 0, 0.31%, 0, 0, 1, 26.12, 20746, 206, 0, 0
786, 130, 0, 5, 0, 0, 0.31%, 0, 0, 1, 26.50, 20885, 206, 0, 0
791, 131, 0, 5, 0, 0, 0.31%, 0, 0, 1, 27.66, 21028, 206, 0, 0
797, 132, 0, 5, 0, 0, 0.31%, 0, 0, 1, 27.97, 21172, 206, 0, 0
802, 133, 0, 5, 0, 0, 0.31%, 0, 0, 1, 25.89, 21301, 206, 0, 0
807, 133, 0, 5, 0, 0, 0.31%, 0, 0, 1, 25.48, 21432, 206, 0, 0
812, 134, 0, 5, 0, 0, 0.31%, 0, 0, 1, 25.27, 21563, 206, 0, 0
817, 135, 0, 5, 0, 0, 0.31%, 0, 0, 1, 26.10, 21694, 206, 0, 0
822, 136, 0, 5, 0, 0, 0.31%, 0, 0, 1, 25.65, 21826, 206, 0, 0
827, 137, 1, 5, 0, 0, 0.31%, 0, 0, 1, 28.03, 21973, 206, 0, 0
832, 138, 1, 5, 0, 0, 0.31%, 0, 0, 1, 29.39, 22126, 206, 0, 0
837, 139, 0, 5, 0, 0, 0.31%, 0, 0, 1, 26.96, 22260, 206, 0, 0
842, 140, 0, 5, 0, 0, 0.31%, 0, 0, 1, 25.91, 22389, 206, 0, 0
847, 140, 0, 5, 0, 0, 0.31%, 0, 0, 1, 25.85, 22519, 206, 0, 0
853, 141, 1, 5, 0, 0, 0.31%, 0, 0, 1, 26.74, 22656, 206, 0, 0
858, 142, 0, 5, 0, 0, 0.31%, 0, 0, 1, 26.64, 22792, 206, 0, 0
863, 143, 0, 5, 0, 0, 0.31%, 0, 0, 1, 27.25, 22933, 206, 0, 0
868, 144, 0, 5, 0, 0, 0.31%, 0, 0, 1, 26.01, 23063, 206, 0, 0
873, 145, 1, 5, 0, 0, 0.31%, 0, 0, 1, 26.87, 23198, 206, 0, 0
878, 146, 0, 5, 0, 0, 0.31%, 0, 0, 1, 27.28, 23337, 206, 0, 0
883, 147, 0, 5, 0, 0, 0.31%, 0, 0, 1, 27.23, 23472, 206, 0, 0
888, 148, 0, 5, 0, 0, 0.31%, 0, 0, 1, 27.91, 23619, 206, 0, 0
893, 148, 1, 5, 0, 0, 0.31%, 0, 0, 1, 27.35, 23754, 206, 0, 0
898, 149, 1, 5, 0, 0, 0.31%, 0, 0, 1, 26.61, 23873, 206, 0, 0
