# relative_time, cycles_done, cur_item, corpus_count, pending_total, pending_favs, map_size, saved_crashes, saved_hangs, max_depth, execs_per_sec, total_execs, edges_found, total_crashes, servers_count
61, 8, 0, 5, 0, 0, 0.31%, 0, 0, 1, 20.83, 1399, 206, 0, 0
66, 9, 0, 5, 0, 0, 0.31%, 0, 0, 1, 20.14, 1501, 206, 0, 0
71, 9, 1, 5, 0, 0, 0.31%, 0, 0, 1, 19.83, 1604, 206, 0, 0
76, 10, 0, 5, 0, 0, 0.31%, 0, 0, 1, 20.40, 1711, 206, 0, 0
82, 11, 0, 5, 0, 0, 0.31%, 0, 0, 1, 20.55, 1819, 206, 0, 0
87, 11, 1, 5, 0, 0, 0.31%, 0, 0, 1, 20.52, 1924, 206, 0, 0
92, 12, 0, 5, 0, 0, 0.31%, 0, 0, 1, 20.02, 2026, 206, 0, 0
97, 13, 0, 5, 0, 0, 0.31%, 0, 0, 1, 21.52, 2140, 206, 0, 0
102, 13, 0, 5, 0, 0, 0.31%, 0, 0, 1, 20.66, 2244, 206, 0, 0
107, 14, 0, 5, 0, 0, 0.31%, 0, 0, 1, 21.07, 2353, 206, 0, 0
112, 15, 0, 5, 0, 0, 0.31%, 0, 0, 1, 19.86, 2453, 206, 0, 0
117, 15, 0, 5, 0, 0, 0.31%, 0, 0, 1, 22.08, 2571, 206, 0, 0
122, 16, 0, 5, 0, 0, 0.31%, 0, 0, 1, 20.09, 2671, 206, 0, 0
127, 17, 0, 5, 0, 0, 0.31%, 0, 0, 1, 21.41, 2783, 206, 0, 0
132, 18, 0, 5, 0, 0, 0.31%, 0, 0, 1, 21.52, 2896, 206, 0, 0
138, 18, 0, 5, 0, 0, 0.31%, 0, 0, 1, 20.77, 3003, 206, 0, 0
143, 19, 0, 5, 0, 0, 0.31%, 0, 0, 1, 21.31, 3113, 206, 0, 0
148, 20, 0, 5, 0, 0, 0.31%, 0, 0, 1, 23.24, 3232, 206, 0, 0
153, 21, 1, 5, 0, 0, 0.31%, 0, 0, 1, 25.18, 3356, 206, 0, 0
158, 22, 0, 5, 0, 0, 0.31%, 0, 0, 1, 22.83, 3468, 206, 0, 0
163, 22, 0, 5, 0, 0, 0.31%, 0, 0, 1, 21.08, 3576, 206, 0, 0
168, 23, 0, 5, 0, 0, 0.31%, 0, 0, 1, 20.33, 3680, 206, 0, 0
173, 23, 1, 5, 0, 0, 0.31%, 0, 0, 1, 20.82, 3785, 206, 0, 0
178, 24, 0, 5, 0, 0, 0.31%, 0, 0, 1, 20.18, 3889, 206, 0, 0
184, 24, 0, 5, 0, 0, 0.31%, 0, 0, 1, 19.81, 3990, 206, 0, 0
189, 25, 0, 5, 0, 0, 0.31%, 0, 0, 1, 22.04, 4103, 206, 0, 0
194, 26, 1, 5, 0, 0, 0.31%, 0, 0, 1, 20.58, 4205, 206, 0, 0
199, 27, 0, 5, 0, 0, 0.31%, 0, 0, 1, 21.86, 4322, 206, 0, 0
204, 27, 0, 5, 0, 0, 0.31%, 0, 0, 1, 20.96, 4431, 206, 0, 0
209, 28, 0, 5, 0, 0, 0.31%, 0, 0, 1, 21.65, 4544, 206, 0, 0
214, 28, 0, 5, 0, 0, 0.31%, 0, 0, 1, 21.61, 4653, 206, 0, 0
220, 29, 0, 5, 0, 0, 0.31%, 0, 0, 1, 21.19, 4760, 206, 0, 0
225, 30, 0, 5, 0, 0, 0.31%, 0, 0, 1, 21.46, 4869, 206, 0, 0
230, 31, 0, 5, 0, 0, 0.31%, 0, 0, 1, 21.28, 4977, 206, 0, 0
235, 31, 1, 5, 0, 0, 0.31%, 0, 0, 1, 21.22, 5085, 206, 0, 0
240, 32, 1, 5, 0, 0, 0.31%, 0, 0, 1, 22.40, 5195, 206, 0, 0
245, 33, 0, 5, 0, 0, 0.31%, 0, 0, 1, 21.32, 5305, 206, 0, 0
250, 34, 0, 5, 0, 0, 0.31%, 0, 0, 1, 20.89, 5413, 206, 0, 0
255, 34, 0, 5, 0, 0, 0.31%, 0, 0, 1, 22.24, 5523, 206, 0, 0
261, 35, 0, 5, 0, 0, 0.31%, 0, 0, 1, 20.86, 5627, 206, 0, 0
266, 36, 1, 5, 0, 0, 0.31%, 0, 0, 1, 22.15, 5740, 206, 0, 0
271, 36, 1, 5, 0, 0, 0.31%, 0, 0, 1, 22.95, 5861, 206, 0, 0
276, 37, 0, 5, 0, 0, 0.31%, 0, 0, 1, 21.53, 5967, 206, 0, 0
281, 38, 1, 5, 0, 0, 0.31%, 0, 0, 1, 21.87, 6083, 206, 0, 0
286, 39, 0, 5, 0, 0, 0.31%, 0, 0, 1, 23.03, 6198, 206, 0, 0
291, 39, 1, 5, 0, 0, 0.31%, 0, 0, 1, 21.75, 6308, 206, 0, 0
297, 40, 0, 5, 0, 0, 0.31%, 0, 0, 1, 21.63, 6421, 206, 0, 0
302, 41, 0, 5, 0, 0, 0.31%, 0, 0, 1, 21.62, 6535, 206, 0, 0
307, 41, 0, 5, 0, 0, 0.31%, 0, 0, 1, 22.31, 6649, 206, 0, 0
312, 42, 1, 5, 0, 0, 0.31%, 0, 0, 1, 22.50, 6763, 206, 0, 0
317, 43, 1, 5, 0, 0, 0.31%, 0, 0, 1, 22.50, 6880, 206, 0, 0
322, 44, 0, 5, 0, 0, 0.31%, 0, 0, 1, 23.30, 7003, 206, 0, 0
327, 44, 0, 5, 0, 0, 0.31%, 0, 0, 1, 22.01, 7112, 206, 0, 0
333, 45, 1, 5, 0, 0, 0.31%, 0, 0, 1, 22.53, 7224, 206, 0, 0
338, 46, 1, 5, 0, 0, 0.31%, 0, 0, 1, 24.25, 7349, 206, 0, 0
343, 47, 0, 5, 0, 0, 0.31%, 0, 0, 1, 22.32, 7459, 206, 0, 0
348, 48, 0, 5, 0, 0, 0.31%, 0, 0, 1, 23.23, 7575, 206, 0, 0
353, 48, 0, 5, 0, 0, 0.31%, 0, 0, 1, 21.91, 7685, 206, 0, 0
358, 49, 1, 5, 0, 0, 0.31%, 0, 0, 1, 25.43, 7812, 206, 0, 0
363, 50, 0, 5, 0, 0, 0.31%, 0, 0, 1, 22.33, 7925, 206, 0, 0
368, 51, 0, 5, 0, 0, 0.31%, 0, 0, 1, 20.62, 8028, 206, 0, 0
373, 52, 1, 5, 0, 0, 0.31%, 0, 0, 1, 21.20, 8134, 206, 0, 0
378, 52, 0, 5, 0, 0, 0.31%, 0, 0, 1, 21.33, 8245, 206, 0, 0
383, 53, 0, 5, 0, 0, 0.31%, 0, 0, 1, 20.43, 8348, 206, 0, 0
389, 54, 0, 5, 0, 0, 0.31%, 0, 0, 1, 19.90, 8447, 206, 0, 0
394, 54, 1, 5, 0, 0, 0.31%, 0, 0, 1, 20.97, 8555, 206, 0, 0
399, 55, 0, 5, 0, 0, 0.31%, 0, 0, 1, 21.97, 8671, 206, 0, 0
404, 55, 0, 5, 0, 0, 0.31%, 0, 0, 1, 20.32, 8771, 206, 0, 0
409, 56, 0, 5, 0, 0, 0.31%, 0, 0, 1, 20.43, 8877, 206, 0, 0
414, 57, 1, 5, 0, 0, 0.31%, 0, 0, 1, 20.48, 8979, 206, 0, 0
419, 57, 0, 5, 0, 0, 0.31%, 0, 0, 1, 20.22, 9083, 206, 0, 0
424, 58, 0, 5, 0, 0, 0.31%, 0, 0, 1, 20.09, 9187, 206, 0, 0
429, 59, 1, 5, 0, 0, 0.31%, 0, 0, 1, 21.30, 9294, 206, 0, 0
434, 60, 0, 5, 0, 0, 0.31%, 0, 0, 1, 22.20, 9410, 206, 0, 0
439, 60, 0, 5, 0, 0, 0.31%, 0, 0, 1, 20.51, 9515, 206, 0, 0
445, 61, 0, 5, 0, 0, 0.31%, 0, 0, 1, 21.41, 9624, 206, 0, 0
450, 61, 1, 5, 0, 0, 0.31%, 0, 0, 1, 21.88, 9732, 206, 0, 0
455, 62, 0, 5, 0, 0, 0.31%, 0, 0, 1, 21.55, 9844, 206, 0, 0
460, 63, 0, 5, 0, 0, 0.31%, 0, 0, 1, 21.07, 9949, 206, 0, 0
465, 63, 1, 5, 0, 0, 0.31%, 0, 0, 1, 21.60, 10060, 206, 0, 0
470, 64, 1, 5, 0, 0, 0.31%, 0, 0, 1, 23.27, 10177, 206, 0, 0
475, 65, 0, 5, 0, 0, 0.31%, 0, 0, 1, 21.20, 10282, 206, 0, 0
480, 65, 0, 5, 0, 0, 0.31%, 0, 0, 1, 20.72, 10388, 206, 0, 0
485, 66, 1, 5, 0, 0, 0.31%, 0, 0, 1, 22.33, 10502, 206, 0, 0
491, 67, 0, 5, 0, 0, 0.31%, 0, 0, 1, 21.30, 10611, 206, 0, 0
496, 67, 1, 5, 0, 0, 0.31%, 0, 0, 1, 20.64, 10716, 206, 0, 0
501, 68, 1, 5, 0, 0, 0.31%, 0, 0, 1, 20.98, 10827, 206, 0, 0
506, 69, 0, 5, 0, 0, 0.31%, 0, 0, 1, 20.59, 10932, 206, 0, 0
511, 69, 1, 5, 0, 0, 0.31%, 0, 0, 1, 20.20, 11038, 206, 0, 0
516, 70, 0, 5, 0, 0, 0.31%, 0, 0, 1, 20.29, 11144, 206, 0, 0
521, 71, 0, 5, 0, 0, 0.31%, 0, 0, 1, 20.51, 11247, 206, 0, 0
526, 71, 0, 5, 0, 0, 0.31%, 0, 0, 1, 21.08, 11357, 206, 0, 0
532, 72, 0, 5, 0, 0, 0.31%, 0, 0, 1, 20.90, 11465, 206, 0, 0
537, 72, 0, 5, 0, 0, 0.31%, 0, 0, 1, 20.28, 11568, 206, 0, 0
542, 73, 1, 5, 0, 0, 0.31%, 0, 0, 1, 22.66, 11681, 206, 0, 0
547, 74, 0, 5, 0, 0, 0.31%, 0, 0, 1, 21.53, 11791, 206, 0, 0
552, 74, 0, 5, 0, 0, 0.31%, 0, 0, 1, 20.76, 11897, 206, 0, 0
557, 75, 0, 5, 0, 0, 0.31%, 0, 0, 1, 20.92, 12005, 206, 0, 0
562, 76, 0, 5, 0, 0, 0.31%, 0, 0, 1, 20.32, 12108, 206, 0, 0
568, 76, 0, 5, 0, 0, 0.31%, 0, 0, 1, 20.55, 12213, 206, 0, 0
573, 77, 0, 5, 0, 0, 0.31%, 0, 0, 1, 19.96, 12314, 206, 0, 0
578, 77, 1, 5, 0, 0, 0.31%, 0, 0, 1, 21.23, 12421, 206, 0, 0
583, 78, 0, 5, 0, 0, 0.31%, 0, 0, 1, 20.19, 12524, 206, 0, 0
588, 79, 0, 5, 0, 0, 0.31%, 0, 0, 1, 20.52, 12633, 206, 0, 0
593, 79, 0, 5, 0, 0, 0.31%, 0, 0, 1, 20.02, 12734, 206, 0, 0
598, 80, 1, 5, 0, 0, 0.31%, 0, 0, 1, 20.41, 12839, 206, 0, 0
603, 81, 1, 5, 0, 0, 0.31%, 0, 0, 1, 21.46, 12951, 206, 0, 0
608, 81, 1, 5, 0, 0, 0.31%, 0, 0, 1, 23.00, 13066, 206, 0, 0
614, 82, 0, 5, 0, 0, 0.31%, 0, 0, 1, 21.68, 13178, 206, 0, 0
619, 83, 0, 5, 0, 0, 0.31%, 0, 0, 1, 22.10, 13293, 206, 0, 0
624, 83, 0, 5, 0, 0, 0.31%, 0, 0, 1, 21.04, 13401, 206, 0, 0
629, 84, 1, 5, 0, 0, 0.31%, 0, 0, 1, 20.88, 13511, 206, 0, 0
634, 85, 1, 5, 0, 0, 0.31%, 0, 0, 1, 23.74, 13639, 206, 0, 0
639, 86, 0, 5, 0, 0, 0.31%, 0, 0, 1, 23.78, 13759, 206, 0, 0
645, 87, 1, 5, 0, 0, 0.31%, 0, 0, 1, 22.06, 13872, 206, 0, 0
650, 87, 0, 5, 0, 0, 0.31%, 0, 0, 1, 20.54, 13978, 206, 0, 0
655, 88, 0, 5, 0, 0, 0.31%, 0, 0, 1, 20.76, 14084, 206, 0, 0
660, 89, 1, 5, 0, 0, 0.31%, 0, 0, 1, 22.02, 14198, 206, 0, 0
665, 89, 0, 5, 0, 0, 0.31%, 0, 0, 1, 22.13, 14315, 206, 0, 0
670, 90, 0, 5, 0, 0, 0.31%, 0, 0, 1, 21.88, 14425, 206, 0, 0
675, 91, 0, 5, 0, 0, 0.31%, 0, 0, 1, 21.93, 14536, 206, 0, 0
680, 91, 0, 5, 0, 0, 0.31%, 0, 0, 1, 21.28, 14648, 206, 0, 0
686, 92, 0, 5, 0, 0, 0.31%, 0, 0, 1, 21.19, 14758, 206, 0, 0
691, 93, 1, 5, 0, 0, 0.31%, 0, 0, 1, 21.39, 14867, 206, 0, 0
696, 94, 0, 5, 0, 0, 0.31%, 0, 0, 1, 20.39, 14969, 206, 0, 0
701, 94, 0, 5, 0, 0, 0.31%, 0, 0, 1, 20.63, 15076, 206, 0, 0
706, 95, 1, 5, 0, 0, 0.31%, 0, 0, 1, 21.45, 15184, 206, 0, 0
711, 96, 0, 5, 0, 0, 0.31%, 0, 0, 1, 20.85, 15293, 206, 0, 0
716, 96, 0, 5, 0, 0, 0.31%, 0, 0, 1, 21.51, 15404, 206, 0, 0
721, 97, 0, 5, 0, 0, 0.31%, 0, 0, 1, 22.32, 15523, 206, 0, 0
727, 98, 0, 5, 0, 0, 0.31%, 0, 0, 1, 22.24, 15636, 206, 0, 0
732, 98, 1, 5, 0, 0, 0.31%, 0, 0, 1, 21.22, 15743, 206, 0, 0
737, 99, 0, 5, 0, 0, 0.31%, 0, 0, 1, 22.73, 15863, 206, 0, 0
742, 100, 0, 5, 0, 0, 0.31%, 0, 0, 1, 21.63, 15972, 206, 0, 0
747, 101, 0, 5, 0, 0, 0.31%, 0, 0, 1, 22.28, 16089, 206, 0, 0
752, 102, 1, 5, 0, 0, 0.31%, 0, 0, 1, 24.66, 16220, 206, 0, 0
758, 102, 0, 5, 0, 0, 0.31%, 0, 0, 1, 21.34, 16329, 206, 0, 0
763, 103, 0, 5, 0, 0, 0.31%, 0, 0, 1, 20.16, 16432, 206, 0, 0
768, 104, 0, 5, 0, 0, 0.31%, 0, 0, 1, 20.34, 16536, 206, 0, 0
773, 104, 0, 5, 0, 0, 0.31%, 0, 0, 1, 21.30, 16648, 206, 0, 0
778, 105, 1, 5, 0, 0, 0.31%, 0, 0, 1, 20.86, 16755, 206, 0, 0
783, 105, 0, 5, 0, 0, 0.31%, 0, 0, 1, 20.86, 16862, 206, 0, 0
789, 106, 0, 5, 0, 0, 0.31%, 0, 0, 1, 21.35, 16976, 206, 0, 0
794, 107, 0, 5, 0, 0, 0.31%, 0, 0, 1, 20.12, 17077, 206, 0, 0
799, 108, 1, 5, 0, 0, 0.31%, 0, 0, 1, 21.99, 17194, 206, 0, 0
804, 109, 0, 5, 0, 0, 0.31%, 0, 0, 1, 21.79, 17308, 206, 0, 0
809, 109, 0, 5, 0, 0, 0.31%, 0, 0, 1, 21.96, 17421, 206, 0, 0
814, 110, 0, 5, 0, 0, 0.31%, 0, 0, 1, 21.80, 17531, 206, 0, 0
819, 111, 0, 5, 0, 0, 0.31%, 0, 0, 1, 22.30, 17641, 206, 0, 0
824, 111, 0, 5, 0, 0, 0.31%, 0, 0, 1, 22.03, 17754, 206, 0, 0
829, 112, 0, 5, 0, 0, 0.31%, 0, 0, 1, 21.83, 17865, 206, 0, 0
835, 113, 0, 5, 0, 0, 0.31%, 0, 0, 1, 22.39, 17979, 206, 0, 0
840, 113, 0, 5, 0, 0, 0.31%, 0, 0, 1, 22.02, 18094, 206, 0, 0
845, 114, 1, 5, 0, 0, 0.31%, 0, 0, 1, 22.31, 18203, 206, 0, 0
850, 115, 1, 5, 0, 0, 0.31%, 0, 0, 1, 22.28, 18313, 206, 0, 0
855, 116, 1, 5, 0, 0, 0.31%, 0, 0, 1, 22.19, 18427, 206, 0, 0
860, 116, 1, 5, 0, 0, 0.31%, 0, 0, 1, 22.47, 18541, 206, 0, 0
865, 117, 0, 5, 0, 0, 0.31%, 0, 0, 1, 22.74, 18660, 206, 0, 0
870, 118, 1, 5, 0, 0, 0.31%, 0, 0, 1, 21.98, 18768, 206, 0, 0
876, 119, 0, 5, 0, 0, 0.31%, 0, 0, 1, 21.13, 18876, 206, 0, 0
881, 119, 0, 5, 0, 0, 0.31%, 0, 0, 1, 20.39, 18981, 206, 0, 0
886, 120, 1, 5, 0, 0, 0.31%, 0, 0, 1, 20.97, 19090, 206, 0, 0
891, 121, 0, 5, 0, 0, 0.31%, 0, 0, 1, 21.85, 19203, 206, 0, 0
896, 122, 0, 5, 0, 0, 0.31%, 0, 0, 1, 22.59, 19321, 206, 0, 0
897, 122, 0, 5, 0, 0, 0.31%, 0, 0, 1, 0.00, 19349, 206, 0, 0
