# relative_time, cycles_done, cur_item, corpus_count, pending_total, pending_favs, map_size, saved_crashes, saved_hangs, max_depth, execs_per_sec, total_execs, edges_found, total_crashes, servers_count
61, 2, 1, 8, 1, 0, 0.25%, 3, 0, 2, 10.38, 666, 163, 216, 0
66, 2, 7, 8, 1, 0, 0.25%, 3, 0, 2, 10.46, 721, 163, 233, 0
71, 2, 1, 8, 1, 0, 0.25%, 3, 0, 2, 7.67, 758, 163, 254, 0
76, 3, 6, 8, 1, 0, 0.25%, 3, 0, 2, 8.61, 808, 163, 273, 0
81, 3, 1, 8, 1, 0, 0.25%, 3, 0, 2, 7.53, 846, 163, 293, 0
86, 3, 7, 8, 1, 0, 0.25%, 3, 0, 2, 9.22, 902, 163, 311, 0
91, 3, 6, 8, 1, 0, 0.25%, 3, 0, 2, 10.72, 953, 163, 329, 0
97, 4, 1, 8, 1, 0, 0.25%, 3, 0, 2, 11.56, 1008, 163, 347, 0
102, 4, 1, 8, 1, 0, 0.25%, 3, 0, 2, 10.24, 1061, 163, 365, 0
107, 4, 7, 8, 1, 0, 0.25%, 3, 0, 2, 8.29, 1102, 163, 385, 0
112, 4, 1, 8, 1, 0, 0.25%, 3, 0, 2, 7.94, 1144, 163, 405, 0
117, 5, 7, 8, 1, 0, 0.25%, 3, 0, 2, 11.02, 1203, 163, 422, 0
122, 5, 7, 8, 1, 0, 0.25%, 3, 0, 2, 6.88, 1235, 163, 444, 0
127, 5, 7, 8, 1, 0, 0.25%, 3, 0, 2, 7.83, 1276, 163, 464, 0
132, 5, 6, 8, 1, 0, 0.25%, 3, 0, 2, 7.39, 1315, 163, 485, 0
137, 5, 7, 8, 1, 0, 0.25%, 3, 0, 2, 8.90, 1360, 163, 504, 0
143, 6, 7, 8, 1, 0, 0.25%, 3, 0, 2, 7.60, 1402, 163, 524, 0
148, 6, 6, 8, 1, 0, 0.25%, 3, 0, 2, 6.53, 1439, 163, 544, 0
153, 6, 7, 8, 1, 0, 0.25%, 3, 0, 2, 8.10, 1488, 163, 562, 0
158, 6, 1, 8, 1, 0, 0.25%, 3, 0, 2, 10.03, 1540, 163, 581, 0
163, 6, 1, 8, 1, 0, 0.25%, 3, 0, 2, 8.97, 1584, 163, 601, 0
168, 7, 6, 8, 1, 0, 0.25%, 3, 0, 2, 9.76, 1643, 163, 618, 0
173, 7, 7, 8, 1, 0, 0.25%, 3, 0, 2, 13.90, 1717, 163, 633, 0
179, 7, 1, 8, 1, 0, 0.25%, 3, 0, 2, 8.54, 1754, 163, 654, 0
184, 7, 7, 8, 1, 0, 0.25%, 3, 0, 2, 7.53, 1793, 163, 675, 0
189, 8, 1, 8, 1, 0, 0.25%, 3, 0, 2, 6.99, 1830, 163, 695, 0
194, 8, 6, 8, 1, 0, 0.25%, 3, 0, 2, 6.56, 1865, 163, 716, 0
199, 8, 1, 8, 1, 0, 0.25%, 3, 0, 2, 8.06, 1912, 163, 735, 0
204, 8, 7, 8, 1, 0, 0.25%, 3, 0, 2, 8.46, 1962, 163, 754, 0
209, 9, 6, 8, 1, 0, 0.25%, 3, 0, 2, 7.27, 2001, 163, 774, 0
214, 9, 7, 8, 1, 0, 0.25%, 3, 0, 2, 7.69, 2042, 163, 794, 0
220, 9, 1, 8, 1, 0, 0.25%, 3, 0, 2, 7.44, 2081, 163, 814, 0
225, 9, 7, 8, 1, 0, 0.25%, 3, 0, 2, 7.13, 2116, 163, 835, 0
230, 9, 7, 8, 1, 0, 0.25%, 3, 0, 2, 7.36, 2160, 163, 855, 0
235, 10, 6, 8, 1, 0, 0.25%, 3, 0, 2, 7.37, 2203, 163, 875, 0
240, 10, 6, 8, 1, 0, 0.25%, 3, 0, 2, 6.36, 2234, 163, 897, 0
245, 10, 1, 8, 1, 0, 0.25%, 3, 0, 2, 9.27, 2293, 163, 914, 0
251, 10, 1, 8, 1, 0, 0.25%, 3, 0, 2, 7.21, 2329, 163, 935, 0
256, 10, 1, 8, 1, 0, 0.25%, 3, 0, 2, 7.93, 2375, 163, 955, 0
261, 11, 7, 8, 1, 0, 0.25%, 3, 0, 2, 11.88, 2438, 163, 971, 0
266, 11, 7, 8, 1, 0, 0.25%, 3, 0, 2, 12.48, 2509, 163, 987, 0
271, 11, 6, 8, 1, 0, 0.25%, 3, 0, 2, 8.33, 2546, 163, 1008, 0
277, 11, 6, 8, 1, 0, 0.25%, 3, 0, 2, 9.48, 2597, 163, 1027, 0
282, 12, 1, 8, 1, 0, 0.25%, 3, 0, 2, 8.89, 2645, 163, 1045, 0
287, 12, 6, 8, 1, 0, 0.25%, 3, 0, 2, 9.30, 2692, 163, 1064, 0
292, 12, 6, 8, 1, 0, 0.25%, 3, 0, 2, 6.80, 2724, 163, 1086, 0
297, 12, 1, 8, 1, 0, 0.25%, 3, 0, 2, 7.00, 2766, 163, 1106, 0
302, 13, 7, 8, 1, 0, 0.25%, 3, 0, 2, 6.72, 2800, 163, 1127, 0
307, 13, 6, 8, 1, 0, 0.25%, 3, 0, 2, 6.50, 2837, 163, 1147, 0
312, 13, 6, 8, 1, 0, 0.25%, 3, 0, 2, 7.34, 2882, 163, 1167, 0
318, 13, 1, 8, 1, 0, 0.25%, 3, 0, 2, 8.09, 2929, 163, 1186, 0
323, 13, 1, 8, 1, 0, 0.25%, 3, 0, 2, 7.54, 2970, 163, 1206, 0
328, 14, 6, 8, 1, 0, 0.25%, 3, 0, 2, 6.71, 3002, 163, 1228, 0
333, 14, 7, 8, 1, 0, 0.25%, 3, 0, 2, 6.59, 3035, 163, 1249, 0
338, 14, 6, 8, 1, 0, 0.25%, 3, 0, 2, 8.79, 3085, 163, 1267, 0
343, 14, 6, 8, 1, 0, 0.25%, 3, 0, 2, 7.62, 3121, 163, 1288, 0
348, 14, 6, 8, 1, 0, 0.25%, 3, 0, 2, 10.22, 3178, 163, 1305, 0
353, 15, 1, 8, 1, 0, 0.25%, 3, 0, 2, 8.17, 3218, 163, 1326, 0
358, 15, 7, 8, 1, 0, 0.25%, 3, 0, 2, 8.01, 3263, 163, 1346, 0
364, 15, 7, 8, 1, 0, 0.25%, 3, 0, 2, 8.47, 3311, 163, 1365, 0
369, 15, 6, 8, 1, 0, 0.25%, 3, 0, 2, 7.42, 3350, 163, 1385, 0
374, 16, 7, 8, 1, 0, 0.25%, 3, 0, 2, 9.29, 3402, 163, 1403, 0
379, 16, 7, 8, 1, 0, 0.25%, 3, 0, 2, 8.46, 3442, 163, 1423, 0
384, 16, 1, 8, 1, 0, 0.25%, 3, 0, 2, 7.04, 3477, 163, 1445, 0
389, 16, 6, 8, 1, 0, 0.25%, 3, 0, 2, 8.28, 3524, 163, 1465, 0
394, 16, 6, 8, 1, 0, 0.25%, 3, 0, 2, 7.57, 3565, 163, 1485, 0
399, 17, 6, 8, 1, 0, 0.25%, 3, 0, 2, 7.50, 3605, 163, 1505, 0
405, 17, 7, 8, 1, 0, 0.25%, 3, 0, 2, 9.84, 3655, 163, 1524, 0
410, 17, 1, 8, 1, 0, 0.25%, 3, 0, 2, 9.78, 3705, 163, 1543, 0
415, 17, 6, 8, 1, 0, 0.25%, 3, 0, 2, 8.02, 3745, 163, 1563, 0
420, 17, 6, 8, 1, 0, 0.25%, 3, 0, 2, 8.36, 3794, 163, 1582, 0
425, 18, 6, 8, 1, 0, 0.25%, 3, 0, 2, 11.18, 3861, 163, 1599, 0
431, 18, 1, 8, 1, 0, 0.25%, 3, 0, 2, 7.95, 3897, 163, 1620, 0
436, 18, 1, 8, 1, 0, 0.25%, 3, 0, 2, 7.36, 3938, 163, 1640, 0
441, 18, 6, 8, 1, 0, 0.25%, 3, 0, 2, 6.69, 3973, 163, 1661, 0
446, 19, 7, 8, 1, 0, 0.25%, 3, 0, 2, 7.05, 4014, 163, 1682, 0
451, 19, 7, 8, 1, 0, 0.25%, 3, 0, 2, 7.67, 4060, 163, 1702, 0
456, 19, 6, 8, 1, 0, 0.25%, 3, 0, 2, 8.64, 4112, 163, 1720, 0
461, 19, 7, 8, 1, 0, 0.25%, 3, 0, 2, 7.67, 4153, 163, 1740, 0
466, 20, 7, 8, 1, 0, 0.25%, 3, 0, 2, 9.18, 4205, 163, 1758, 0
472, 20, 7, 8, 1, 0, 0.25%, 3, 0, 2, 7.54, 4247, 163, 1778, 0
477, 20, 1, 8, 1, 0, 0.25%, 3, 0, 2, 8.12, 4293, 163, 1798, 0
482, 20, 7, 8, 1, 0, 0.25%, 3, 0, 2, 10.24, 4348, 163, 1816, 0
487, 20, 1, 8, 1, 0, 0.25%, 3, 0, 2, 8.97, 4396, 163, 1834, 0
492, 21, 1, 8, 1, 0, 0.25%, 3, 0, 2, 9.71, 4450, 163, 1852, 0
497, 21, 1, 8, 1, 0, 0.25%, 3, 0, 2, 8.67, 4493, 163, 1872, 0
502, 21, 7, 8, 1, 0, 0.25%, 3, 0, 2, 9.31, 4545, 163, 1891, 0
508, 21, 6, 8, 1, 0, 0.25%, 3, 0, 2, 7.84, 4585, 163, 1911, 0
513, 22, 1, 8, 1, 0, 0.25%, 3, 0, 2, 9.47, 4636, 163, 1930, 0
518, 22, 6, 8, 1, 0, 0.25%, 3, 0, 2, 7.61, 4674, 163, 1951, 0
523, 22, 7, 8, 1, 0, 0.25%, 3, 0, 2, 6.70, 4709, 163, 1972, 0
528, 22, 6, 8, 1, 0, 0.25%, 3, 0, 2, 6.52, 4743, 163, 1993, 0
533, 22, 1, 8, 1, 0, 0.25%, 3, 0, 2, 8.03, 4793, 163, 2011, 0
538, 23, 1, 8, 1, 0, 0.25%, 3, 0, 2, 9.19, 4840, 163, 2030, 0
543, 23, 6, 8, 1, 0, 0.25%, 3, 0, 2, 7.51, 4879, 163, 2050, 0
548, 23, 1, 8, 1, 0, 0.25%, 3, 0, 2, 7.97, 4922, 163, 2069, 0
554, 23, 1, 8, 1, 0, 0.25%, 3, 0, 2, 7.60, 4967, 163, 2088, 0
559, 24, 6, 8, 1, 0, 0.25%, 3, 0, 2, 6.93, 5005, 163, 2108, 0
564, 24, 6, 8, 1, 0, 0.25%, 3, 0, 2, 7.47, 5048, 163, 2129, 0
569, 24, 1, 8, 1, 0, 0.25%, 3, 0, 2, 9.28, 5099, 163, 2148, 0
574, 24, 1, 8, 1, 0, 0.25%, 3, 0, 2, 11.48, 5165, 163, 2163, 0
579, 25, 7, 8, 1, 0, 0.25%, 3, 0, 2, 8.67, 5206, 163, 2184, 0
584, 25, 6, 8, 1, 0, 0.25%, 3, 0, 2, 8.25, 5249, 163, 2204, 0
590, 25, 1, 8, 1, 0, 0.25%, 3, 0, 2, 7.66, 5288, 163, 2225, 0
595, 25, 1, 8, 1, 0, 0.25%, 3, 0, 2, 9.10, 5341, 163, 2244, 0
600, 25, 1, 8, 1, 0, 0.25%, 3, 0, 2, 8.74, 5385, 163, 2263, 0
605, 26, 6, 8, 1, 0, 0.25%, 3, 0, 2, 7.23, 5422, 163, 2284, 0
610, 26, 1, 8, 1, 0, 0.25%, 3, 0, 2, 8.54, 5475, 163, 2302, 0
615, 26, 7, 8, 1, 0, 0.25%, 3, 0, 2, 8.24, 5518, 163, 2322, 0
620, 26, 7, 8, 1, 0, 0.25%, 3, 0, 2, 10.53, 5577, 163, 2339, 0
626, 27, 7, 8, 1, 0, 0.25%, 3, 0, 2, 9.17, 5621, 163, 2359, 0
631, 27, 7, 8, 1, 0, 0.25%, 3, 0, 2, 7.38, 5662, 163, 2380, 0
636, 27, 1, 8, 1, 0, 0.25%, 3, 0, 2, 6.85, 5698, 163, 2401, 0
641, 27, 7, 8, 1, 0, 0.25%, 3, 0, 2, 10.41, 5752, 163, 2420, 0
646, 27, 7, 8, 1, 0, 0.25%, 3, 0, 2, 8.33, 5792, 163, 2440, 0
652, 28, 7, 8, 1, 0, 0.25%, 3, 0, 2, 7.72, 5836, 163, 2460, 0
657, 28, 1, 8, 1, 0, 0.25%, 3, 0, 2, 6.94, 5876, 163, 2480, 0
662, 28, 7, 8, 1, 0, 0.25%, 3, 0, 2, 6.35, 5909, 163, 2502, 0
667, 28, 6, 8, 1, 0, 0.25%, 3, 0, 2, 9.08, 5959, 163, 2522, 0
672, 29, 7, 8, 1, 0, 0.25%, 3, 0, 2, 7.60, 5999, 163, 2542, 0
677, 29, 7, 8, 1, 0, 0.25%, 3, 0, 2, 8.97, 6050, 163, 2561, 0
683, 29, 1, 8, 1, 0, 0.25%, 3, 0, 2, 7.84, 6090, 163, 2582, 0
688, 29, 1, 8, 1, 0, 0.25%, 3, 0, 2, 7.37, 6129, 163, 2604, 0
693, 29, 1, 8, 1, 0, 0.25%, 3, 0, 2, 7.58, 6172, 163, 2624, 0
698, 30, 6, 8, 1, 0, 0.25%, 3, 0, 2, 8.41, 6213, 163, 2644, 0
703, 30, 7, 8, 1, 0, 0.25%, 3, 0, 2, 8.95, 6264, 163, 2662, 0
708, 30, 1, 8, 1, 0, 0.25%, 3, 0, 2, 7.47, 6303, 163, 2683, 0
714, 30, 1, 8, 1, 0, 0.25%, 3, 0, 2, 8.23, 6351, 163, 2703, 0
719, 30, 6, 8, 1, 0, 0.25%, 3, 0, 2, 7.05, 6386, 163, 2724, 0
724, 31, 6, 8, 1, 0, 0.25%, 3, 0, 2, 7.03, 6424, 163, 2745, 0
729, 31, 7, 8, 1, 0, 0.25%, 3, 0, 2, 6.52, 6459, 163, 2766, 0
734, 31, 6, 8, 1, 0, 0.25%, 3, 0, 2, 9.35, 6516, 163, 2784, 0
739, 31, 6, 8, 1, 0, 0.25%, 3, 0, 2, 8.00, 6556, 163, 2804, 0
744, 31, 1, 8, 1, 0, 0.25%, 3, 0, 2, 7.20, 6594, 163, 2825, 0
749, 32, 7, 8, 1, 0, 0.25%, 3, 0, 2, 8.81, 6650, 163, 2843, 0
755, 32, 1, 8, 1, 0, 0.25%, 3, 0, 2, 7.11, 6690, 163, 2864, 0
760, 32, 7, 8, 1, 0, 0.25%, 3, 0, 2, 6.49, 6724, 163, 2886, 0
765, 32, 1, 8, 1, 0, 0.25%, 3, 0, 2, 6.35, 6761, 163, 2907, 0
770, 32, 1, 8, 1, 0, 0.25%, 3, 0, 2, 7.02, 6797, 163, 2928, 0
775, 33, 1, 8, 1, 0, 0.25%, 3, 0, 2, 6.58, 6831, 163, 2949, 0
780, 33, 1, 8, 1, 0, 0.25%, 3, 0, 2, 8.66, 6884, 163, 2967, 0
785, 33, 7, 8, 1, 0, 0.25%, 3, 0, 2, 8.49, 6929, 163, 2987, 0
791, 33, 1, 8, 1, 0, 0.25%, 3, 0, 2, 9.45, 6983, 163, 3005, 0
796, 34, 1, 8, 1, 0, 0.25%, 3, 0, 2, 7.54, 7023, 163, 3026, 0
801, 34, 1, 8, 1, 0, 0.25%, 3, 0, 2, 6.19, 7055, 163, 3048, 0
806, 34, 6, 8, 1, 0, 0.25%, 3, 0, 2, 7.13, 7100, 163, 3068, 0
811, 34, 6, 8, 1, 0, 0.25%, 3, 0, 2, 7.22, 7138, 163, 3089, 0
816, 34, 7, 8, 1, 0, 0.25%, 3, 0, 2, 8.27, 7188, 163, 3108, 0
822, 35, 7, 8, 1, 0, 0.25%, 3, 0, 2, 6.62, 7219, 163, 3129, 0
827, 35, 6, 8, 1, 0, 0.25%, 3, 0, 2, 6.62, 7254, 163, 3150, 0
832, 35, 6, 8, 1, 0, 0.25%, 3, 0, 2, 6.88, 7291, 163, 3171, 0
837, 35, 6, 8, 1, 0, 0.25%, 3, 0, 2, 9.43, 7343, 163, 3189, 0
842, 35, 7, 8, 1, 0, 0.25%, 3, 0, 2, 10.20, 7396, 163, 3207, 0
847, 36, 7, 8, 1, 0, 0.25%, 3, 0, 2, 6.63, 7424, 163, 3228, 0
852, 36, 6, 8, 1, 0, 0.25%, 3, 0, 2, 8.85, 7474, 163, 3247, 0
857, 36, 7, 8, 1, 0, 0.25%, 3, 0, 2, 7.51, 7510, 163, 3268, 0
862, 36, 7, 8, 1, 0, 0.25%, 3, 0, 2, 6.44, 7542, 163, 3290, 0
867, 36, 1, 8, 1, 0, 0.25%, 3, 0, 2, 7.67, 7586, 163, 3310, 0
873, 37, 1, 8, 1, 0, 0.25%, 3, 0, 2, 8.70, 7637, 163, 3330, 0
878, 37, 1, 8, 1, 0, 0.25%, 3, 0, 2, 8.37, 7683, 163, 3350, 0
883, 37, 6, 8, 1, 0, 0.25%, 3, 0, 2, 8.07, 7724, 163, 3370, 0
888, 37, 1, 8, 1, 0, 0.25%, 3, 0, 2, 6.97, 7763, 163, 3390, 0
893, 37, 6, 8, 1, 0, 0.25%, 3, 0, 2, 6.17, 7794, 163, 3412, 0
897, 38, 6, 8, 1, 0, 0.25%, 3, 0, 2, 8.99, 7837, 163, 3425, 0
