# relative_time, cycles_done, cur_item, corpus_count, pending_total, pending_favs, map_size, saved_crashes, saved_hangs, max_depth, execs_per_sec, total_execs, edges_found, total_crashes, servers_count
61, 10, 0, 5, 0, 0, 0.08%, 0, 0, 1, 23.93, 1449, 54, 0, 0
66, 10, 0, 5, 0, 0, 0.08%, 0, 0, 1, 24.03, 1574, 54, 0, 0
71, 11, 1, 5, 0, 0, 0.08%, 0, 0, 1, 24.01, 1699, 54, 0, 0
76, 12, 0, 5, 0, 0, 0.08%, 0, 0, 1, 23.05, 1814, 54, 0, 0
81, 13, 0, 5, 0, 0, 0.08%, 0, 0, 1, 22.82, 1929, 54, 0, 0
86, 14, 1, 5, 0, 0, 0.08%, 0, 0, 1, 22.70, 2044, 54, 0, 0
91, 15, 0, 5, 0, 0, 0.08%, 0, 0, 1, 22.60, 2159, 54, 0, 0
96, 15, 0, 5, 0, 0, 0.08%, 0, 0, 1, 22.96, 2274, 54, 0, 0
101, 16, 0, 5, 0, 0, 0.08%, 0, 0, 1, 22.97, 2394, 54, 0, 0
106, 17, 1, 5, 0, 0, 0.08%, 0, 0, 1, 23.03, 2509, 54, 0, 0
111, 18, 0, 5, 0, 0, 0.08%, 0, 0, 1, 22.74, 2624, 54, 0, 0
116, 19, 1, 5, 0, 0, 0.08%, 0, 0, 1, 22.96, 2739, 54, 0, 0
122, 20, 0, 5, 0, 0, 0.08%, 0, 0, 1, 23.01, 2859, 54, 0, 0
127, 20, 0, 5, 0, 0, 0.08%, 0, 0, 1, 22.70, 2974, 54, 0, 0
132, 21, 0, 5, 0, 0, 0.08%, 0, 0, 1, 22.67, 3089, 54, 0, 0
137, 22, 1, 5, 0, 0, 0.08%, 0, 0, 1, 22.79, 3204, 54, 0, 0
142, 23, 0, 5, 0, 0, 0.08%, 0, 0, 1, 23.65, 3324, 54, 0, 0
147, 24, 0, 5, 0, 0, 0.08%, 0, 0, 1, 23.96, 3449, 54, 0, 0
152, 25, 0, 5, 0, 0, 0.08%, 0, 0, 1, 23.98, 3569, 54, 0, 0
157, 26, 1, 5, 0, 0, 0.08%, 0, 0, 1, 23.14, 3689, 54, 0, 0
162, 26, 0, 5, 0, 0, 0.08%, 0, 0, 1, 22.81, 3804, 54, 0, 0
167, 27, 0, 5, 0, 0, 0.08%, 0, 0, 1, 22.79, 3919, 54, 0, 0
173, 28, 1, 5, 0, 0, 0.08%, 0, 0, 1, 23.58, 4039, 54, 0, 0
178, 29, 0, 5, 0, 0, 0.08%, 0, 0, 1, 23.01, 4154, 54, 0, 0
183, 30, 0, 5, 0, 0, 0.08%, 0, 0, 1, 22.82, 4269, 54, 0, 0
188, 31, 0, 5, 0, 0, 0.08%, 0, 0, 1, 22.79, 4384, 54, 0, 0
193, 31, 0, 5, 0, 0, 0.08%, 0, 0, 1, 22.76, 4499, 54, 0, 0
198, 32, 0, 5, 0, 0, 0.08%, 0, 0, 1, 22.80, 4614, 54, 0, 0
203, 33, 0, 5, 0, 0, 0.08%, 0, 0, 1, 22.88, 4729, 54, 0, 0
208, 34, 1, 5, 0, 0, 0.08%, 0, 0, 1, 22.93, 4844, 54, 0, 0
213, 35, 0, 5, 0, 0, 0.08%, 0, 0, 1, 22.89, 4959, 54, 0, 0
218, 35, 0, 5, 0, 0, 0.08%, 0, 0, 1, 22.78, 5074, 54, 0, 0
223, 36, 0, 5, 0, 0, 0.08%, 0, 0, 1, 22.64, 5189, 54, 0, 0
228, 37, 1, 5, 0, 0, 0.08%, 0, 0, 1, 22.63, 5304, 54, 0, 0
233, 38, 0, 5, 0, 0, 0.08%, 0, 0, 1, 22.63, 5419, 54, 0, 0
238, 39, 0, 5, 0, 0, 0.08%, 0, 0, 1, 22.64, 5534, 54, 0, 0
243, 40, 1, 5, 0, 0, 0.08%, 0, 0, 1, 23.36, 5654, 54, 0, 0
248, 40, 0, 5, 0, 0, 0.08%, 0, 0, 1, 23.58, 5774, 54, 0, 0
254, 41, 0, 5, 0, 0, 0.08%, 0, 0, 1, 23.45, 5894, 54, 0, 0
259, 42, 0, 5, 0, 0, 0.08%, 0, 0, 1, 23.58, 6014, 54, 0, 0
264, 43, 0, 5, 0, 0, 0.08%, 0, 0, 1, 23.34, 6134, 54, 0, 0
269, 44, 0, 5, 0, 0, 0.08%, 0, 0, 1, 23.79, 6254, 54, 0, 0
274, 45, 0, 5, 0, 0, 0.08%, 0, 0, 1, 23.93, 6379, 54, 0, 0
279, 46, 0, 5, 0, 0, 0.08%, 0, 0, 1, 23.06, 6494, 54, 0, 0
284, 46, 0, 5, 0, 0, 0.08%, 0, 0, 1, 23.63, 6614, 54, 0, 0
289, 47, 0, 5, 0, 0, 0.08%, 0, 0, 1, 22.90, 6729, 54, 0, 0
294, 48, 0, 5, 0, 0, 0.08%, 0, 0, 1, 22.35, 6844, 54, 0, 0
299, 49, 0, 5, 0, 0, 0.08%, 0, 0, 1, 23.05, 6959, 54, 0, 0
304, 50, 0, 5, 0, 0, 0.08%, 0, 0, 1, 22.96, 7074, 54, 0, 0
309, 51, 0, 5, 0, 0, 0.08%, 0, 0, 1, 23.08, 7194, 54, 0, 0
315, 51, 1, 5, 0, 0, 0.08%, 0, 0, 1, 22.43, 7309, 54, 0, 0
320, 52, 1, 5, 0, 0, 0.08%, 0, 0, 1, 22.69, 7424, 54, 0, 0
325, 53, 0, 5, 0, 0, 0.08%, 0, 0, 1, 23.61, 7544, 54, 0, 0
330, 54, 1, 5, 0, 0, 0.08%, 0, 0, 1, 23.08, 7664, 54, 0, 0
335, 55, 0, 5, 0, 0, 0.08%, 0, 0, 1, 22.89, 7779, 54, 0, 0
340, 56, 0, 5, 0, 0, 0.08%, 0, 0, 1, 22.82, 7894, 54, 0, 0
345, 56, 0, 5, 0, 0, 0.08%, 0, 0, 1, 22.74, 8009, 54, 0, 0
350, 57, 0, 5, 0, 0, 0.08%, 0, 0, 1, 22.70, 8124, 54, 0, 0
355, 58, 0, 5, 0, 0, 0.08%, 0, 0, 1, 23.57, 8244, 54, 0, 0
360, 59, 0, 5, 0, 0, 0.08%, 0, 0, 1, 23.77, 8364, 54, 0, 0
365, 60, 1, 5, 0, 0, 0.08%, 0, 0, 1, 23.69, 8484, 54, 0, 0
370, 61, 0, 5, 0, 0, 0.08%, 0, 0, 1, 23.21, 8599, 54, 0, 0
375, 61, 0, 5, 0, 0, 0.08%, 0, 0, 1, 23.71, 8719, 54, 0, 0
380, 62, 0, 5, 0, 0, 0.08%, 0, 0, 1, 24.05, 8844, 54, 0, 0
385, 63, 0, 5, 0, 0, 0.08%, 0, 0, 1, 23.82, 8964, 54, 0, 0
391, 64, 0, 5, 0, 0, 0.08%, 0, 0, 1, 23.31, 9084, 54, 0, 0
396, 65, 0, 5, 0, 0, 0.08%, 0, 0, 1, 23.19, 9204, 54, 0, 0
401, 66, 1, 5, 0, 0, 0.08%, 0, 0, 1, 23.15, 9324, 54, 0, 0
406, 67, 0, 5, 0, 0, 0.08%, 0, 0, 1, 23.59, 9444, 54, 0, 0
411, 68, 0, 5, 0, 0, 0.08%, 0, 0, 1, 23.77, 9564, 54, 0, 0
416, 68, 0, 5, 0, 0, 0.08%, 0, 0, 1, 23.72, 9684, 54, 0, 0
421, 69, 0, 5, 0, 0, 0.08%, 0, 0, 1, 23.33, 9804, 54, 0, 0
426, 70, 0, 5, 0, 0, 0.08%, 0, 0, 1, 22.84, 9919, 54, 0, 0
431, 71, 0, 5, 0, 0, 0.08%, 0, 0, 1, 22.62, 10034, 54, 0, 0
437, 72, 0, 5, 0, 0, 0.08%, 0, 0, 1, 23.35, 10154, 54, 0, 0
442, 73, 0, 5, 0, 0, 0.08%, 0, 0, 1, 23.63, 10274, 54, 0, 0
447, 73, 1, 5, 0, 0, 0.08%, 0, 0, 1, 23.78, 10394, 54, 0, 0
452, 74, 0, 5, 0, 0, 0.08%, 0, 0, 1, 23.79, 10514, 54, 0, 0
457, 75, 0, 5, 0, 0, 0.08%, 0, 0, 1, 23.51, 10634, 54, 0, 0
462, 76, 0, 5, 0, 0, 0.08%, 0, 0, 1, 22.96, 10749, 54, 0, 0
467, 77, 0, 5, 0, 0, 0.08%, 0, 0, 1, 22.96, 10864, 54, 0, 0
472, 78, 0, 5, 0, 0, 0.08%, 0, 0, 1, 22.88, 10979, 54, 0, 0
477, 78, 0, 5, 0, 0, 0.08%, 0, 0, 1, 23.37, 11099, 54, 0, 0
482, 79, 0, 5, 0, 0, 0.08%, 0, 0, 1, 23.55, 11219, 54, 0, 0
487, 80, 0, 5, 0, 0, 0.08%, 0, 0, 1, 23.52, 11339, 54, 0, 0
492, 81, 0, 5, 0, 0, 0.08%, 0, 0, 1, 23.26, 11459, 54, 0, 0
498, 82, 0, 5, 0, 0, 0.08%, 0, 0, 1, 22.72, 11574, 54, 0, 0
503, 83, 1, 5, 0, 0, 0.08%, 0, 0, 1, 22.61, 11689, 54, 0, 0
508, 84, 0, 5, 0, 0, 0.08%, 0, 0, 1, 23.02, 11809, 54, 0, 0
513, 84, 0, 5, 0, 0, 0.08%, 0, 0, 1, 22.89, 11924, 54, 0, 0
518, 85, 0, 5, 0, 0, 0.08%, 0, 0, 1, 22.79, 12039, 54, 0, 0
523, 86, 1, 5, 0, 0, 0.08%, 0, 0, 1, 22.73, 12154, 54, 0, 0
528, 87, 1, 5, 0, 0, 0.08%, 0, 0, 1, 22.68, 12269, 54, 0, 0
533, 88, 0, 5, 0, 0, 0.08%, 0, 0, 1, 23.59, 12389, 54, 0, 0
538, 89, 0, 5, 0, 0, 0.08%, 0, 0, 1, 23.02, 12504, 54, 0, 0
543, 89, 0, 5, 0, 0, 0.08%, 0, 0, 1, 22.85, 12619, 54, 0, 0
548, 90, 0, 5, 0, 0, 0.08%, 0, 0, 1, 22.75, 12734, 54, 0, 0
553, 91, 0, 5, 0, 0, 0.08%, 0, 0, 1, 22.66, 12849, 54, 0, 0
558, 92, 0, 5, 0, 0, 0.08%, 0, 0, 1, 23.36, 12969, 54, 0, 0
564, 93, 0, 5, 0, 0, 0.08%, 0, 0, 1, 23.88, 13094, 54, 0, 0
569, 94, 1, 5, 0, 0, 0.08%, 0, 0, 1, 24.21, 13219, 54, 0, 0
574, 94, 0, 5, 0, 0, 0.08%, 0, 0, 1, 23.55, 13339, 54, 0, 0
579, 95, 0, 5, 0, 0, 0.08%, 0, 0, 1, 23.07, 13454, 54, 0, 0
584, 96, 0, 5, 0, 0, 0.08%, 0, 0, 1, 22.96, 13569, 54, 0, 0
589, 97, 0, 5, 0, 0, 0.08%, 0, 0, 1, 23.68, 13689, 54, 0, 0
594, 98, 0, 5, 0, 0, 0.08%, 0, 0, 1, 23.21, 13809, 54, 0, 0
599, 99, 1, 5, 0, 0, 0.08%, 0, 0, 1, 22.87, 13924, 54, 0, 0
604, 100, 0, 5, 0, 0, 0.08%, 0, 0, 1, 23.10, 14044, 54, 0, 0
609, 100, 0, 5, 0, 0, 0.08%, 0, 0, 1, 23.40, 14164, 54, 0, 0
614, 101, 0, 5, 0, 0, 0.08%, 0, 0, 1, 23.16, 14279, 54, 0, 0
620, 102, 0, 5, 0, 0, 0.08%, 0, 0, 1, 23.07, 14394, 54, 0, 0
625, 103, 0, 5, 0, 0, 0.08%, 0, 0, 1, 22.89, 14509, 54, 0, 0
630, 104, 0, 5, 0, 0, 0.08%, 0, 0, 1, 22.79, 14624, 54, 0, 0
635, 104, 0, 5, 0, 0, 0.08%, 0, 0, 1, 22.88, 14739, 54, 0, 0
640, 105, 0, 5, 0, 0, 0.08%, 0, 0, 1, 22.94, 14859, 54, 0, 0
645, 106, 0, 5, 0, 0, 0.08%, 0, 0, 1, 22.83, 14974, 54, 0, 0
650, 107, 0, 5, 0, 0, 0.08%, 0, 0, 1, 22.93, 15089, 54, 0, 0
655, 108, 0, 5, 0, 0, 0.08%, 0, 0, 1, 22.92, 15204, 54, 0, 0
660, 109, 0, 5, 0, 0, 0.08%, 0, 0, 1, 22.89, 15319, 54, 0, 0
665, 109, 0, 5, 0, 0, 0.08%, 0, 0, 1, 23.34, 15439, 54, 0, 0
670, 110, 0, 5, 0, 0, 0.08%, 0, 0, 1, 23.79, 15559, 54, 0, 0
675, 111, 0, 5, 0, 0, 0.08%, 0, 0, 1, 23.50, 15679, 54, 0, 0
680, 112, 0, 5, 0, 0, 0.08%, 0, 0, 1, 23.83, 15799, 54, 0, 0
685, 113, 0, 5, 0, 0, 0.08%, 0, 0, 1, 23.87, 15919, 54, 0, 0
690, 114, 0, 5, 0, 0, 0.08%, 0, 0, 1, 23.82, 16039, 54, 0, 0
695, 115, 0, 5, 0, 0, 0.08%, 0, 0, 1, 23.77, 16159, 54, 0, 0
700, 115, 0, 5, 0, 0, 0.08%, 0, 0, 1, 23.82, 16279, 54, 0, 0
705, 116, 0, 5, 0, 0, 0.08%, 0, 0, 1, 23.83, 16399, 54, 0, 0
711, 117, 0, 5, 0, 0, 0.08%, 0, 0, 1, 23.59, 16519, 54, 0, 0
716, 118, 0, 5, 0, 0, 0.08%, 0, 0, 1, 22.83, 16634, 54, 0, 0
721, 119, 0, 5, 0, 0, 0.08%, 0, 0, 1, 22.59, 16749, 54, 0, 0
726, 120, 0, 5, 0, 0, 0.08%, 0, 0, 1, 22.06, 16864, 54, 0, 0
731, 120, 0, 5, 0, 0, 0.08%, 0, 0, 1, 22.64, 16979, 54, 0, 0
736, 121, 0, 5, 0, 0, 0.08%, 0, 0, 1, 22.94, 17099, 54, 0, 0
741, 122, 0, 5, 0, 0, 0.08%, 0, 0, 1, 23.03, 17219, 54, 0, 0
746, 123, 0, 5, 0, 0, 0.08%, 0, 0, 1, 23.67, 17339, 54, 0, 0
752, 124, 1, 5, 0, 0, 0.08%, 0, 0, 1, 23.49, 17459, 54, 0, 0
757, 125, 0, 5, 0, 0, 0.08%, 0, 0, 1, 23.67, 17579, 54, 0, 0
762, 126, 0, 5, 0, 0, 0.08%, 0, 0, 1, 23.85, 17699, 54, 0, 0
767, 126, 0, 5, 0, 0, 0.08%, 0, 0, 1, 23.07, 17814, 54, 0, 0
772, 127, 0, 5, 0, 0, 0.08%, 0, 0, 1, 22.80, 17929, 54, 0, 0
777, 128, 0, 5, 0, 0, 0.08%, 0, 0, 1, 22.57, 18044, 54, 0, 0
782, 129, 0, 5, 0, 0, 0.08%, 0, 0, 1, 22.95, 18164, 54, 0, 0
787, 130, 0, 5, 0, 0, 0.08%, 0, 0, 1, 23.45, 18284, 54, 0, 0
792, 131, 0, 5, 0, 0, 0.08%, 0, 0, 1, 23.05, 18399, 54, 0, 0
797, 131, 0, 5, 0, 0, 0.08%, 0, 0, 1, 22.92, 18514, 54, 0, 0
802, 132, 0, 5, 0, 0, 0.08%, 0, 0, 1, 23.23, 18634, 54, 0, 0
808, 133, 0, 5, 0, 0, 0.08%, 0, 0, 1, 23.54, 18754, 54, 0, 0
813, 134, 0, 5, 0, 0, 0.08%, 0, 0, 1, 23.56, 18874, 54, 0, 0
818, 135, 0, 5, 0, 0, 0.08%, 0, 0, 1, 23.10, 18989, 54, 0, 0
823, 136, 0, 5, 0, 0, 0.08%, 0, 0, 1, 22.88, 19104, 54, 0, 0
828, 136, 0, 5, 0, 0, 0.08%, 0, 0, 1, 22.76, 19219, 54, 0, 0
833, 137, 0, 5, 0, 0, 0.08%, 0, 0, 1, 22.61, 19334, 54, 0, 0
838, 138, 0, 5, 0, 0, 0.08%, 0, 0, 1, 22.77, 19449, 54, 0, 0
843, 139, 0, 5, 0, 0, 0.08%, 0, 0, 1, 23.00, 19569, 54, 0, 0
848, 140, 0, 5, 0, 0, 0.08%, 0, 0, 1, 23.16, 19689, 54, 0, 0
853, 141, 0, 5, 0, 0, 0.08%, 0, 0, 1, 22.94, 19809, 54, 0, 0
859, 142, 0, 5, 0, 0, 0.08%, 0, 0, 1, 22.47, 19924, 54, 0, 0
864, 142, 1, 5, 0, 0, 0.08%, 0, 0, 1, 21.50, 20034, 54, 0, 0
869, 143, 0, 5, 0, 0, 0.08%, 0, 0, 1, 23.22, 20154, 54, 0, 0
874, 144, 0, 5, 0, 0, 0.08%, 0, 0, 1, 23.68, 20274, 54, 0, 0
879, 145, 1, 5, 0, 0, 0.08%, 0, 0, 1, 23.60, 20394, 54, 0, 0
884, 146, 0, 5, 0, 0, 0.08%, 0, 0, 1, 23.52, 20514, 54, 0, 0
889, 147, 0, 5, 0, 0, 0.08%, 0, 0, 1, 23.08, 20634, 54, 0, 0
894, 147, 0, 5, 0, 0, 0.08%, 0, 0, 1, 23.02, 20749, 54, 0, 0
897, 148, 0, 5, 0, 0, 0.08%, 0, 0, 1, 22.95, 20808, 54, 0, 0
