# relative_time, cycles_done, cur_item, corpus_count, pending_total, pending_favs, map_size, saved_crashes, saved_hangs, max_depth, execs_per_sec, total_execs, edges_found, total_crashes, servers_count
61, 1, 1, 5, 0, 0, 0.02%, 1, 0, 1, 8.50, 513, 12, 263, 0
66, 1, 1, 5, 0, 0, 0.02%, 1, 0, 1, 8.37, 559, 12, 285, 0
71, 1, 1, 5, 0, 0, 0.02%, 1, 0, 1, 7.00, 593, 12, 308, 0
76, 1, 1, 5, 0, 0, 0.02%, 1, 0, 1, 6.58, 629, 12, 331, 0
81, 1, 1, 5, 0, 0, 0.02%, 1, 0, 1, 9.02, 683, 12, 352, 0
87, 1, 1, 5, 0, 0, 0.02%, 1, 0, 1, 7.44, 719, 12, 375, 0
92, 2, 1, 5, 0, 0, 0.02%, 1, 0, 1, 7.47, 763, 12, 397, 0
97, 2, 1, 5, 0, 0, 0.02%, 1, 0, 1, 7.44, 803, 12, 419, 0
102, 2, 1, 5, 0, 0, 0.02%, 1, 0, 1, 7.35, 841, 12, 441, 0
107, 2, 1, 5, 0, 0, 0.02%, 1, 0, 1, 6.70, 875, 12, 464, 0
112, 2, 1, 5, 0, 0, 0.02%, 1, 0, 1, 10.18, 934, 12, 484, 0
117, 2, 1, 5, 0, 0, 0.02%, 1, 0, 1, 11.91, 1003, 12, 504, 0
122, 2, 1, 5, 0, 0, 0.02%, 1, 0, 1, 7.34, 1038, 12, 527, 0
127, 2, 1, 5, 0, 0, 0.02%, 1, 0, 1, 5.82, 1067, 12, 550, 0
132, 3, 1, 5, 0, 0, 0.02%, 1, 0, 1, 6.59, 1103, 12, 572, 0
137, 3, 1, 5, 0, 0, 0.02%, 1, 0, 1, 5.98, 1134, 12, 594, 0
143, 3, 1, 5, 0, 0, 0.02%, 1, 0, 1, 7.94, 1180, 12, 615, 0
148, 3, 1, 5, 0, 0, 0.02%, 1, 0, 1, 8.53, 1226, 12, 636, 0
153, 3, 1, 5, 0, 0, 0.02%, 1, 0, 1, 9.77, 1282, 12, 657, 0
158, 3, 1, 5, 0, 0, 0.02%, 1, 0, 1, 8.18, 1322, 12, 679, 0
163, 3, 1, 5, 0, 0, 0.02%, 1, 0, 1, 6.98, 1360, 12, 701, 0
168, 3, 1, 5, 0, 0, 0.02%, 1, 0, 1, 7.61, 1400, 12, 723, 0
174, 4, 1, 5, 0, 0, 0.02%, 1, 0, 1, 7.04, 1439, 12, 745, 0
179, 4, 1, 5, 0, 0, 0.02%, 1, 0, 1, 7.64, 1482, 12, 766, 0
184, 4, 1, 5, 0, 0, 0.02%, 1, 0, 1, 8.93, 1541, 12, 786, 0
189, 4, 1, 5, 0, 0, 0.02%, 1, 0, 1, 8.06, 1583, 12, 808, 0
194, 4, 1, 5, 0, 0, 0.02%, 1, 0, 1, 6.57, 1615, 12, 831, 0
199, 4, 1, 5, 0, 0, 0.02%, 1, 0, 1, 6.35, 1646, 12, 854, 0
204, 4, 1, 5, 0, 0, 0.02%, 1, 0, 1, 7.05, 1686, 12, 876, 0
210, 4, 1, 5, 0, 0, 0.02%, 1, 0, 1, 6.06, 1717, 12, 899, 0
215, 4, 1, 5, 0, 0, 0.02%, 1, 0, 1, 8.17, 1765, 12, 922, 0
220, 5, 1, 5, 0, 0, 0.02%, 1, 0, 1, 8.39, 1816, 12, 944, 0
225, 5, 1, 5, 0, 0, 0.02%, 1, 0, 1, 8.26, 1865, 12, 966, 0
230, 5, 1, 5, 0, 0, 0.02%, 1, 0, 1, 6.70, 1899, 12, 989, 0
235, 5, 1, 5, 0, 0, 0.02%, 1, 0, 1, 6.30, 1929, 12, 1012, 0
241, 5, 1, 5, 0, 0, 0.02%, 1, 0, 1, 8.19, 1980, 12, 1033, 0
246, 5, 1, 5, 0, 0, 0.02%, 1, 0, 1, 6.10, 2010, 12, 1056, 0
251, 5, 1, 5, 0, 0, 0.02%, 1, 0, 1, 6.09, 2042, 12, 1079, 0
256, 5, 1, 5, 0, 0, 0.02%, 1, 0, 1, 6.12, 2075, 12, 1102, 0
261, 5, 1, 5, 0, 0, 0.02%, 1, 0, 1, 6.45, 2112, 12, 1124, 0
266, 6, 1, 5, 0, 0, 0.02%, 1, 0, 1, 10.06, 2170, 12, 1144, 0
271, 6, 1, 5, 0, 0, 0.02%, 1, 0, 1, 6.69, 2198, 12, 1166, 0
277, 6, 1, 5, 0, 0, 0.02%, 1, 0, 1, 5.57, 2226, 12, 1189, 0
282, 6, 1, 5, 0, 0, 0.02%, 1, 0, 1, 5.69, 2254, 12, 1212, 0
287, 6, 1, 5, 0, 0, 0.02%, 1, 0, 1, 6.34, 2286, 12, 1235, 0
292, 6, 1, 5, 0, 0, 0.02%, 1, 0, 1, 6.19, 2319, 12, 1258, 0
297, 6, 1, 5, 0, 0, 0.02%, 1, 0, 1, 6.51, 2355, 12, 1280, 0
302, 6, 1, 5, 0, 0, 0.02%, 1, 0, 1, 6.08, 2386, 12, 1303, 0
307, 6, 1, 5, 0, 0, 0.02%, 1, 0, 1, 5.57, 2416, 12, 1325, 0
312, 6, 1, 5, 0, 0, 0.02%, 1, 0, 1, 5.70, 2446, 12, 1347, 0
317, 6, 1, 5, 0, 0, 0.02%, 1, 0, 1, 6.63, 2481, 12, 1369, 0
322, 7, 1, 5, 0, 0, 0.02%, 1, 0, 1, 6.01, 2513, 12, 1391, 0
327, 7, 1, 5, 0, 0, 0.02%, 1, 0, 1, 7.51, 2555, 12, 1412, 0
332, 7, 1, 5, 0, 0, 0.02%, 1, 0, 1, 9.32, 2606, 12, 1432, 0
338, 7, 1, 5, 0, 0, 0.02%, 1, 0, 1, 8.63, 2656, 12, 1454, 0
343, 7, 1, 5, 0, 0, 0.02%, 1, 0, 1, 6.34, 2685, 12, 1477, 0
348, 7, 1, 5, 0, 0, 0.02%, 1, 0, 1, 6.09, 2716, 12, 1499, 0
353, 7, 1, 5, 0, 0, 0.02%, 1, 0, 1, 5.32, 2744, 12, 1521, 0
358, 7, 1, 5, 0, 0, 0.02%, 1, 0, 1, 5.34, 2773, 12, 1544, 0
363, 7, 1, 5, 0, 0, 0.02%, 1, 0, 1, 6.03, 2807, 12, 1567, 0
368, 8, 1, 5, 0, 0, 0.02%, 1, 0, 1, 6.62, 2844, 12, 1590, 0
373, 8, 1, 5, 0, 0, 0.02%, 1, 0, 1, 6.18, 2875, 12, 1613, 0
378, 8, 1, 5, 0, 0, 0.02%, 1, 0, 1, 5.50, 2902, 12, 1636, 0
383, 8, 1, 5, 0, 0, 0.02%, 1, 0, 1, 5.24, 2928, 12, 1659, 0
389, 8, 1, 5, 0, 0, 0.02%, 1, 0, 1, 6.05, 2960, 12, 1682, 0
394, 8, 1, 5, 0, 0, 0.02%, 1, 0, 1, 7.81, 3002, 12, 1704, 0
399, 8, 1, 5, 0, 0, 0.02%, 1, 0, 1, 7.28, 3042, 12, 1726, 0
404, 8, 1, 5, 0, 0, 0.02%, 1, 0, 1, 5.96, 3072, 12, 1749, 0
409, 8, 1, 5, 0, 0, 0.02%, 1, 0, 1, 7.50, 3114, 12, 1771, 0
414, 8, 1, 5, 0, 0, 0.02%, 1, 0, 1, 7.82, 3154, 12, 1793, 0
419, 9, 1, 5, 0, 0, 0.02%, 1, 0, 1, 7.64, 3202, 12, 1814, 0
425, 9, 1, 5, 0, 0, 0.02%, 1, 0, 1, 7.02, 3240, 12, 1836, 0
430, 9, 1, 5, 0, 0, 0.02%, 1, 0, 1, 5.93, 3270, 12, 1859, 0
435, 9, 1, 5, 0, 0, 0.02%, 1, 0, 1, 6.37, 3303, 12, 1881, 0
440, 9, 1, 5, 0, 0, 0.02%, 1, 0, 1, 6.04, 3333, 12, 1904, 0
445, 9, 1, 5, 0, 0, 0.02%, 1, 0, 1, 6.12, 3366, 12, 1927, 0
450, 9, 1, 5, 0, 0, 0.02%, 1, 0, 1, 5.91, 3397, 12, 1950, 0
456, 9, 1, 5, 0, 0, 0.02%, 1, 0, 1, 6.05, 3429, 12, 1973, 0
461, 9, 1, 5, 0, 0, 0.02%, 1, 0, 1, 5.26, 3455, 12, 1996, 0
466, 9, 1, 5, 0, 0, 0.02%, 1, 0, 1, 51.89, 3501, 12, 2017, 0
471, 10, 1, 5, 0, 0, 0.02%, 1, 0, 1, 9.76, 3562, 12, 2036, 0
476, 10, 1, 5, 0, 0, 0.02%, 1, 0, 1, 7.71, 3599, 12, 2058, 0
481, 10, 1, 5, 0, 0, 0.02%, 1, 0, 1, 5.76, 3626, 12, 2082, 0
486, 10, 1, 5, 0, 0, 0.02%, 1, 0, 1, 6.63, 3664, 12, 2105, 0
491, 10, 1, 5, 0, 0, 0.02%, 1, 0, 1, 6.79, 3701, 12, 2127, 0
496, 10, 1, 5, 0, 0, 0.02%, 1, 0, 1, 5.81, 3733, 12, 2149, 0
501, 10, 1, 5, 0, 0, 0.02%, 1, 0, 1, 5.27, 3760, 12, 2172, 0
507, 10, 1, 5, 0, 0, 0.02%, 1, 0, 1, 6.12, 3791, 12, 2195, 0
512, 10, 1, 5, 0, 0, 0.02%, 1, 0, 1, 6.04, 3823, 12, 2218, 0
517, 10, 1, 5, 0, 0, 0.02%, 1, 0, 1, 8.75, 3872, 12, 2239, 0
522, 11, 1, 5, 0, 0, 0.02%, 1, 0, 1, 7.06, 3906, 12, 2262, 0
527, 11, 1, 5, 0, 0, 0.02%, 1, 0, 1, 5.54, 3933, 12, 2285, 0
532, 11, 1, 5, 0, 0, 0.02%, 1, 0, 1, 6.72, 3970, 12, 2307, 0
537, 11, 1, 5, 0, 0, 0.02%, 1, 0, 1, 5.63, 3999, 12, 2331, 0
542, 11, 1, 5, 0, 0, 0.02%, 1, 0, 1, 6.63, 4037, 12, 2354, 0
547, 11, 1, 5, 0, 0, 0.02%, 1, 0, 1, 7.33, 4076, 12, 2376, 0
552, 11, 1, 5, 0, 0, 0.02%, 1, 0, 1, 6.05, 4105, 12, 2399, 0
558, 11, 1, 5, 0, 0, 0.02%, 1, 0, 1, 8.62, 4154, 12, 2421, 0
563, 11, 1, 5, 0, 0, 0.02%, 1, 0, 1, 7.90, 4202, 12, 2443, 0
568, 11, 1, 5, 0, 0, 0.02%, 1, 0, 1, 6.15, 4231, 12, 2466, 0
573, 12, 1, 5, 0, 0, 0.02%, 1, 0, 1, 6.79, 4271, 12, 2489, 0
578, 12, 1, 5, 0, 0, 0.02%, 1, 0, 1, 10.59, 4334, 12, 2510, 0
583, 12, 1, 5, 0, 0, 0.02%, 1, 0, 1, 6.07, 4359, 12, 2534, 0
588, 12, 1, 5, 0, 0, 0.02%, 1, 0, 1, 6.58, 4392, 12, 2557, 0
593, 12, 1, 5, 0, 0, 0.02%, 1, 0, 1, 7.15, 4430, 12, 2579, 0
599, 12, 1, 5, 0, 0, 0.02%, 1, 0, 1, 7.25, 4469, 12, 2602, 0
604, 12, 1, 5, 0, 0, 0.02%, 1, 0, 1, 6.28, 4504, 12, 2625, 0
609, 12, 1, 5, 0, 0, 0.02%, 1, 0, 1, 5.47, 4531, 12, 2649, 0
614, 13, 1, 5, 0, 0, 0.02%, 1, 0, 1, 8.86, 4588, 12, 2670, 0
619, 13, 1, 5, 0, 0, 0.02%, 1, 0, 1, 7.26, 4623, 12, 2692, 0
624, 13, 1, 5, 0, 0, 0.02%, 1, 0, 1, 6.49, 4655, 12, 2714, 0
630, 13, 1, 5, 0, 0, 0.02%, 1, 0, 1, 5.63, 4684, 12, 2737, 0
635, 13, 1, 5, 0, 0, 0.02%, 1, 0, 1, 5.90, 4718, 12, 2759, 0
640, 13, 1, 5, 0, 0, 0.02%, 1, 0, 1, 7.63, 4771, 12, 2779, 0
645, 13, 1, 5, 0, 0, 0.02%, 1, 0, 1, 6.56, 4803, 12, 2801, 0
650, 13, 1, 5, 0, 0, 0.02%, 1, 0, 1, 6.70, 4839, 12, 2824, 0
655, 13, 1, 5, 0, 0, 0.02%, 1, 0, 1, 6.96, 4871, 12, 2843, 0
660, 13, 1, 5, 0, 0, 0.02%, 1, 0, 1, 9.42, 4928, 12, 2864, 0
665, 14, 1, 5, 0, 0, 0.02%, 1, 0, 1, 6.86, 4962, 12, 2887, 0
671, 14, 1, 5, 0, 0, 0.02%, 1, 0, 1, 6.55, 4999, 12, 2910, 0
676, 14, 1, 5, 0, 0, 0.02%, 1, 0, 1, 6.70, 5037, 12, 2933, 0
681, 14, 1, 5, 0, 0, 0.02%, 1, 0, 1, 5.36, 5101, 12, 2953, 0
686, 14, 1, 5, 0, 0, 0.02%, 1, 0, 1, 7.64, 5151, 12, 2974, 0
691, 14, 1, 5, 0, 0, 0.02%, 1, 0, 1, 6.46, 5185, 12, 2997, 0
696, 14, 1, 5, 0, 0, 0.02%, 1, 0, 1, 7.00, 5223, 12, 3020, 0
701, 14, 1, 5, 0, 0, 0.02%, 1, 0, 1, 7.48, 5261, 12, 3043, 0
707, 15, 1, 5, 0, 0, 0.02%, 1, 0, 1, 5.84, 5289, 12, 3066, 0
712, 15, 1, 5, 0, 0, 0.02%, 1, 0, 1, 5.50, 5317, 12, 3089, 0
717, 15, 1, 5, 0, 0, 0.02%, 1, 0, 1, 6.12, 5350, 12, 3112, 0
722, 15, 1, 5, 0, 0, 0.02%, 1, 0, 1, 5.96, 5380, 12, 3135, 0
727, 15, 1, 5, 0, 0, 0.02%, 1, 0, 1, 6.45, 5415, 12, 3157, 0
732, 15, 1, 5, 0, 0, 0.02%, 1, 0, 1, 6.33, 5449, 12, 3179, 0
737, 15, 1, 5, 0, 0, 0.02%, 1, 0, 1, 8.22, 5493, 12, 3201, 0
742, 15, 1, 5, 0, 0, 0.02%, 1, 0, 1, 9.50, 5544, 12, 3222, 0
747, 15, 1, 5, 0, 0, 0.02%, 1, 0, 1, 7.89, 5582, 12, 3244, 0
752, 15, 1, 5, 0, 0, 0.02%, 1, 0, 1, 7.36, 5619, 12, 3266, 0
758, 16, 1, 5, 0, 0, 0.02%, 1, 0, 1, 6.02, 5649, 12, 3289, 0
763, 16, 1, 5, 0, 0, 0.02%, 1, 0, 1, 7.22, 5688, 12, 3311, 0
768, 16, 1, 5, 0, 0, 0.02%, 1, 0, 1, 5.26, 5739, 12, 3331, 0
773, 16, 1, 5, 0, 0, 0.02%, 1, 0, 1, 5.90, 5772, 12, 3354, 0
778, 16, 1, 5, 0, 0, 0.02%, 1, 0, 1, 6.47, 5806, 12, 3377, 0
783, 16, 1, 5, 0, 0, 0.02%, 1, 0, 1, 6.51, 5839, 12, 3400, 0
788, 16, 1, 5, 0, 0, 0.02%, 1, 0, 1, 8.46, 5891, 12, 3421, 0
793, 16, 1, 5, 0, 0, 0.02%, 1, 0, 1, 7.31, 5928, 12, 3443, 0
798, 16, 1, 5, 0, 0, 0.02%, 1, 0, 1, 7.47, 5966, 12, 3465, 0
803, 17, 1, 5, 0, 0, 0.02%, 1, 0, 1, 8.30, 6009, 12, 3486, 0
808, 17, 1, 5, 0, 0, 0.02%, 1, 0, 1, 6.61, 6042, 12, 3509, 0
814, 17, 1, 5, 0, 0, 0.02%, 1, 0, 1, 7.32, 6079, 12, 3531, 0
819, 17, 1, 5, 0, 0, 0.02%, 1, 0, 1, 8.08, 6125, 12, 3553, 0
824, 17, 1, 5, 0, 0, 0.02%, 1, 0, 1, 9.94, 6182, 12, 3574, 0
829, 17, 1, 5, 0, 0, 0.02%, 1, 0, 1, 7.93, 6222, 12, 3597, 0
834, 17, 1, 5, 0, 0, 0.02%, 1, 0, 1, 7.27, 6262, 12, 3619, 0
839, 17, 1, 5, 0, 0, 0.02%, 1, 0, 1, 5.84, 6290, 12, 3642, 0
844, 18, 1, 5, 0, 0, 0.02%, 1, 0, 1, 7.69, 6333, 12, 3664, 0
849, 18, 1, 5, 0, 0, 0.02%, 1, 0, 1, 6.64, 6367, 12, 3687, 0
854, 18, 1, 5, 0, 0, 0.02%, 1, 0, 1, 7.35, 6403, 12, 3709, 0
859, 18, 1, 5, 0, 0, 0.02%, 1, 0, 1, 7.94, 6447, 12, 3731, 0
865, 18, 1, 5, 0, 0, 0.02%, 1, 0, 1, 7.53, 6485, 12, 3754, 0
870, 18, 1, 5, 0, 0, 0.02%, 1, 0, 1, 6.69, 6519, 12, 3777, 0
875, 18, 1, 5, 0, 0, 0.02%, 1, 0, 1, 6.55, 6552, 12, 3800, 0
880, 18, 1, 5, 0, 0, 0.02%, 1, 0, 1, 6.04, 6585, 12, 3823, 0
885, 18, 1, 5, 0, 0, 0.02%, 1, 0, 1, 5.87, 6615, 12, 3846, 0
890, 18, 1, 5, 0, 0, 0.02%, 1, 0, 1, 6.73, 6649, 12, 3869, 0
895, 19, 1, 5, 0, 0, 0.02%, 1, 0, 1, 6.92, 6686, 12, 3892, 0
898, 19, 1, 5, 0, 0, 0.02%, 1, 0, 1, 5.98, 6697, 12, 3902, 0
