# relative_time, cycles_done, cur_item, corpus_count, pending_total, pending_favs, map_size, saved_crashes, saved_hangs, max_depth, execs_per_sec, total_execs, edges_found, total_crashes, servers_count
61, 3, 1, 5, 0, 0, 0.24%, 1, 0, 1, 10.77, 582, 157, 234, 0
67, 4, 1, 5, 0, 0, 0.24%, 1, 0, 1, 8.46, 623, 157, 254, 0
72, 4, 1, 5, 0, 0, 0.24%, 1, 0, 1, 6.98, 656, 157, 276, 0
77, 4, 1, 5, 0, 0, 0.24%, 1, 0, 1, 7.48, 693, 157, 297, 0
82, 5, 1, 5, 0, 0, 0.24%, 1, 0, 1, 7.92, 739, 157, 317, 0
87, 5, 1, 5, 0, 0, 0.24%, 1, 0, 1, 8.45, 782, 157, 337, 0
92, 5, 1, 5, 0, 0, 0.24%, 1, 0, 1, 8.71, 834, 157, 355, 0
97, 5, 1, 5, 0, 0, 0.24%, 1, 0, 1, 7.03, 867, 157, 377, 0
102, 6, 1, 5, 0, 0, 0.24%, 1, 0, 1, 6.08, 897, 157, 399, 0
108, 6, 1, 5, 0, 0, 0.24%, 1, 0, 1, 7.52, 941, 157, 419, 0
113, 6, 1, 5, 0, 0, 0.24%, 1, 0, 1, 7.31, 978, 157, 440, 0
118, 7, 1, 5, 0, 0, 0.24%, 1, 0, 1, 9.13, 1027, 157, 459, 0
123, 7, 1, 5, 0, 0, 0.24%, 1, 0, 1, 6.63, 1057, 157, 481, 0
128, 7, 1, 5, 0, 0, 0.24%, 1, 0, 1, 6.85, 1095, 157, 502, 0
133, 7, 1, 5, 0, 0, 0.24%, 1, 0, 1, 8.72, 1146, 157, 521, 0
138, 8, 1, 5, 0, 0, 0.24%, 1, 0, 1, 6.81, 1179, 157, 543, 0
144, 8, 1, 5, 0, 0, 0.24%, 1, 0, 1, 7.13, 1219, 157, 564, 0
149, 8, 1, 5, 0, 0, 0.24%, 1, 0, 1, 8.33, 1270, 157, 583, 0
154, 9, 1, 5, 0, 0, 0.24%, 1, 0, 1, 6.98, 1305, 157, 605, 0
159, 9, 1, 5, 0, 0, 0.24%, 1, 0, 1, 8.19, 1351, 157, 624, 0
164, 9, 1, 5, 0, 0, 0.24%, 1, 0, 1, 10.28, 1408, 157, 641, 0
169, 10, 1, 5, 0, 0, 0.24%, 1, 0, 1, 10.56, 1455, 157, 659, 0
174, 10, 1, 5, 0, 0, 0.24%, 1, 0, 1, 8.91, 1500, 157, 678, 0
179, 10, 1, 5, 0, 0, 0.24%, 1, 0, 1, 7.62, 1535, 157, 699, 0
185, 11, 1, 5, 0, 0, 0.24%, 1, 0, 1, 7.26, 1573, 157, 720, 0
190, 11, 1, 5, 0, 0, 0.24%, 1, 0, 1, 7.39, 1613, 157, 740, 0
195, 11, 1, 5, 0, 0, 0.24%, 1, 0, 1, 9.61, 1669, 157, 758, 0
200, 11, 1, 5, 0, 0, 0.24%, 1, 0, 1, 8.34, 1709, 157, 778, 0
205, 12, 1, 5, 0, 0, 0.24%, 1, 0, 1, 8.28, 1751, 157, 798, 0
210, 12, 1, 5, 0, 0, 0.24%, 1, 0, 1, 7.39, 1789, 157, 819, 0
215, 12, 1, 5, 0, 0, 0.24%, 1, 0, 1, 6.48, 1825, 157, 840, 0
220, 13, 1, 5, 0, 0, 0.24%, 1, 0, 1, 7.40, 1869, 157, 860, 0
225, 13, 1, 5, 0, 0, 0.24%, 1, 0, 1, 8.27, 1915, 157, 879, 0
231, 13, 1, 5, 0, 0, 0.24%, 1, 0, 1, 6.57, 1947, 157, 901, 0
236, 14, 1, 5, 0, 0, 0.24%, 1, 0, 1, 8.30, 1998, 157, 919, 0
241, 14, 1, 5, 0, 0, 0.24%, 1, 0, 1, 7.89, 2044, 157, 938, 0
246, 14, 1, 5, 0, 0, 0.24%, 1, 0, 1, 7.16, 2082, 157, 959, 0
251, 14, 1, 5, 0, 0, 0.24%, 1, 0, 1, 8.74, 2131, 157, 978, 0
256, 15, 1, 5, 0, 0, 0.24%, 1, 0, 1, 7.88, 2172, 157, 998, 0
261, 15, 1, 5, 0, 0, 0.24%, 1, 0, 1, 9.15, 2229, 157, 1015, 0
266, 16, 1, 5, 0, 0, 0.24%, 1, 0, 1, 9.27, 2272, 157, 1034, 0
271, 16, 1, 5, 0, 0, 0.24%, 1, 0, 1, 7.68, 2307, 157, 1054, 0
276, 16, 1, 5, 0, 0, 0.24%, 1, 0, 1, 7.19, 2345, 157, 1075, 0
282, 16, 1, 5, 0, 0, 0.24%, 1, 0, 1, 6.37, 2379, 157, 1097, 0
287, 17, 1, 5, 0, 0, 0.24%, 1, 0, 1, 6.04, 2414, 157, 1118, 0
292, 17, 1, 5, 0, 0, 0.24%, 1, 0, 1, 6.01, 2443, 157, 1140, 0
297, 17, 1, 5, 0, 0, 0.24%, 1, 0, 1, 7.93, 2483, 157, 1160, 0
302, 17, 1, 5, 0, 0, 0.24%, 1, 0, 1, 8.59, 2525, 157, 1180, 0
307, 18, 1, 5, 0, 0, 0.24%, 1, 0, 1, 6.28, 2557, 157, 1203, 0
312, 18, 1, 5, 0, 0, 0.24%, 1, 0, 1, 7.35, 2598, 157, 1223, 0
317, 18, 1, 5, 0, 0, 0.24%, 1, 0, 1, 9.07, 2651, 157, 1241, 0
322, 18, 1, 5, 0, 0, 0.24%, 1, 0, 1, 7.23, 2684, 157, 1263, 0
328, 19, 1, 5, 0, 0, 0.24%, 1, 0, 1, 7.07, 2722, 157, 1284, 0
333, 19, 1, 5, 0, 0, 0.24%, 1, 0, 1, 6.92, 2759, 157, 1305, 0
338, 19, 1, 5, 0, 0, 0.24%, 1, 0, 1, 7.13, 2800, 157, 1325, 0
343, 20, 1, 5, 0, 0, 0.24%, 1, 0, 1, 8.76, 2846, 157, 1344, 0
348, 20, 1, 5, 0, 0, 0.24%, 1, 0, 1, 9.48, 2896, 157, 1363, 0
353, 20, 1, 5, 0, 0, 0.24%, 1, 0, 1, 9.66, 2948, 157, 1381, 0
358, 21, 1, 5, 0, 0, 0.24%, 1, 0, 1, 8.78, 2998, 157, 1400, 0
363, 21, 1, 5, 0, 0, 0.24%, 1, 0, 1, 7.08, 3032, 157, 1422, 0
369, 21, 1, 5, 0, 0, 0.24%, 1, 0, 1, 6.97, 3070, 157, 1443, 0
374, 21, 1, 5, 0, 0, 0.24%, 1, 0, 1, 7.54, 3108, 157, 1463, 0
379, 22, 1, 5, 0, 0, 0.24%, 1, 0, 1, 6.98, 3144, 157, 1484, 0
384, 22, 1, 5, 0, 0, 0.24%, 1, 0, 1, 6.77, 3178, 157, 1505, 0
389, 22, 1, 5, 0, 0, 0.24%, 1, 0, 1, 9.13, 3230, 157, 1523, 0
394, 23, 1, 5, 0, 0, 0.24%, 1, 0, 1, 8.71, 3278, 157, 1542, 0
399, 23, 1, 5, 0, 0, 0.24%, 1, 0, 1, 7.38, 3315, 157, 1563, 0
404, 23, 1, 5, 0, 0, 0.24%, 1, 0, 1, 7.24, 3355, 157, 1583, 0
409, 23, 1, 5, 0, 0, 0.24%, 1, 0, 1, 5.65, 3382, 157, 1605, 0
414, 24, 1, 5, 0, 0, 0.24%, 1, 0, 1, 6.27, 3417, 157, 1626, 0
419, 24, 1, 5, 0, 0, 0.24%, 1, 0, 1, 7.78, 3466, 157, 1645, 0
424, 24, 1, 5, 0, 0, 0.24%, 1, 0, 1, 7.42, 3506, 157, 1665, 0
429, 25, 1, 5, 0, 0, 0.24%, 1, 0, 1, 6.76, 3538, 157, 1686, 0
435, 25, 1, 5, 0, 0, 0.24%, 1, 0, 1, 6.23, 3572, 157, 1707, 0
440, 25, 1, 5, 0, 0, 0.24%, 1, 0, 1, 6.37, 3610, 157, 1727, 0
445, 25, 1, 5, 0, 0, 0.24%, 1, 0, 1, 10.06, 3667, 157, 1744, 0
450, 26, 1, 5, 0, 0, 0.24%, 1, 0, 1, 7.80, 3708, 157, 1765, 0
455, 26, 1, 5, 0, 0, 0.24%, 1, 0, 1, 6.10, 3738, 157, 1787, 0
460, 26, 1, 5, 0, 0, 0.24%, 1, 0, 1, 5.91, 3769, 157, 1808, 0
465, 27, 1, 5, 0, 0, 0.24%, 1, 0, 1, 8.58, 3823, 157, 1826, 0
470, 27, 1, 5, 0, 0, 0.24%, 1, 0, 1, 6.89, 3859, 157, 1847, 0
476, 27, 1, 5, 0, 0, 0.24%, 1, 0, 1, 7.35, 3899, 157, 1868, 0
481, 27, 1, 5, 0, 0, 0.24%, 1, 0, 1, 7.10, 3942, 157, 1888, 0
486, 28, 1, 5, 0, 0, 0.24%, 1, 0, 1, 6.24, 3973, 157, 1910, 0
491, 28, 1, 5, 0, 0, 0.24%, 1, 0, 1, 7.52, 4013, 157, 1931, 0
496, 28, 1, 5, 0, 0, 0.24%, 1, 0, 1, 7.85, 4060, 157, 1950, 0
501, 29, 1, 5, 0, 0, 0.24%, 1, 0, 1, 8.12, 4103, 157, 1970, 0
506, 29, 1, 5, 0, 0, 0.24%, 1, 0, 1, 7.20, 4146, 157, 1990, 0
512, 29, 1, 5, 0, 0, 0.24%, 1, 0, 1, 7.24, 4182, 157, 2011, 0
517, 29, 1, 5, 0, 0, 0.24%, 1, 0, 1, 9.53, 4228, 157, 2030, 0
522, 30, 1, 5, 0, 0, 0.24%, 1, 0, 1, 9.88, 4277, 157, 2049, 0
527, 30, 1, 5, 0, 0, 0.24%, 1, 0, 1, 11.66, 4337, 157, 2066, 0
532, 30, 1, 5, 0, 0, 0.24%, 1, 0, 1, 7.51, 4370, 157, 2087, 0
537, 31, 1, 5, 0, 0, 0.24%, 1, 0, 1, 9.35, 4428, 157, 2105, 0
542, 31, 1, 5, 0, 0, 0.24%, 1, 0, 1, 9.84, 4482, 157, 2122, 0
547, 32, 1, 5, 0, 0, 0.24%, 1, 0, 1, 7.78, 4520, 157, 2142, 0
553, 32, 1, 5, 0, 0, 0.24%, 1, 0, 1, 8.61, 4570, 157, 2161, 0
558, 32, 1, 5, 0, 0, 0.24%, 1, 0, 1, 6.89, 4609, 157, 2182, 0
563, 33, 1, 5, 0, 0, 0.24%, 1, 0, 1, 8.49, 4652, 157, 2202, 0
568, 33, 1, 5, 0, 0, 0.24%, 1, 0, 1, 7.24, 4688, 157, 2223, 0
573, 33, 1, 5, 0, 0, 0.24%, 1, 0, 1, 8.93, 4736, 157, 2241, 0
578, 34, 1, 5, 0, 0, 0.24%, 1, 0, 1, 9.82, 4792, 157, 2258, 0
583, 34, 1, 5, 0, 0, 0.24%, 1, 0, 1, 7.31, 4826, 157, 2279, 0
588, 34, 1, 5, 0, 0, 0.24%, 1, 0, 1, 8.62, 4877, 157, 2297, 0
593, 34, 1, 5, 0, 0, 0.24%, 1, 0, 1, 7.81, 4919, 157, 2317, 0
598, 35, 1, 5, 0, 0, 0.24%, 1, 0, 1, 9.29, 4968, 157, 2335, 0
603, 35, 1, 5, 0, 0, 0.24%, 1, 0, 1, 9.48, 5026, 157, 2353, 0
609, 35, 1, 5, 0, 0, 0.24%, 1, 0, 1, 8.68, 5067, 157, 2374, 0
614, 36, 1, 5, 0, 0, 0.24%, 1, 0, 1, 6.69, 5101, 157, 2396, 0
619, 36, 1, 5, 0, 0, 0.24%, 1, 0, 1, 5.34, 5147, 157, 2415, 0
624, 36, 1, 5, 0, 0, 0.24%, 1, 0, 1, 5.78, 5183, 157, 2436, 0
629, 37, 1, 5, 0, 0, 0.24%, 1, 0, 1, 6.37, 5219, 157, 2457, 0
634, 37, 1, 5, 0, 0, 0.24%, 1, 0, 1, 6.88, 5259, 157, 2477, 0
639, 37, 1, 5, 0, 0, 0.24%, 1, 0, 1, 8.81, 5311, 157, 2496, 0
645, 38, 1, 5, 0, 0, 0.24%, 1, 0, 1, 8.78, 5361, 157, 2515, 0
650, 38, 1, 5, 0, 0, 0.24%, 1, 0, 1, 8.05, 5403, 157, 2535, 0
655, 38, 1, 5, 0, 0, 0.24%, 1, 0, 1, 7.28, 5440, 157, 2556, 0
660, 38, 1, 5, 0, 0, 0.24%, 1, 0, 1, 8.77, 5488, 157, 2576, 0
666, 39, 1, 5, 0, 0, 0.24%, 1, 0, 1, 8.77, 5535, 157, 2595, 0
671, 39, 1, 5, 0, 0, 0.24%, 1, 0, 1, 7.12, 5568, 157, 2615, 0
676, 39, 1, 5, 0, 0, 0.24%, 1, 0, 1, 8.23, 5616, 157, 2634, 0
681, 40, 1, 5, 0, 0, 0.24%, 1, 0, 1, 8.46, 5664, 157, 2653, 0
686, 40, 1, 5, 0, 0, 0.24%, 1, 0, 1, 7.07, 5702, 157, 2673, 0
691, 40, 1, 5, 0, 0, 0.24%, 1, 0, 1, 6.07, 5734, 157, 2695, 0
696, 40, 1, 5, 0, 0, 0.24%, 1, 0, 1, 6.59, 5771, 157, 2716, 0
701, 41, 1, 5, 0, 0, 0.24%, 1, 0, 1, 6.99, 5811, 157, 2736, 0
707, 41, 1, 5, 0, 0, 0.24%, 1, 0, 1, 6.63, 5848, 157, 2757, 0
712, 41, 1, 5, 0, 0, 0.24%, 1, 0, 1, 8.34, 5893, 157, 2776, 0
717, 42, 1, 5, 0, 0, 0.24%, 1, 0, 1, 9.43, 5943, 157, 2795, 0
722, 42, 1, 5, 0, 0, 0.24%, 1, 0, 1, 7.48, 5978, 157, 2816, 0
727, 42, 1, 5, 0, 0, 0.24%, 1, 0, 1, 9.25, 6031, 157, 2834, 0
732, 43, 1, 5, 0, 0, 0.24%, 1, 0, 1, 7.90, 6073, 157, 2854, 0
738, 43, 1, 5, 0, 0, 0.24%, 1, 0, 1, 7.29, 6114, 157, 2874, 0
743, 43, 1, 5, 0, 0, 0.24%, 1, 0, 1, 6.76, 6149, 157, 2895, 0
748, 43, 1, 5, 0, 0, 0.24%, 1, 0, 1, 7.24, 6189, 157, 2915, 0
753, 44, 1, 5, 0, 0, 0.24%, 1, 0, 1, 7.82, 6232, 157, 2935, 0
758, 44, 1, 5, 0, 0, 0.24%, 1, 0, 1, 6.75, 6267, 157, 2956, 0
763, 44, 1, 5, 0, 0, 0.24%, 1, 0, 1, 7.16, 6310, 157, 2976, 0
768, 45, 1, 5, 0, 0, 0.24%, 1, 0, 1, 7.90, 6355, 157, 2995, 0
774, 45, 1, 5, 0, 0, 0.24%, 1, 0, 1, 5.56, 6381, 157, 3018, 0
779, 45, 1, 5, 0, 0, 0.24%, 1, 0, 1, 7.81, 6421, 157, 3038, 0
784, 45, 1, 5, 0, 0, 0.24%, 1, 0, 1, 8.02, 6463, 157, 3058, 0
789, 46, 1, 5, 0, 0, 0.24%, 1, 0, 1, 7.78, 6508, 157, 3078, 0
794, 46, 1, 5, 0, 0, 0.24%, 1, 0, 1, 6.92, 6547, 157, 3098, 0
799, 46, 1, 5, 0, 0, 0.24%, 1, 0, 1, 6.68, 6586, 157, 3118, 0
804, 47, 1, 5, 0, 0, 0.24%, 1, 0, 1, 6.41, 6620, 157, 3139, 0
810, 47, 1, 5, 0, 0, 0.24%, 1, 0, 1, 8.03, 6667, 157, 3158, 0
815, 47, 1, 5, 0, 0, 0.24%, 1, 0, 1, 6.97, 6704, 157, 3179, 0
820, 47, 1, 5, 0, 0, 0.24%, 1, 0, 1, 7.45, 6746, 157, 3199, 0
825, 48, 1, 5, 0, 0, 0.24%, 1, 0, 1, 6.20, 6778, 157, 3220, 0
830, 48, 1, 5, 0, 0, 0.24%, 1, 0, 1, 6.60, 6814, 157, 3240, 0
835, 48, 1, 5, 0, 0, 0.24%, 1, 0, 1, 8.30, 6858, 157, 3259, 0
840, 49, 1, 5, 0, 0, 0.24%, 1, 0, 1, 7.86, 6901, 157, 3279, 0
845, 49, 1, 5, 0, 0, 0.24%, 1, 0, 1, 9.44, 6954, 157, 3298, 0
851, 49, 1, 5, 0, 0, 0.24%, 1, 0, 1, 8.52, 7002, 157, 3317, 0
856, 50, 1, 5, 0, 0, 0.24%, 1, 0, 1, 7.79, 7041, 157, 3337, 0
861, 50, 1, 5, 0, 0, 0.24%, 1, 0, 1, 9.40, 7087, 157, 3356, 0
866, 50, 1, 5, 0, 0, 0.24%, 1, 0, 1, 7.77, 7125, 157, 3376, 0
871, 50, 1, 5, 0, 0, 0.24%, 1, 0, 1, 6.24, 7156, 157, 3398, 0
876, 51, 1, 5, 0, 0, 0.24%, 1, 0, 1, 6.06, 7188, 157, 3419, 0
881, 51, 1, 5, 0, 0, 0.24%, 1, 0, 1, 8.47, 7236, 157, 3439, 0
886, 51, 1, 5, 0, 0, 0.24%, 1, 0, 1, 8.33, 7279, 157, 3459, 0
891, 52, 1, 5, 0, 0, 0.24%, 1, 0, 1, 9.72, 7332, 157, 3477, 0
897, 52, 1, 5, 0, 0, 0.24%, 1, 0, 1, 6.61, 7362, 157, 3499, 0
897, 52, 1, 5, 0, 0, 0.24%, 1, 0, 1, 0.00, 7363, 157, 3500, 0
