# relative_time, cycles_done, cur_item, corpus_count, pending_total, pending_favs, map_size, saved_crashes, saved_hangs, max_depth, execs_per_sec, total_execs, edges_found, total_crashes, servers_count
61, 13, 1, 5, 0, 0, 0.09%, 0, 0, 1, 29.57, 1897, 62, 0, 0
66, 14, 1, 5, 0, 0, 0.09%, 0, 0, 1, 29.40, 2047, 62, 0, 0
71, 15, 1, 5, 0, 0, 0.09%, 0, 0, 1, 29.39, 2197, 62, 0, 0
76, 16, 1, 5, 0, 0, 0.09%, 0, 0, 1, 30.83, 2353, 62, 0, 0
81, 17, 1, 5, 0, 0, 0.09%, 0, 0, 1, 31.29, 2514, 62, 0, 0
87, 18, 1, 5, 0, 0, 0.09%, 0, 0, 1, 31.16, 2675, 62, 0, 0
92, 19, 1, 5, 0, 0, 0.09%, 0, 0, 1, 31.23, 2836, 62, 0, 0
97, 21, 1, 5, 0, 0, 0.09%, 0, 0, 1, 31.17, 2997, 62, 0, 0
102, 22, 1, 5, 0, 0, 0.09%, 0, 0, 1, 31.22, 3157, 62, 0, 0
107, 23, 1, 5, 0, 0, 0.09%, 0, 0, 1, 30.79, 3315, 62, 0, 0
112, 24, 1, 5, 0, 0, 0.09%, 0, 0, 1, 30.32, 3468, 62, 0, 0
117, 25, 1, 5, 0, 0, 0.09%, 0, 0, 1, 29.80, 3619, 62, 0, 0
122, 26, 1, 5, 0, 0, 0.09%, 0, 0, 1, 30.75, 3778, 62, 0, 0
128, 27, 1, 5, 0, 0, 0.09%, 0, 0, 1, 31.28, 3939, 62, 0, 0
133, 29, 1, 5, 0, 0, 0.09%, 0, 0, 1, 31.29, 4100, 62, 0, 0
138, 30, 1, 5, 0, 0, 0.09%, 0, 0, 1, 30.82, 4257, 62, 0, 0
143, 31, 1, 5, 0, 0, 0.09%, 0, 0, 1, 29.77, 4407, 62, 0, 0
148, 32, 1, 5, 0, 0, 0.09%, 0, 0, 1, 29.46, 4557, 62, 0, 0
153, 33, 1, 5, 0, 0, 0.09%, 0, 0, 1, 29.45, 4707, 62, 0, 0
158, 34, 1, 5, 0, 0, 0.09%, 0, 0, 1, 29.54, 4857, 62, 0, 0
163, 35, 1, 5, 0, 0, 0.09%, 0, 0, 1, 30.32, 5012, 62, 0, 0
168, 36, 1, 5, 0, 0, 0.09%, 0, 0, 1, 31.02, 5173, 62, 0, 0
174, 37, 1, 5, 0, 0, 0.09%, 0, 0, 1, 31.16, 5334, 62, 0, 0
179, 38, 1, 5, 0, 0, 0.09%, 0, 0, 1, 30.54, 5492, 62, 0, 0
184, 40, 1, 5, 0, 0, 0.09%, 0, 0, 1, 31.12, 5653, 62, 0, 0
189, 41, 1, 5, 0, 0, 0.09%, 0, 0, 1, 30.65, 5813, 62, 0, 0
194, 42, 1, 5, 0, 0, 0.09%, 0, 0, 1, 30.38, 5968, 62, 0, 0
199, 43, 1, 5, 0, 0, 0.09%, 0, 0, 1, 30.57, 6124, 62, 0, 0
204, 44, 1, 5, 0, 0, 0.09%, 0, 0, 1, 31.00, 6285, 62, 0, 0
210, 45, 1, 5, 0, 0, 0.09%, 0, 0, 1, 30.52, 6444, 62, 0, 0
215, 46, 1, 5, 0, 0, 0.09%, 0, 0, 1, 29.73, 6594, 62, 0, 0
220, 47, 1, 5, 0, 0, 0.09%, 0, 0, 1, 29.61, 6744, 62, 0, 0
225, 48, 1, 5, 0, 0, 0.09%, 0, 0, 1, 29.47, 6894, 62, 0, 0
230, 50, 1, 5, 0, 0, 0.09%, 0, 0, 1, 29.45, 7044, 62, 0, 0
235, 51, 1, 5, 0, 0, 0.09%, 0, 0, 1, 29.35, 7194, 62, 0, 0
240, 52, 1, 5, 0, 0, 0.09%, 0, 0, 1, 29.28, 7344, 62, 0, 0
245, 53, 1, 5, 0, 0, 0.09%, 0, 0, 1, 29.82, 7497, 62, 0, 0
250, 54, 1, 5, 0, 0, 0.09%, 0, 0, 1, 29.77, 7649, 62, 0, 0
255, 55, 1, 5, 0, 0, 0.09%, 0, 0, 1, 29.82, 7801, 62, 0, 0
261, 56, 1, 5, 0, 0, 0.09%, 0, 0, 1, 30.87, 7962, 62, 0, 0
266, 57, 1, 5, 0, 0, 0.09%, 0, 0, 1, 30.74, 8121, 62, 0, 0
271, 58, 1, 5, 0, 0, 0.09%, 0, 0, 1, 31.14, 8278, 62, 0, 0
276, 60, 1, 5, 0, 0, 0.09%, 0, 0, 1, 31.28, 8439, 62, 0, 0
281, 61, 1, 5, 0, 0, 0.09%, 0, 0, 1, 31.26, 8600, 62, 0, 0
286, 62, 1, 5, 0, 0, 0.09%, 0, 0, 1, 31.13, 8761, 62, 0, 0
291, 63, 1, 5, 0, 0, 0.09%, 0, 0, 1, 30.48, 8916, 62, 0, 0
296, 64, 1, 5, 0, 0, 0.09%, 0, 0, 1, 30.01, 9066, 62, 0, 0
302, 65, 1, 5, 0, 0, 0.09%, 0, 0, 1, 29.61, 9217, 62, 0, 0
307, 66, 1, 5, 0, 0, 0.09%, 0, 0, 1, 29.74, 9371, 62, 0, 0
312, 67, 1, 5, 0, 0, 0.09%, 0, 0, 1, 30.49, 9530, 62, 0, 0
317, 68, 1, 5, 0, 0, 0.09%, 0, 0, 1, 31.02, 9691, 62, 0, 0
322, 70, 1, 5, 0, 0, 0.09%, 0, 0, 1, 29.93, 9844, 62, 0, 0
327, 71, 1, 5, 0, 0, 0.09%, 0, 0, 1, 29.70, 9995, 62, 0, 0
332, 72, 1, 5, 0, 0, 0.09%, 0, 0, 1, 29.63, 10145, 62, 0, 0
337, 73, 1, 5, 0, 0, 0.09%, 0, 0, 1, 29.64, 10295, 62, 0, 0
343, 74, 1, 5, 0, 0, 0.09%, 0, 0, 1, 30.87, 10452, 62, 0, 0
348, 75, 1, 5, 0, 0, 0.09%, 0, 0, 1, 30.09, 10607, 62, 0, 0
353, 76, 1, 5, 0, 0, 0.09%, 0, 0, 1, 30.97, 10768, 62, 0, 0
358, 77, 1, 5, 0, 0, 0.09%, 0, 0, 1, 31.10, 10928, 62, 0, 0
363, 78, 1, 5, 0, 0, 0.09%, 0, 0, 1, 31.28, 11089, 62, 0, 0
368, 80, 1, 5, 0, 0, 0.09%, 0, 0, 1, 31.46, 11250, 62, 0, 0
373, 81, 1, 5, 0, 0, 0.09%, 0, 0, 1, 31.56, 11411, 62, 0, 0
379, 82, 1, 5, 0, 0, 0.09%, 0, 0, 1, 31.66, 11572, 62, 0, 0
384, 83, 1, 5, 0, 0, 0.09%, 0, 0, 1, 31.64, 11733, 62, 0, 0
389, 84, 1, 5, 0, 0, 0.09%, 0, 0, 1, 31.71, 11894, 62, 0, 0
394, 85, 1, 5, 0, 0, 0.09%, 0, 0, 1, 30.62, 12052, 62, 0, 0
399, 86, 1, 5, 0, 0, 0.09%, 0, 0, 1, 29.27, 12202, 62, 0, 0
404, 87, 1, 5, 0, 0, 0.09%, 0, 0, 1, 29.54, 12352, 62, 0, 0
409, 89, 1, 5, 0, 0, 0.09%, 0, 0, 1, 30.80, 12512, 62, 0, 0
414, 90, 1, 5, 0, 0, 0.09%, 0, 0, 1, 29.94, 12662, 62, 0, 0
419, 91, 1, 5, 0, 0, 0.09%, 0, 0, 1, 29.69, 12813, 62, 0, 0
424, 92, 1, 5, 0, 0, 0.09%, 0, 0, 1, 29.64, 12963, 62, 0, 0
430, 93, 1, 5, 0, 0, 0.09%, 0, 0, 1, 29.67, 13114, 62, 0, 0
435, 94, 1, 5, 0, 0, 0.09%, 0, 0, 1, 29.61, 13264, 62, 0, 0
440, 95, 1, 5, 0, 0, 0.09%, 0, 0, 1, 29.56, 13414, 62, 0, 0
445, 96, 1, 5, 0, 0, 0.09%, 0, 0, 1, 29.66, 13564, 62, 0, 0
450, 97, 1, 5, 0, 0, 0.09%, 0, 0, 1, 29.43, 13715, 62, 0, 0
455, 98, 1, 5, 0, 0, 0.09%, 0, 0, 1, 30.48, 13872, 62, 0, 0
460, 99, 1, 5, 0, 0, 0.09%, 0, 0, 1, 31.20, 14033, 62, 0, 0
465, 101, 1, 5, 0, 0, 0.09%, 0, 0, 1, 31.56, 14194, 62, 0, 0
470, 102, 1, 5, 0, 0, 0.09%, 0, 0, 1, 30.51, 14350, 62, 0, 0
475, 103, 1, 5, 0, 0, 0.09%, 0, 0, 1, 29.75, 14500, 62, 0, 0
480, 104, 1, 5, 0, 0, 0.09%, 0, 0, 1, 30.51, 14653, 62, 0, 0
486, 105, 1, 5, 0, 0, 0.09%, 0, 0, 1, 30.37, 14811, 62, 0, 0
491, 106, 1, 5, 0, 0, 0.09%, 0, 0, 1, 29.92, 14963, 62, 0, 0
496, 107, 1, 5, 0, 0, 0.09%, 0, 0, 1, 30.97, 15121, 62, 0, 0
501, 108, 1, 5, 0, 0, 0.09%, 0, 0, 1, 30.97, 15279, 62, 0, 0
506, 110, 1, 5, 0, 0, 0.09%, 0, 0, 1, 31.08, 15440, 62, 0, 0
511, 111, 1, 5, 0, 0, 0.09%, 0, 0, 1, 31.20, 15601, 62, 0, 0
516, 112, 1, 5, 0, 0, 0.09%, 0, 0, 1, 31.26, 15762, 62, 0, 0
521, 113, 1, 5, 0, 0, 0.09%, 0, 0, 1, 31.24, 15923, 62, 0, 0
527, 114, 1, 5, 0, 0, 0.09%, 0, 0, 1, 31.53, 16084, 62, 0, 0
532, 115, 1, 5, 0, 0, 0.09%, 0, 0, 1, 31.69, 16245, 62, 0, 0
537, 116, 1, 5, 0, 0, 0.09%, 0, 0, 1, 31.75, 16406, 62, 0, 0
542, 118, 1, 5, 0, 0, 0.09%, 0, 0, 1, 31.64, 16567, 62, 0, 0
547, 119, 1, 5, 0, 0, 0.09%, 0, 0, 1, 31.49, 16728, 62, 0, 0
552, 120, 1, 5, 0, 0, 0.09%, 0, 0, 1, 31.22, 16889, 62, 0, 0
557, 121, 1, 5, 0, 0, 0.09%, 0, 0, 1, 31.11, 17049, 62, 0, 0
562, 122, 1, 5, 0, 0, 0.09%, 0, 0, 1, 30.09, 17203, 62, 0, 0
567, 123, 1, 5, 0, 0, 0.09%, 0, 0, 1, 30.00, 17355, 62, 0, 0
572, 124, 1, 5, 0, 0, 0.09%, 0, 0, 1, 29.97, 17506, 62, 0, 0
578, 125, 1, 5, 0, 0, 0.09%, 0, 0, 1, 29.05, 17656, 62, 0, 0
583, 126, 1, 5, 0, 0, 0.09%, 0, 0, 1, 28.75, 17800, 62, 0, 0
588, 127, 1, 5, 0, 0, 0.09%, 0, 0, 1, 29.36, 17950, 62, 0, 0
593, 129, 1, 5, 0, 0, 0.09%, 0, 0, 1, 29.54, 18100, 62, 0, 0
598, 130, 1, 5, 0, 0, 0.09%, 0, 0, 1, 29.93, 18250, 62, 0, 0
603, 131, 1, 5, 0, 0, 0.09%, 0, 0, 1, 30.79, 18410, 62, 0, 0
608, 132, 1, 5, 0, 0, 0.09%, 0, 0, 1, 29.85, 18562, 62, 0, 0
613, 133, 1, 5, 0, 0, 0.09%, 0, 0, 1, 29.84, 18713, 62, 0, 0
618, 134, 1, 5, 0, 0, 0.09%, 0, 0, 1, 29.72, 18867, 62, 0, 0
624, 135, 1, 5, 0, 0, 0.09%, 0, 0, 1, 30.70, 19027, 62, 0, 0
629, 136, 1, 5, 0, 0, 0.09%, 0, 0, 1, 30.03, 19179, 62, 0, 0
634, 137, 1, 5, 0, 0, 0.09%, 0, 0, 1, 31.11, 19341, 62, 0, 0
639, 139, 1, 5, 0, 0, 0.09%, 0, 0, 1, 31.48, 19502, 62, 0, 0
644, 140, 1, 5, 0, 0, 0.09%, 0, 0, 1, 31.58, 19663, 62, 0, 0
649, 141, 1, 5, 0, 0, 0.09%, 0, 0, 1, 30.94, 19818, 62, 0, 0
654, 142, 1, 5, 0, 0, 0.09%, 0, 0, 1, 31.19, 19979, 62, 0, 0
659, 143, 1, 5, 0, 0, 0.09%, 0, 0, 1, 31.30, 20140, 62, 0, 0
664, 144, 1, 5, 0, 0, 0.09%, 0, 0, 1, 31.42, 20301, 62, 0, 0
670, 145, 1, 5, 0, 0, 0.09%, 0, 0, 1, 31.36, 20462, 62, 0, 0
675, 147, 1, 5, 0, 0, 0.09%, 0, 0, 1, 30.99, 20618, 62, 0, 0
680, 148, 1, 5, 0, 0, 0.09%, 0, 0, 1, 30.37, 20775, 62, 0, 0
685, 149, 1, 5, 0, 0, 0.09%, 0, 0, 1, 29.69, 20925, 62, 0, 0
690, 150, 1, 5, 0, 0, 0.09%, 0, 0, 1, 29.82, 21076, 62, 0, 0
695, 151, 1, 5, 0, 0, 0.09%, 0, 0, 1, 29.82, 21226, 62, 0, 0
700, 152, 1, 5, 0, 0, 0.09%, 0, 0, 1, 29.83, 21377, 62, 0, 0
705, 153, 1, 5, 0, 0, 0.09%, 0, 0, 1, 29.77, 21527, 62, 0, 0
710, 154, 1, 5, 0, 0, 0.09%, 0, 0, 1, 29.51, 21678, 62, 0, 0
715, 155, 1, 5, 0, 0, 0.09%, 0, 0, 1, 30.54, 21832, 62, 0, 0
720, 156, 1, 5, 0, 0, 0.09%, 0, 0, 1, 31.09, 21992, 62, 0, 0
725, 157, 1, 5, 0, 0, 0.09%, 0, 0, 1, 30.61, 22146, 62, 0, 0
731, 159, 1, 5, 0, 0, 0.09%, 0, 0, 1, 30.80, 22303, 62, 0, 0
736, 160, 1, 5, 0, 0, 0.09%, 0, 0, 1, 31.38, 22464, 62, 0, 0
741, 161, 1, 5, 0, 0, 0.09%, 0, 0, 1, 31.41, 22625, 62, 0, 0
746, 162, 1, 5, 0, 0, 0.09%, 0, 0, 1, 31.31, 22786, 62, 0, 0
751, 163, 1, 5, 0, 0, 0.09%, 0, 0, 1, 30.24, 22938, 62, 0, 0
756, 164, 1, 5, 0, 0, 0.09%, 0, 0, 1, 29.97, 23092, 62, 0, 0
761, 165, 1, 5, 0, 0, 0.09%, 0, 0, 1, 29.94, 23246, 62, 0, 0
766, 166, 1, 5, 0, 0, 0.09%, 0, 0, 1, 29.93, 23399, 62, 0, 0
771, 167, 1, 5, 0, 0, 0.09%, 0, 0, 1, 29.70, 23551, 62, 0, 0
777, 169, 1, 5, 0, 0, 0.09%, 0, 0, 1, 29.87, 23703, 62, 0, 0
782, 170, 1, 5, 0, 0, 0.09%, 0, 0, 1, 30.00, 23855, 62, 0, 0
787, 171, 1, 5, 0, 0, 0.09%, 0, 0, 1, 30.03, 24011, 62, 0, 0
792, 172, 1, 5, 0, 0, 0.09%, 0, 0, 1, 31.07, 24171, 62, 0, 0
797, 173, 1, 5, 0, 0, 0.09%, 0, 0, 1, 31.20, 24332, 62, 0, 0
802, 174, 1, 5, 0, 0, 0.09%, 0, 0, 1, 31.14, 24491, 62, 0, 0
807, 175, 1, 5, 0, 0, 0.09%, 0, 0, 1, 30.04, 24645, 62, 0, 0
812, 176, 1, 5, 0, 0, 0.09%, 0, 0, 1, 29.79, 24795, 62, 0, 0
817, 177, 1, 5, 0, 0, 0.09%, 0, 0, 1, 29.74, 24945, 62, 0, 0
822, 178, 1, 5, 0, 0, 0.09%, 0, 0, 1, 29.76, 25096, 62, 0, 0
828, 180, 1, 5, 0, 0, 0.09%, 0, 0, 1, 29.73, 25246, 62, 0, 0
833, 181, 1, 5, 0, 0, 0.09%, 0, 0, 1, 29.77, 25397, 62, 0, 0
838, 182, 1, 5, 0, 0, 0.09%, 0, 0, 1, 30.65, 25553, 62, 0, 0
843, 183, 1, 5, 0, 0, 0.09%, 0, 0, 1, 30.14, 25704, 62, 0, 0
848, 184, 1, 5, 0, 0, 0.09%, 0, 0, 1, 30.56, 25858, 62, 0, 0
853, 185, 1, 5, 0, 0, 0.09%, 0, 0, 1, 30.32, 26012, 62, 0, 0
858, 186, 1, 5, 0, 0, 0.09%, 0, 0, 1, 29.95, 26164, 62, 0, 0
863, 187, 1, 5, 0, 0, 0.09%, 0, 0, 1, 29.51, 26314, 62, 0, 0
868, 188, 1, 5, 0, 0, 0.09%, 0, 0, 1, 30.47, 26468, 62, 0, 0
873, 189, 1, 5, 0, 0, 0.09%, 0, 0, 1, 30.82, 26629, 62, 0, 0
878, 191, 1, 5, 0, 0, 0.09%, 0, 0, 1, 30.83, 26790, 62, 0, 0
884, 192, 1, 5, 0, 0, 0.09%, 0, 0, 1, 31.35, 26951, 62, 0, 0
889, 193, 1, 5, 0, 0, 0.09%, 0, 0, 1, 31.01, 27108, 62, 0, 0
894, 194, 1, 5, 0, 0, 0.09%, 0, 0, 1, 29.09, 27258, 62, 0, 0
897, 195, 1, 5, 0, 0, 0.09%, 0, 0, 1, 28.90, 27354, 62, 0, 0
