# relative_time, cycles_done, cur_item, corpus_count, pending_total, pending_favs, map_size, saved_crashes, saved_hangs, max_depth, execs_per_sec, total_execs, edges_found, total_crashes, servers_count
61, 9, 1, 5, 0, 0, 0.27%, 0, 0, 1, 22.26, 1394, 179, 0, 0
67, 10, 1, 5, 0, 0, 0.27%, 0, 0, 1, 22.24, 1509, 179, 0, 0
72, 11, 1, 5, 0, 0, 0.27%, 0, 0, 1, 22.23, 1624, 179, 0, 0
77, 12, 1, 5, 0, 0, 0.27%, 0, 0, 1, 22.22, 1739, 179, 0, 0
82, 12, 1, 5, 0, 0, 0.27%, 0, 0, 1, 22.24, 1854, 179, 0, 0
87, 13, 1, 5, 0, 0, 0.27%, 0, 0, 1, 22.19, 1969, 179, 0, 0
93, 14, 1, 5, 0, 0, 0.27%, 0, 0, 1, 22.20, 2084, 179, 0, 0
98, 15, 1, 5, 0, 0, 0.27%, 0, 0, 1, 22.17, 2199, 179, 0, 0
103, 16, 1, 5, 0, 0, 0.27%, 0, 0, 1, 22.16, 2314, 179, 0, 0
108, 17, 1, 5, 0, 0, 0.27%, 0, 0, 1, 22.16, 2429, 179, 0, 0
113, 17, 1, 5, 0, 0, 0.27%, 0, 0, 1, 22.12, 2544, 179, 0, 0
119, 18, 1, 5, 0, 0, 0.27%, 0, 0, 1, 22.18, 2659, 179, 0, 0
124, 19, 1, 5, 0, 0, 0.27%, 0, 0, 1, 22.33, 2774, 179, 0, 0
129, 20, 1, 5, 0, 0, 0.27%, 0, 0, 1, 22.17, 2889, 179, 0, 0
134, 21, 1, 5, 0, 0, 0.27%, 0, 0, 1, 22.11, 3004, 179, 0, 0
139, 22, 1, 5, 0, 0, 0.27%, 0, 0, 1, 22.09, 3119, 179, 0, 0
144, 22, 1, 5, 0, 0, 0.27%, 0, 0, 1, 22.08, 3234, 179, 0, 0
150, 23, 1, 5, 0, 0, 0.27%, 0, 0, 1, 22.03, 3349, 179, 0, 0
155, 24, 1, 5, 0, 0, 0.27%, 0, 0, 1, 22.03, 3464, 179, 0, 0
160, 25, 1, 5, 0, 0, 0.27%, 0, 0, 1, 22.08, 3579, 179, 0, 0
165, 26, 1, 5, 0, 0, 0.27%, 0, 0, 1, 22.07, 3694, 179, 0, 0
171, 26, 1, 5, 0, 0, 0.27%, 0, 0, 1, 22.06, 3809, 179, 0, 0
176, 27, 1, 5, 0, 0, 0.27%, 0, 0, 1, 22.04, 3924, 179, 0, 0
181, 28, 1, 5, 0, 0, 0.27%, 0, 0, 1, 22.05, 4039, 179, 0, 0
186, 29, 1, 5, 0, 0, 0.27%, 0, 0, 1, 22.07, 4154, 179, 0, 0
191, 30, 1, 5, 0, 0, 0.27%, 0, 0, 1, 22.10, 4269, 179, 0, 0
197, 31, 1, 5, 0, 0, 0.27%, 0, 0, 1, 22.08, 4384, 179, 0, 0
202, 31, 1, 5, 0, 0, 0.27%, 0, 0, 1, 22.04, 4499, 179, 0, 0
207, 32, 1, 5, 0, 0, 0.27%, 0, 0, 1, 22.07, 4614, 179, 0, 0
212, 33, 1, 5, 0, 0, 0.27%, 0, 0, 1, 22.17, 4729, 179, 0, 0
217, 34, 1, 5, 0, 0, 0.27%, 0, 0, 1, 22.22, 4844, 179, 0, 0
223, 35, 1, 5, 0, 0, 0.27%, 0, 0, 1, 22.13, 4959, 179, 0, 0
228, 35, 1, 5, 0, 0, 0.27%, 0, 0, 1, 22.15, 5074, 179, 0, 0
233, 36, 1, 5, 0, 0, 0.27%, 0, 0, 1, 22.13, 5189, 179, 0, 0
238, 37, 1, 5, 0, 0, 0.27%, 0, 0, 1, 21.30, 5298, 179, 0, 0
243, 38, 1, 5, 0, 0, 0.27%, 0, 0, 1, 20.76, 5402, 179, 0, 0
248, 39, 1, 5, 0, 0, 0.27%, 0, 0, 1, 21.41, 5512, 179, 0, 0
253, 39, 1, 5, 0, 0, 0.27%, 0, 0, 1, 22.03, 5627, 179, 0, 0
259, 40, 1, 5, 0, 0, 0.27%, 0, 0, 1, 22.17, 5742, 179, 0, 0
264, 41, 1, 5, 0, 0, 0.27%, 0, 0, 1, 22.14, 5857, 179, 0, 0
269, 42, 1, 5, 0, 0, 0.27%, 0, 0, 1, 22.17, 5972, 179, 0, 0
274, 43, 1, 5, 0, 0, 0.27%, 0, 0, 1, 22.19, 6087, 179, 0, 0
279, 44, 1, 5, 0, 0, 0.27%, 0, 0, 1, 22.22, 6202, 179, 0, 0
285, 44, 1, 5, 0, 0, 0.27%, 0, 0, 1, 22.21, 6317, 179, 0, 0
290, 45, 1, 5, 0, 0, 0.27%, 0, 0, 1, 22.21, 6432, 179, 0, 0
295, 46, 1, 5, 0, 0, 0.27%, 0, 0, 1, 22.34, 6547, 179, 0, 0
300, 47, 1, 5, 0, 0, 0.27%, 0, 0, 1, 22.29, 6662, 179, 0, 0
305, 48, 1, 5, 0, 0, 0.27%, 0, 0, 1, 22.28, 6777, 179, 0, 0
310, 48, 1, 5, 0, 0, 0.27%, 0, 0, 1, 22.25, 6892, 179, 0, 0
316, 49, 1, 5, 0, 0, 0.27%, 0, 0, 1, 22.21, 7007, 179, 0, 0
321, 50, 1, 5, 0, 0, 0.27%, 0, 0, 1, 22.08, 7122, 179, 0, 0
326, 51, 1, 5, 0, 0, 0.27%, 0, 0, 1, 22.14, 7237, 179, 0, 0
331, 52, 1, 5, 0, 0, 0.27%, 0, 0, 1, 21.29, 7347, 179, 0, 0
336, 52, 1, 5, 0, 0, 0.27%, 0, 0, 1, 20.87, 7452, 179, 0, 0
341, 53, 1, 5, 0, 0, 0.27%, 0, 0, 1, 21.65, 7562, 179, 0, 0
346, 54, 1, 5, 0, 0, 0.27%, 0, 0, 1, 21.99, 7677, 179, 0, 0
352, 55, 1, 5, 0, 0, 0.27%, 0, 0, 1, 22.07, 7792, 179, 0, 0
357, 56, 1, 5, 0, 0, 0.27%, 0, 0, 1, 22.12, 7907, 179, 0, 0
362, 57, 1, 5, 0, 0, 0.27%, 0, 0, 1, 22.05, 8022, 179, 0, 0
367, 57, 1, 5, 0, 0, 0.27%, 0, 0, 1, 22.18, 8137, 179, 0, 0
372, 58, 1, 5, 0, 0, 0.27%, 0, 0, 1, 22.11, 8252, 179, 0, 0
378, 59, 1, 5, 0, 0, 0.27%, 0, 0, 1, 22.13, 8367, 179, 0, 0
383, 60, 1, 5, 0, 0, 0.27%, 0, 0, 1, 22.15, 8482, 179, 0, 0
388, 61, 1, 5, 0, 0, 0.27%, 0, 0, 1, 22.12, 8597, 179, 0, 0
393, 61, 1, 5, 0, 0, 0.27%, 0, 0, 1, 22.13, 8712, 179, 0, 0
398, 62, 1, 5, 0, 0, 0.27%, 0, 0, 1, 22.03, 8822, 179, 0, 0
403, 63, 1, 5, 0, 0, 0.27%, 0, 0, 1, 22.03, 8937, 179, 0, 0
408, 64, 1, 5, 0, 0, 0.27%, 0, 0, 1, 21.94, 9047, 179, 0, 0
413, 65, 1, 5, 0, 0, 0.27%, 0, 0, 1, 21.93, 9157, 179, 0, 0
418, 65, 1, 5, 0, 0, 0.27%, 0, 0, 1, 21.93, 9267, 179, 0, 0
424, 66, 1, 5, 0, 0, 0.27%, 0, 0, 1, 21.90, 9377, 179, 0, 0
429, 67, 1, 5, 0, 0, 0.27%, 0, 0, 1, 22.15, 9492, 179, 0, 0
434, 68, 1, 5, 0, 0, 0.27%, 0, 0, 1, 22.29, 9607, 179, 0, 0
439, 69, 1, 5, 0, 0, 0.27%, 0, 0, 1, 22.37, 9722, 179, 0, 0
444, 69, 1, 5, 0, 0, 0.27%, 0, 0, 1, 22.42, 9837, 179, 0, 0
449, 70, 1, 5, 0, 0, 0.27%, 0, 0, 1, 22.34, 9952, 179, 0, 0
454, 71, 1, 5, 0, 0, 0.27%, 0, 0, 1, 22.38, 10067, 179, 0, 0
460, 72, 1, 5, 0, 0, 0.27%, 0, 0, 1, 22.44, 10182, 179, 0, 0
465, 73, 1, 5, 0, 0, 0.27%, 0, 0, 1, 22.44, 10297, 179, 0, 0
470, 74, 1, 5, 0, 0, 0.27%, 0, 0, 1, 22.45, 10412, 179, 0, 0
475, 74, 1, 5, 0, 0, 0.27%, 0, 0, 1, 22.55, 10527, 179, 0, 0
480, 75, 1, 5, 0, 0, 0.27%, 0, 0, 1, 22.32, 10642, 179, 0, 0
485, 76, 1, 5, 0, 0, 0.27%, 0, 0, 1, 22.32, 10757, 179, 0, 0
490, 77, 1, 5, 0, 0, 0.27%, 0, 0, 1, 22.11, 10872, 179, 0, 0
496, 78, 1, 5, 0, 0, 0.27%, 0, 0, 1, 22.21, 10987, 179, 0, 0
501, 79, 1, 5, 0, 0, 0.27%, 0, 0, 1, 22.36, 11102, 179, 0, 0
506, 79, 1, 5, 0, 0, 0.27%, 0, 0, 1, 22.39, 11217, 179, 0, 0
511, 80, 1, 5, 0, 0, 0.27%, 0, 0, 1, 22.38, 11332, 179, 0, 0
516, 81, 1, 5, 0, 0, 0.27%, 0, 0, 1, 22.48, 11447, 179, 0, 0
521, 82, 1, 5, 0, 0, 0.27%, 0, 0, 1, 22.50, 11562, 179, 0, 0
526, 83, 1, 5, 0, 0, 0.27%, 0, 0, 1, 22.51, 11677, 179, 0, 0
531, 83, 1, 5, 0, 0, 0.27%, 0, 0, 1, 22.49, 11792, 179, 0, 0
537, 84, 1, 5, 0, 0, 0.27%, 0, 0, 1, 22.39, 11907, 179, 0, 0
542, 85, 1, 5, 0, 0, 0.27%, 0, 0, 1, 22.22, 12022, 179, 0, 0
547, 86, 1, 5, 0, 0, 0.27%, 0, 0, 1, 22.05, 12137, 179, 0, 0
552, 87, 1, 5, 0, 0, 0.27%, 0, 0, 1, 22.24, 12252, 179, 0, 0
557, 88, 1, 5, 0, 0, 0.27%, 0, 0, 1, 22.62, 12367, 179, 0, 0
562, 88, 1, 5, 0, 0, 0.27%, 0, 0, 1, 22.93, 12487, 179, 0, 0
567, 89, 1, 5, 0, 0, 0.27%, 0, 0, 1, 22.88, 12602, 179, 0, 0
573, 90, 1, 5, 0, 0, 0.27%, 0, 0, 1, 22.48, 12717, 179, 0, 0
578, 91, 1, 5, 0, 0, 0.27%, 0, 0, 1, 22.56, 12832, 179, 0, 0
583, 92, 1, 5, 0, 0, 0.27%, 0, 0, 1, 22.04, 12942, 179, 0, 0
588, 92, 1, 5, 0, 0, 0.27%, 0, 0, 1, 21.92, 13052, 179, 0, 0
593, 93, 1, 5, 0, 0, 0.27%, 0, 0, 1, 21.84, 13162, 179, 0, 0
598, 94, 1, 5, 0, 0, 0.27%, 0, 0, 1, 21.87, 13272, 179, 0, 0
603, 95, 1, 5, 0, 0, 0.27%, 0, 0, 1, 21.98, 13387, 179, 0, 0
608, 96, 1, 5, 0, 0, 0.27%, 0, 0, 1, 22.00, 13502, 179, 0, 0
613, 96, 1, 5, 0, 0, 0.27%, 0, 0, 1, 22.09, 13617, 179, 0, 0
619, 97, 1, 5, 0, 0, 0.27%, 0, 0, 1, 22.31, 13732, 179, 0, 0
624, 98, 1, 5, 0, 0, 0.27%, 0, 0, 1, 22.39, 13847, 179, 0, 0
629, 99, 1, 5, 0, 0, 0.27%, 0, 0, 1, 22.40, 13962, 179, 0, 0
634, 100, 1, 5, 0, 0, 0.27%, 0, 0, 1, 22.45, 14077, 179, 0, 0
639, 101, 1, 5, 0, 0, 0.27%, 0, 0, 1, 22.45, 14192, 179, 0, 0
644, 101, 1, 5, 0, 0, 0.27%, 0, 0, 1, 22.43, 14307, 179, 0, 0
649, 102, 1, 5, 0, 0, 0.27%, 0, 0, 1, 22.26, 14422, 179, 0, 0
655, 103, 1, 5, 0, 0, 0.27%, 0, 0, 1, 22.10, 14537, 179, 0, 0
660, 104, 1, 5, 0, 0, 0.27%, 0, 0, 1, 22.04, 14652, 179, 0, 0
665, 105, 1, 5, 0, 0, 0.27%, 0, 0, 1, 22.37, 14767, 179, 0, 0
670, 106, 1, 5, 0, 0, 0.27%, 0, 0, 1, 22.65, 14882, 179, 0, 0
675, 106, 1, 5, 0, 0, 0.27%, 0, 0, 1, 22.59, 14997, 179, 0, 0
680, 107, 1, 5, 0, 0, 0.27%, 0, 0, 1, 22.18, 15112, 179, 0, 0
685, 108, 1, 5, 0, 0, 0.27%, 0, 0, 1, 22.02, 15222, 179, 0, 0
691, 109, 1, 5, 0, 0, 0.27%, 0, 0, 1, 22.19, 15337, 179, 0, 0
696, 110, 1, 5, 0, 0, 0.27%, 0, 0, 1, 22.29, 15452, 179, 0, 0
701, 110, 1, 5, 0, 0, 0.27%, 0, 0, 1, 22.30, 15567, 179, 0, 0
706, 111, 1, 5, 0, 0, 0.27%, 0, 0, 1, 22.31, 15682, 179, 0, 0
711, 112, 1, 5, 0, 0, 0.27%, 0, 0, 1, 22.21, 15797, 179, 0, 0
716, 113, 1, 5, 0, 0, 0.27%, 0, 0, 1, 22.21, 15912, 179, 0, 0
721, 114, 1, 5, 0, 0, 0.27%, 0, 0, 1, 22.03, 16022, 179, 0, 0
727, 114, 1, 5, 0, 0, 0.27%, 0, 0, 1, 22.06, 16137, 179, 0, 0
732, 115, 1, 5, 0, 0, 0.27%, 0, 0, 1, 22.03, 16252, 179, 0, 0
737, 116, 1, 5, 0, 0, 0.27%, 0, 0, 1, 21.94, 16362, 179, 0, 0
742, 117, 1, 5, 0, 0, 0.27%, 0, 0, 1, 21.95, 16472, 179, 0, 0
747, 118, 1, 5, 0, 0, 0.27%, 0, 0, 1, 21.87, 16582, 179, 0, 0
752, 118, 1, 5, 0, 0, 0.27%, 0, 0, 1, 22.01, 16697, 179, 0, 0
757, 119, 1, 5, 0, 0, 0.27%, 0, 0, 1, 22.02, 16812, 179, 0, 0
763, 120, 1, 5, 0, 0, 0.27%, 0, 0, 1, 22.01, 16927, 179, 0, 0
768, 121, 1, 5, 0, 0, 0.27%, 0, 0, 1, 22.00, 17042, 179, 0, 0
773, 122, 1, 5, 0, 0, 0.27%, 0, 0, 1, 22.00, 17157, 179, 0, 0
778, 123, 1, 5, 0, 0, 0.27%, 0, 0, 1, 21.92, 17271, 179, 0, 0
783, 123, 1, 5, 0, 0, 0.27%, 0, 0, 1, 21.97, 17381, 179, 0, 0
788, 124, 1, 5, 0, 0, 0.27%, 0, 0, 1, 22.01, 17496, 179, 0, 0
793, 125, 1, 5, 0, 0, 0.27%, 0, 0, 1, 21.95, 17606, 179, 0, 0
798, 126, 1, 5, 0, 0, 0.27%, 0, 0, 1, 21.89, 17716, 179, 0, 0
804, 127, 1, 5, 0, 0, 0.27%, 0, 0, 1, 22.01, 17831, 179, 0, 0
809, 127, 1, 5, 0, 0, 0.27%, 0, 0, 1, 22.00, 17941, 179, 0, 0
814, 128, 1, 5, 0, 0, 0.27%, 0, 0, 1, 21.98, 18051, 179, 0, 0
819, 129, 1, 5, 0, 0, 0.27%, 0, 0, 1, 21.99, 18161, 179, 0, 0
824, 130, 1, 5, 0, 0, 0.27%, 0, 0, 1, 22.37, 18276, 179, 0, 0
829, 131, 1, 5, 0, 0, 0.27%, 0, 0, 1, 22.59, 18391, 179, 0, 0
834, 131, 1, 5, 0, 0, 0.27%, 0, 0, 1, 22.69, 18506, 179, 0, 0
839, 132, 1, 5, 0, 0, 0.27%, 0, 0, 1, 22.07, 18621, 179, 0, 0
844, 133, 1, 5, 0, 0, 0.27%, 0, 0, 1, 22.02, 18731, 179, 0, 0
849, 134, 1, 5, 0, 0, 0.27%, 0, 0, 1, 22.00, 18841, 179, 0, 0
854, 135, 1, 5, 0, 0, 0.27%, 0, 0, 1, 22.26, 18956, 179, 0, 0
860, 135, 1, 5, 0, 0, 0.27%, 0, 0, 1, 22.28, 19071, 179, 0, 0
865, 136, 1, 5, 0, 0, 0.27%, 0, 0, 1, 22.27, 19186, 179, 0, 0
870, 137, 1, 5, 0, 0, 0.27%, 0, 0, 1, 22.30, 19301, 179, 0, 0
875, 138, 1, 5, 0, 0, 0.27%, 0, 0, 1, 22.23, 19416, 179, 0, 0
880, 139, 1, 5, 0, 0, 0.27%, 0, 0, 1, 22.24, 19531, 179, 0, 0
885, 140, 1, 5, 0, 0, 0.27%, 0, 0, 1, 22.24, 19646, 179, 0, 0
891, 140, 1, 5, 0, 0, 0.27%, 0, 0, 1, 22.24, 19761, 179, 0, 0
896, 141, 1, 5, 0, 0, 0.27%, 0, 0, 1, 22.36, 19876, 179, 0, 0
897, 141, 1, 5, 0, 0, 0.27%, 0, 0, 1, 22.15, 19899, 179, 0, 0
