# relative_time, cycles_done, cur_item, corpus_count, pending_total, pending_favs, map_size, saved_crashes, saved_hangs, max_depth, execs_per_sec, total_execs, edges_found, total_crashes, servers_count
61, 10, 0, 5, 0, 0, 0.08%, 0, 0, 1, 24.76, 1565, 54, 0, 0
66, 11, 0, 5, 0, 0, 0.08%, 0, 0, 1, 24.47, 1690, 54, 0, 0
71, 12, 1, 5, 0, 0, 0.08%, 0, 0, 1, 24.41, 1815, 54, 0, 0
77, 13, 0, 5, 0, 0, 0.08%, 0, 0, 1, 24.55, 1941, 54, 0, 0
82, 14, 0, 5, 0, 0, 0.08%, 0, 0, 1, 24.84, 2066, 54, 0, 0
87, 15, 0, 5, 0, 0, 0.08%, 0, 0, 1, 24.89, 2194, 54, 0, 0
92, 16, 1, 5, 0, 0, 0.08%, 0, 0, 1, 24.87, 2319, 54, 0, 0
97, 17, 1, 5, 0, 0, 0.08%, 0, 0, 1, 24.78, 2444, 54, 0, 0
102, 18, 0, 5, 0, 0, 0.08%, 0, 0, 1, 24.78, 2571, 54, 0, 0
107, 18, 0, 5, 0, 0, 0.08%, 0, 0, 1, 24.77, 2697, 54, 0, 0
112, 19, 0, 5, 0, 0, 0.08%, 0, 0, 1, 24.66, 2822, 54, 0, 0
117, 20, 0, 5, 0, 0, 0.08%, 0, 0, 1, 24.75, 2950, 54, 0, 0
122, 21, 0, 5, 0, 0, 0.08%, 0, 0, 1, 25.20, 3080, 54, 0, 0
128, 22, 0, 5, 0, 0, 0.08%, 0, 0, 1, 24.85, 3209, 54, 0, 0
133, 23, 0, 5, 0, 0, 0.08%, 0, 0, 1, 24.83, 3337, 54, 0, 0
138, 24, 0, 5, 0, 0, 0.08%, 0, 0, 1, 25.00, 3465, 54, 0, 0
143, 25, 0, 5, 0, 0, 0.08%, 0, 0, 1, 24.84, 3591, 54, 0, 0
148, 26, 0, 5, 0, 0, 0.08%, 0, 0, 1, 24.77, 3716, 54, 0, 0
153, 27, 0, 5, 0, 0, 0.08%, 0, 0, 1, 24.76, 3841, 54, 0, 0
158, 28, 0, 5, 0, 0, 0.08%, 0, 0, 1, 24.84, 3967, 54, 0, 0
163, 28, 0, 5, 0, 0, 0.08%, 0, 0, 1, 24.80, 4094, 54, 0, 0
168, 29, 0, 5, 0, 0, 0.08%, 0, 0, 1, 24.83, 4221, 54, 0, 0
173, 30, 0, 5, 0, 0, 0.08%, 0, 0, 1, 24.80, 4348, 54, 0, 0
179, 31, 1, 5, 0, 0, 0.08%, 0, 0, 1, 24.26, 4472, 54, 0, 0
184, 32, 0, 5, 0, 0, 0.08%, 0, 0, 1, 24.83, 4600, 54, 0, 0
189, 33, 0, 5, 0, 0, 0.08%, 0, 0, 1, 25.16, 4729, 54, 0, 0
194, 34, 0, 5, 0, 0, 0.08%, 0, 0, 1, 25.38, 4861, 54, 0, 0
199, 35, 0, 5, 0, 0, 0.08%, 0, 0, 1, 25.40, 4993, 54, 0, 0
204, 36, 0, 5, 0, 0, 0.08%, 0, 0, 1, 24.73, 5118, 54, 0, 0
209, 37, 0, 5, 0, 0, 0.08%, 0, 0, 1, 24.49, 5243, 54, 0, 0
215, 38, 1, 5, 0, 0, 0.08%, 0, 0, 1, 25.07, 5374, 54, 0, 0
220, 39, 0, 5, 0, 0, 0.08%, 0, 0, 1, 24.99, 5503, 54, 0, 0
225, 39, 0, 5, 0, 0, 0.08%, 0, 0, 1, 24.76, 5630, 54, 0, 0
230, 40, 0, 5, 0, 0, 0.08%, 0, 0, 1, 24.87, 5756, 54, 0, 0
235, 41, 0, 5, 0, 0, 0.08%, 0, 0, 1, 24.76, 5881, 54, 0, 0
240, 42, 1, 5, 0, 0, 0.08%, 0, 0, 1, 24.64, 6006, 54, 0, 0
245, 43, 1, 5, 0, 0, 0.08%, 0, 0, 1, 24.62, 6131, 54, 0, 0
250, 44, 0, 5, 0, 0, 0.08%, 0, 0, 1, 24.70, 6256, 54, 0, 0
255, 45, 1, 5, 0, 0, 0.08%, 0, 0, 1, 24.88, 6383, 54, 0, 0
260, 46, 1, 5, 0, 0, 0.08%, 0, 0, 1, 24.82, 6508, 54, 0, 0
265, 47, 0, 5, 0, 0, 0.08%, 0, 0, 1, 24.71, 6634, 54, 0, 0
271, 47, 1, 5, 0, 0, 0.08%, 0, 0, 1, 24.75, 6758, 54, 0, 0
276, 48, 0, 5, 0, 0, 0.08%, 0, 0, 1, 24.64, 6884, 54, 0, 0
281, 49, 0, 5, 0, 0, 0.08%, 0, 0, 1, 24.52, 7009, 54, 0, 0
286, 50, 0, 5, 0, 0, 0.08%, 0, 0, 1, 24.84, 7135, 54, 0, 0
291, 51, 0, 5, 0, 0, 0.08%, 0, 0, 1, 25.03, 7263, 54, 0, 0
296, 52, 1, 5, 0, 0, 0.08%, 0, 0, 1, 24.92, 7392, 54, 0, 0
301, 53, 0, 5, 0, 0, 0.08%, 0, 0, 1, 24.90, 7519, 54, 0, 0
306, 54, 0, 5, 0, 0, 0.08%, 0, 0, 1, 25.00, 7648, 54, 0, 0
311, 55, 1, 5, 0, 0, 0.08%, 0, 0, 1, 24.81, 7774, 54, 0, 0
317, 56, 1, 5, 0, 0, 0.08%, 0, 0, 1, 24.79, 7902, 54, 0, 0
322, 57, 1, 5, 0, 0, 0.08%, 0, 0, 1, 24.66, 8030, 54, 0, 0
327, 57, 0, 5, 0, 0, 0.08%, 0, 0, 1, 24.87, 8158, 54, 0, 0
332, 58, 0, 5, 0, 0, 0.08%, 0, 0, 1, 24.82, 8283, 54, 0, 0
337, 59, 0, 5, 0, 0, 0.08%, 0, 0, 1, 24.88, 8409, 54, 0, 0
342, 60, 0, 5, 0, 0, 0.08%, 0, 0, 1, 25.03, 8539, 54, 0, 0
347, 61, 0, 5, 0, 0, 0.08%, 0, 0, 1, 24.96, 8666, 54, 0, 0
352, 62, 0, 5, 0, 0, 0.08%, 0, 0, 1, 24.96, 8792, 54, 0, 0
357, 63, 0, 5, 0, 0, 0.08%, 0, 0, 1, 25.06, 8920, 54, 0, 0
363, 64, 0, 5, 0, 0, 0.08%, 0, 0, 1, 25.07, 9049, 54, 0, 0
368, 65, 0, 5, 0, 0, 0.08%, 0, 0, 1, 25.16, 9176, 54, 0, 0
373, 66, 0, 5, 0, 0, 0.08%, 0, 0, 1, 24.62, 9301, 54, 0, 0
378, 67, 0, 5, 0, 0, 0.08%, 0, 0, 1, 24.63, 9426, 54, 0, 0
383, 67, 0, 5, 0, 0, 0.08%, 0, 0, 1, 24.73, 9554, 54, 0, 0
388, 68, 0, 5, 0, 0, 0.08%, 0, 0, 1, 25.16, 9682, 54, 0, 0
393, 69, 0, 5, 0, 0, 0.08%, 0, 0, 1, 25.02, 9810, 54, 0, 0
398, 70, 1, 5, 0, 0, 0.08%, 0, 0, 1, 24.92, 9939, 54, 0, 0
404, 71, 0, 5, 0, 0, 0.08%, 0, 0, 1, 24.54, 10064, 54, 0, 0
409, 72, 0, 5, 0, 0, 0.08%, 0, 0, 1, 24.83, 10191, 54, 0, 0
414, 73, 0, 5, 0, 0, 0.08%, 0, 0, 1, 24.93, 10316, 54, 0, 0
419, 74, 0, 5, 0, 0, 0.08%, 0, 0, 1, 25.29, 10448, 54, 0, 0
424, 75, 0, 5, 0, 0, 0.08%, 0, 0, 1, 24.98, 10575, 54, 0, 0
429, 76, 0, 5, 0, 0, 0.08%, 0, 0, 1, 24.83, 10702, 54, 0, 0
434, 77, 0, 5, 0, 0, 0.08%, 0, 0, 1, 25.01, 10830, 54, 0, 0
439, 77, 0, 5, 0, 0, 0.08%, 0, 0, 1, 25.08, 10958, 54, 0, 0
444, 78, 0, 5, 0, 0, 0.08%, 0, 0, 1, 25.04, 11084, 54, 0, 0
449, 79, 0, 5, 0, 0, 0.08%, 0, 0, 1, 25.05, 11212, 54, 0, 0
454, 80, 0, 5, 0, 0, 0.08%, 0, 0, 1, 25.10, 11341, 54, 0, 0
460, 81, 1, 5, 0, 0, 0.08%, 0, 0, 1, 24.85, 11470, 54, 0, 0
465, 82, 0, 5, 0, 0, 0.08%, 0, 0, 1, 24.81, 11595, 54, 0, 0
470, 83, 0, 5, 0, 0, 0.08%, 0, 0, 1, 24.86, 11723, 54, 0, 0
475, 84, 0, 5, 0, 0, 0.08%, 0, 0, 1, 24.92, 11848, 54, 0, 0
480, 85, 0, 5, 0, 0, 0.08%, 0, 0, 1, 24.80, 11973, 54, 0, 0
485, 86, 0, 5, 0, 0, 0.08%, 0, 0, 1, 24.44, 12100, 54, 0, 0
490, 87, 1, 5, 0, 0, 0.08%, 0, 0, 1, 24.67, 12224, 54, 0, 0
495, 87, 0, 5, 0, 0, 0.08%, 0, 0, 1, 24.92, 12354, 54, 0, 0
500, 88, 0, 5, 0, 0, 0.08%, 0, 0, 1, 24.83, 12480, 54, 0, 0
506, 89, 0, 5, 0, 0, 0.08%, 0, 0, 1, 24.74, 12606, 54, 0, 0
511, 90, 0, 5, 0, 0, 0.08%, 0, 0, 1, 24.95, 12733, 54, 0, 0
516, 91, 1, 5, 0, 0, 0.08%, 0, 0, 1, 24.60, 12860, 54, 0, 0
521, 92, 0, 5, 0, 0, 0.08%, 0, 0, 1, 24.58, 12985, 54, 0, 0
526, 93, 0, 5, 0, 0, 0.08%, 0, 0, 1, 24.73, 13109, 54, 0, 0
531, 94, 0, 5, 0, 0, 0.08%, 0, 0, 1, 24.65, 13232, 54, 0, 0
536, 95, 0, 5, 0, 0, 0.08%, 0, 0, 1, 24.60, 13357, 54, 0, 0
541, 95, 0, 5, 0, 0, 0.08%, 0, 0, 1, 24.74, 13482, 54, 0, 0
546, 96, 1, 5, 0, 0, 0.08%, 0, 0, 1, 24.87, 13608, 54, 0, 0
551, 97, 0, 5, 0, 0, 0.08%, 0, 0, 1, 24.86, 13736, 54, 0, 0
556, 98, 0, 5, 0, 0, 0.08%, 0, 0, 1, 24.93, 13861, 54, 0, 0
561, 99, 0, 5, 0, 0, 0.08%, 0, 0, 1, 25.01, 13991, 54, 0, 0
567, 100, 0, 5, 0, 0, 0.08%, 0, 0, 1, 24.96, 14121, 54, 0, 0
572, 101, 0, 5, 0, 0, 0.08%, 0, 0, 1, 24.99, 14249, 54, 0, 0
577, 102, 1, 5, 0, 0, 0.08%, 0, 0, 1, 24.98, 14378, 54, 0, 0
582, 103, 0, 5, 0, 0, 0.08%, 0, 0, 1, 24.77, 14503, 54, 0, 0
587, 104, 0, 5, 0, 0, 0.08%, 0, 0, 1, 24.59, 14629, 54, 0, 0
592, 105, 0, 5, 0, 0, 0.08%, 0, 0, 1, 24.89, 14755, 54, 0, 0
597, 106, 0, 5, 0, 0, 0.08%, 0, 0, 1, 24.95, 14885, 54, 0, 0
602, 106, 0, 5, 0, 0, 0.08%, 0, 0, 1, 25.07, 15013, 54, 0, 0
607, 107, 1, 5, 0, 0, 0.08%, 0, 0, 1, 23.35, 15131, 54, 0, 0
613, 108, 0, 5, 0, 0, 0.08%, 0, 0, 1, 24.34, 15256, 54, 0, 0
618, 109, 0, 5, 0, 0, 0.08%, 0, 0, 1, 24.69, 15381, 54, 0, 0
623, 110, 1, 5, 0, 0, 0.08%, 0, 0, 1, 24.86, 15507, 54, 0, 0
628, 111, 0, 5, 0, 0, 0.08%, 0, 0, 1, 24.96, 15636, 54, 0, 0
633, 112, 0, 5, 0, 0, 0.08%, 0, 0, 1, 24.94, 15765, 54, 0, 0
638, 113, 0, 5, 0, 0, 0.08%, 0, 0, 1, 23.23, 15885, 54, 0, 0
643, 114, 0, 5, 0, 0, 0.08%, 0, 0, 1, 24.18, 16006, 54, 0, 0
648, 114, 0, 5, 0, 0, 0.08%, 0, 0, 1, 24.47, 16131, 54, 0, 0
653, 115, 1, 5, 0, 0, 0.08%, 0, 0, 1, 24.56, 16256, 54, 0, 0
659, 116, 0, 5, 0, 0, 0.08%, 0, 0, 1, 24.64, 16381, 54, 0, 0
664, 117, 0, 5, 0, 0, 0.08%, 0, 0, 1, 24.85, 16508, 54, 0, 0
669, 118, 0, 5, 0, 0, 0.08%, 0, 0, 1, 24.82, 16635, 54, 0, 0
674, 119, 0, 5, 0, 0, 0.08%, 0, 0, 1, 25.01, 16762, 54, 0, 0
679, 120, 0, 5, 0, 0, 0.08%, 0, 0, 1, 24.76, 16889, 54, 0, 0
684, 121, 0, 5, 0, 0, 0.08%, 0, 0, 1, 24.69, 17017, 54, 0, 0
689, 122, 0, 5, 0, 0, 0.08%, 0, 0, 1, 24.88, 17145, 54, 0, 0
694, 123, 0, 5, 0, 0, 0.08%, 0, 0, 1, 24.97, 17273, 54, 0, 0
699, 123, 0, 5, 0, 0, 0.08%, 0, 0, 1, 24.80, 17400, 54, 0, 0
705, 124, 0, 5, 0, 0, 0.08%, 0, 0, 1, 24.69, 17526, 54, 0, 0
710, 125, 0, 5, 0, 0, 0.08%, 0, 0, 1, 24.70, 17651, 54, 0, 0
715, 126, 0, 5, 0, 0, 0.08%, 0, 0, 1, 24.63, 17776, 54, 0, 0
720, 127, 0, 5, 0, 0, 0.08%, 0, 0, 1, 24.52, 17901, 54, 0, 0
725, 128, 0, 5, 0, 0, 0.08%, 0, 0, 1, 24.52, 18026, 54, 0, 0
730, 129, 0, 5, 0, 0, 0.08%, 0, 0, 1, 24.61, 18152, 54, 0, 0
735, 130, 1, 5, 0, 0, 0.08%, 0, 0, 1, 24.75, 18280, 54, 0, 0
740, 131, 0, 5, 0, 0, 0.08%, 0, 0, 1, 24.82, 18406, 54, 0, 0
745, 132, 0, 5, 0, 0, 0.08%, 0, 0, 1, 24.86, 18534, 54, 0, 0
750, 132, 0, 5, 0, 0, 0.08%, 0, 0, 1, 24.50, 18655, 54, 0, 0
755, 133, 0, 5, 0, 0, 0.08%, 0, 0, 1, 24.78, 18781, 54, 0, 0
761, 134, 1, 5, 0, 0, 0.08%, 0, 0, 1, 24.85, 18908, 54, 0, 0
766, 135, 0, 5, 0, 0, 0.08%, 0, 0, 1, 24.80, 19037, 54, 0, 0
771, 136, 0, 5, 0, 0, 0.08%, 0, 0, 1, 24.72, 19162, 54, 0, 0
776, 137, 0, 5, 0, 0, 0.08%, 0, 0, 1, 24.64, 19287, 54, 0, 0
781, 138, 0, 5, 0, 0, 0.08%, 0, 0, 1, 24.76, 19411, 54, 0, 0
786, 139, 0, 5, 0, 0, 0.08%, 0, 0, 1, 24.90, 19537, 54, 0, 0
791, 140, 0, 5, 0, 0, 0.08%, 0, 0, 1, 24.77, 19661, 54, 0, 0
796, 141, 0, 5, 0, 0, 0.08%, 0, 0, 1, 24.88, 19788, 54, 0, 0
801, 141, 0, 5, 0, 0, 0.08%, 0, 0, 1, 24.94, 19914, 54, 0, 0
806, 142, 1, 5, 0, 0, 0.08%, 0, 0, 1, 24.82, 20041, 54, 0, 0
811, 143, 0, 5, 0, 0, 0.08%, 0, 0, 1, 24.74, 20166, 54, 0, 0
816, 144, 0, 5, 0, 0, 0.08%, 0, 0, 1, 24.47, 20291, 54, 0, 0
822, 145, 0, 5, 0, 0, 0.08%, 0, 0, 1, 24.80, 20421, 54, 0, 0
827, 146, 0, 5, 0, 0, 0.08%, 0, 0, 1, 24.68, 20547, 54, 0, 0
832, 147, 0, 5, 0, 0, 0.08%, 0, 0, 1, 24.90, 20672, 54, 0, 0
837, 148, 0, 5, 0, 0, 0.08%, 0, 0, 1, 24.99, 20800, 54, 0, 0
842, 149, 0, 5, 0, 0, 0.08%, 0, 0, 1, 25.02, 20928, 54, 0, 0
847, 150, 0, 5, 0, 0, 0.08%, 0, 0, 1, 24.88, 21055, 54, 0, 0
852, 150, 1, 5, 0, 0, 0.08%, 0, 0, 1, 24.84, 21180, 54, 0, 0
857, 151, 0, 5, 0, 0, 0.08%, 0, 0, 1, 24.75, 21305, 54, 0, 0
862, 152, 0, 5, 0, 0, 0.08%, 0, 0, 1, 24.55, 21430, 54, 0, 0
868, 153, 0, 5, 0, 0, 0.08%, 0, 0, 1, 24.83, 21558, 54, 0, 0
873, 154, 0, 5, 0, 0, 0.08%, 0, 0, 1, 24.82, 21686, 54, 0, 0
878, 155, 0, 5, 0, 0, 0.08%, 0, 0, 1, 24.71, 21811, 54, 0, 0
883, 156, 0, 5, 0, 0, 0.08%, 0, 0, 1, 24.70, 21936, 54, 0, 0
888, 157, 0, 5, 0, 0, 0.08%, 0, 0, 1, 24.74, 22061, 54, 0, 0
893, 158, 0, 5, 0, 0, 0.08%, 0, 0, 1, 24.54, 22186, 54, 0, 0
897, 158, 1, 5, 0, 0, 0.08%, 0, 0, 1, 23.74, 22280, 54, 0, 0
