# relative_time, cycles_done, cur_item, corpus_count, pending_total, pending_favs, map_size, saved_crashes, saved_hangs, max_depth, execs_per_sec, total_execs, edges_found, total_crashes, servers_count
61, 7, 0, 5, 0, 0, 0.09%, 0, 0, 1, 17.72, 1148, 61, 0, 0
66, 8, 1, 5, 0, 0, 0.09%, 0, 0, 1, 17.77, 1238, 61, 0, 0
71, 9, 1, 5, 0, 0, 0.09%, 0, 0, 1, 18.53, 1333, 61, 0, 0
76, 9, 1, 5, 0, 0, 0.09%, 0, 0, 1, 18.34, 1428, 61, 0, 0
81, 10, 1, 5, 0, 0, 0.09%, 0, 0, 1, 18.43, 1523, 61, 0, 0
86, 11, 0, 5, 0, 0, 0.09%, 0, 0, 1, 17.82, 1615, 61, 0, 0
91, 11, 1, 5, 0, 0, 0.09%, 0, 0, 1, 18.53, 1709, 61, 0, 0
97, 12, 1, 5, 0, 0, 0.09%, 0, 0, 1, 18.34, 1800, 61, 0, 0
102, 13, 1, 5, 0, 0, 0.09%, 0, 0, 1, 18.28, 1894, 61, 0, 0
107, 13, 1, 5, 0, 0, 0.09%, 0, 0, 1, 17.85, 1983, 61, 0, 0
112, 14, 1, 5, 0, 0, 0.09%, 0, 0, 1, 16.53, 2067, 61, 0, 0
117, 15, 1, 5, 0, 0, 0.09%, 0, 0, 1, 16.33, 2148, 61, 0, 0
122, 15, 1, 5, 0, 0, 0.09%, 0, 0, 1, 17.24, 2241, 61, 0, 0
127, 16, 1, 5, 0, 0, 0.09%, 0, 0, 1, 17.81, 2331, 61, 0, 0
132, 17, 1, 5, 0, 0, 0.09%, 0, 0, 1, 17.89, 2423, 61, 0, 0
137, 17, 1, 5, 0, 0, 0.09%, 0, 0, 1, 18.09, 2516, 61, 0, 0
143, 18, 0, 5, 0, 0, 0.09%, 0, 0, 1, 17.37, 2604, 61, 0, 0
148, 18, 0, 5, 0, 0, 0.09%, 0, 0, 1, 17.62, 2696, 61, 0, 0
153, 19, 0, 5, 0, 0, 0.09%, 0, 0, 1, 16.60, 2781, 61, 0, 0
158, 20, 1, 5, 0, 0, 0.09%, 0, 0, 1, 15.99, 2863, 61, 0, 0
163, 20, 1, 5, 0, 0, 0.09%, 0, 0, 1, 16.08, 2943, 61, 0, 0
168, 21, 1, 5, 0, 0, 0.09%, 0, 0, 1, 16.32, 3026, 61, 0, 0
173, 21, 1, 5, 0, 0, 0.09%, 0, 0, 1, 15.93, 3107, 61, 0, 0
178, 22, 1, 5, 0, 0, 0.09%, 0, 0, 1, 15.98, 3187, 61, 0, 0
183, 23, 0, 5, 0, 0, 0.09%, 0, 0, 1, 17.78, 3279, 61, 0, 0
188, 23, 1, 5, 0, 0, 0.09%, 0, 0, 1, 17.80, 3368, 61, 0, 0
193, 24, 1, 5, 0, 0, 0.09%, 0, 0, 1, 18.67, 3464, 61, 0, 0
199, 25, 0, 5, 0, 0, 0.09%, 0, 0, 1, 17.95, 3554, 61, 0, 0
204, 25, 0, 5, 0, 0, 0.09%, 0, 0, 1, 17.70, 3644, 61, 0, 0
209, 26, 1, 5, 0, 0, 0.09%, 0, 0, 1, 17.35, 3732, 61, 0, 0
214, 27, 1, 5, 0, 0, 0.09%, 0, 0, 1, 17.80, 3824, 61, 0, 0
219, 27, 1, 5, 0, 0, 0.09%, 0, 0, 1, 17.54, 3912, 61, 0, 0
224, 28, 0, 5, 0, 0, 0.09%, 0, 0, 1, 17.26, 4000, 61, 0, 0
229, 28, 1, 5, 0, 0, 0.09%, 0, 0, 1, 17.63, 4089, 61, 0, 0
234, 29, 1, 5, 0, 0, 0.09%, 0, 0, 1, 18.07, 4181, 61, 0, 0
239, 30, 1, 5, 0, 0, 0.09%, 0, 0, 1, 17.99, 4270, 61, 0, 0
244, 30, 0, 5, 0, 0, 0.09%, 0, 0, 1, 17.73, 4360, 61, 0, 0
249, 31, 1, 5, 0, 0, 0.09%, 0, 0, 1, 18.05, 4453, 61, 0, 0
254, 32, 1, 5, 0, 0, 0.09%, 0, 0, 1, 18.56, 4546, 61, 0, 0
260, 32, 1, 5, 0, 0, 0.09%, 0, 0, 1, 18.36, 4640, 61, 0, 0
265, 33, 1, 5, 0, 0, 0.09%, 0, 0, 1, 17.99, 4733, 61, 0, 0
270, 34, 1, 5, 0, 0, 0.09%, 0, 0, 1, 18.89, 4829, 61, 0, 0
275, 34, 0, 5, 0, 0, 0.09%, 0, 0, 1, 18.49, 4924, 61, 0, 0
280, 35, 1, 5, 0, 0, 0.09%, 0, 0, 1, 17.64, 5012, 61, 0, 0
285, 36, 1, 5, 0, 0, 0.09%, 0, 0, 1, 17.40, 5101, 61, 0, 0
290, 36, 0, 5, 0, 0, 0.09%, 0, 0, 1, 17.81, 5190, 61, 0, 0
295, 37, 1, 5, 0, 0, 0.09%, 0, 0, 1, 17.93, 5282, 61, 0, 0
301, 38, 1, 5, 0, 0, 0.09%, 0, 0, 1, 18.96, 5380, 61, 0, 0
306, 38, 1, 5, 0, 0, 0.09%, 0, 0, 1, 18.04, 5470, 61, 0, 0
311, 39, 1, 5, 0, 0, 0.09%, 0, 0, 1, 18.01, 5561, 61, 0, 0
316, 40, 1, 5, 0, 0, 0.09%, 0, 0, 1, 17.53, 5649, 61, 0, 0
321, 40, 1, 5, 0, 0, 0.09%, 0, 0, 1, 17.70, 5738, 61, 0, 0
326, 41, 0, 5, 0, 0, 0.09%, 0, 0, 1, 17.99, 5830, 61, 0, 0
331, 42, 1, 5, 0, 0, 0.09%, 0, 0, 1, 18.23, 5924, 61, 0, 0
336, 42, 1, 5, 0, 0, 0.09%, 0, 0, 1, 18.11, 6016, 61, 0, 0
341, 43, 1, 5, 0, 0, 0.09%, 0, 0, 1, 18.12, 6110, 61, 0, 0
346, 43, 1, 5, 0, 0, 0.09%, 0, 0, 1, 17.52, 6198, 61, 0, 0
351, 44, 1, 5, 0, 0, 0.09%, 0, 0, 1, 18.06, 6288, 61, 0, 0
356, 45, 0, 5, 0, 0, 0.09%, 0, 0, 1, 18.36, 6381, 61, 0, 0
362, 45, 1, 5, 0, 0, 0.09%, 0, 0, 1, 18.07, 6474, 61, 0, 0
367, 46, 1, 5, 0, 0, 0.09%, 0, 0, 1, 17.75, 6565, 61, 0, 0
372, 47, 1, 5, 0, 0, 0.09%, 0, 0, 1, 18.31, 6657, 61, 0, 0
377, 47, 1, 5, 0, 0, 0.09%, 0, 0, 1, 18.25, 6752, 61, 0, 0
382, 48, 1, 5, 0, 0, 0.09%, 0, 0, 1, 18.16, 6845, 61, 0, 0
387, 49, 1, 5, 0, 0, 0.09%, 0, 0, 1, 18.06, 6938, 61, 0, 0
392, 49, 0, 5, 0, 0, 0.09%, 0, 0, 1, 17.79, 7028, 61, 0, 0
398, 50, 0, 5, 0, 0, 0.09%, 0, 0, 1, 17.71, 7120, 61, 0, 0
403, 51, 1, 5, 0, 0, 0.09%, 0, 0, 1, 18.45, 7214, 61, 0, 0
408, 51, 1, 5, 0, 0, 0.09%, 0, 0, 1, 18.23, 7305, 61, 0, 0
413, 52, 1, 5, 0, 0, 0.09%, 0, 0, 1, 17.78, 7396, 61, 0, 0
418, 53, 1, 5, 0, 0, 0.09%, 0, 0, 1, 18.23, 7487, 61, 0, 0
423, 53, 1, 5, 0, 0, 0.09%, 0, 0, 1, 18.31, 7579, 61, 0, 0
428, 54, 1, 5, 0, 0, 0.09%, 0, 0, 1, 18.11, 7673, 61, 0, 0
433, 55, 1, 5, 0, 0, 0.09%, 0, 0, 1, 18.07, 7766, 61, 0, 0
438, 55, 1, 5, 0, 0, 0.09%, 0, 0, 1, 17.90, 7858, 61, 0, 0
443, 56, 0, 5, 0, 0, 0.09%, 0, 0, 1, 17.68, 7948, 61, 0, 0
449, 57, 1, 5, 0, 0, 0.09%, 0, 0, 1, 18.51, 8045, 61, 0, 0
454, 57, 1, 5, 0, 0, 0.09%, 0, 0, 1, 18.31, 8139, 61, 0, 0
459, 58, 0, 5, 0, 0, 0.09%, 0, 0, 1, 18.44, 8235, 61, 0, 0
464, 59, 1, 5, 0, 0, 0.09%, 0, 0, 1, 18.07, 8328, 61, 0, 0
469, 59, 1, 5, 0, 0, 0.09%, 0, 0, 1, 19.01, 8425, 61, 0, 0
474, 60, 1, 5, 0, 0, 0.09%, 0, 0, 1, 18.63, 8521, 61, 0, 0
479, 61, 1, 5, 0, 0, 0.09%, 0, 0, 1, 16.95, 8605, 61, 0, 0
484, 61, 1, 5, 0, 0, 0.09%, 0, 0, 1, 15.83, 8684, 61, 0, 0
489, 62, 0, 5, 0, 0, 0.09%, 0, 0, 1, 15.75, 8766, 61, 0, 0
494, 62, 0, 5, 0, 0, 0.09%, 0, 0, 1, 16.18, 8847, 61, 0, 0
499, 63, 1, 5, 0, 0, 0.09%, 0, 0, 1, 16.47, 8931, 61, 0, 0
505, 64, 1, 5, 0, 0, 0.09%, 0, 0, 1, 17.41, 9020, 61, 0, 0
510, 64, 1, 5, 0, 0, 0.09%, 0, 0, 1, 18.18, 9113, 61, 0, 0
515, 65, 1, 5, 0, 0, 0.09%, 0, 0, 1, 17.70, 9201, 61, 0, 0
520, 66, 1, 5, 0, 0, 0.09%, 0, 0, 1, 18.45, 9296, 61, 0, 0
525, 66, 1, 5, 0, 0, 0.09%, 0, 0, 1, 18.76, 9394, 61, 0, 0
530, 67, 1, 5, 0, 0, 0.09%, 0, 0, 1, 18.98, 9491, 61, 0, 0
535, 68, 1, 5, 0, 0, 0.09%, 0, 0, 1, 18.45, 9585, 61, 0, 0
540, 68, 0, 5, 0, 0, 0.09%, 0, 0, 1, 17.65, 9673, 61, 0, 0
545, 69, 1, 5, 0, 0, 0.09%, 0, 0, 1, 17.25, 9761, 61, 0, 0
551, 70, 1, 5, 0, 0, 0.09%, 0, 0, 1, 17.34, 9850, 61, 0, 0
556, 70, 1, 5, 0, 0, 0.09%, 0, 0, 1, 17.91, 9942, 61, 0, 0
561, 71, 1, 5, 0, 0, 0.09%, 0, 0, 1, 17.39, 10031, 61, 0, 0
566, 71, 0, 5, 0, 0, 0.09%, 0, 0, 1, 17.31, 10121, 61, 0, 0
571, 72, 1, 5, 0, 0, 0.09%, 0, 0, 1, 17.16, 10209, 61, 0, 0
576, 73, 1, 5, 0, 0, 0.09%, 0, 0, 1, 17.78, 10299, 61, 0, 0
581, 73, 1, 5, 0, 0, 0.09%, 0, 0, 1, 18.34, 10395, 61, 0, 0
586, 74, 1, 5, 0, 0, 0.09%, 0, 0, 1, 18.01, 10485, 61, 0, 0
591, 75, 0, 5, 0, 0, 0.09%, 0, 0, 1, 17.49, 10575, 61, 0, 0
597, 75, 1, 5, 0, 0, 0.09%, 0, 0, 1, 17.38, 10664, 61, 0, 0
602, 76, 0, 5, 0, 0, 0.09%, 0, 0, 1, 18.00, 10758, 61, 0, 0
607, 77, 1, 5, 0, 0, 0.09%, 0, 0, 1, 17.64, 10846, 61, 0, 0
612, 77, 1, 5, 0, 0, 0.09%, 0, 0, 1, 18.04, 10939, 61, 0, 0
617, 78, 1, 5, 0, 0, 0.09%, 0, 0, 1, 18.29, 11031, 61, 0, 0
622, 79, 1, 5, 0, 0, 0.09%, 0, 0, 1, 18.51, 11125, 61, 0, 0
627, 79, 1, 5, 0, 0, 0.09%, 0, 0, 1, 18.10, 11218, 61, 0, 0
632, 80, 1, 5, 0, 0, 0.09%, 0, 0, 1, 18.55, 11314, 61, 0, 0
638, 81, 1, 5, 0, 0, 0.09%, 0, 0, 1, 18.05, 11407, 61, 0, 0
643, 81, 1, 5, 0, 0, 0.09%, 0, 0, 1, 17.96, 11499, 61, 0, 0
648, 82, 1, 5, 0, 0, 0.09%, 0, 0, 1, 17.81, 11591, 61, 0, 0
653, 83, 1, 5, 0, 0, 0.09%, 0, 0, 1, 17.62, 11679, 61, 0, 0
658, 83, 1, 5, 0, 0, 0.09%, 0, 0, 1, 18.12, 11774, 61, 0, 0
663, 84, 1, 5, 0, 0, 0.09%, 0, 0, 1, 18.58, 11871, 61, 0, 0
668, 85, 1, 5, 0, 0, 0.09%, 0, 0, 1, 18.96, 11967, 61, 0, 0
674, 85, 1, 5, 0, 0, 0.09%, 0, 0, 1, 18.22, 12059, 61, 0, 0
679, 86, 1, 5, 0, 0, 0.09%, 0, 0, 1, 17.97, 12149, 61, 0, 0
684, 87, 1, 5, 0, 0, 0.09%, 0, 0, 1, 18.46, 12245, 61, 0, 0
689, 87, 1, 5, 0, 0, 0.09%, 0, 0, 1, 17.72, 12333, 61, 0, 0
694, 88, 0, 5, 0, 0, 0.09%, 0, 0, 1, 18.23, 12429, 61, 0, 0
699, 89, 1, 5, 0, 0, 0.09%, 0, 0, 1, 17.98, 12518, 61, 0, 0
704, 89, 1, 5, 0, 0, 0.09%, 0, 0, 1, 18.58, 12613, 61, 0, 0
709, 90, 1, 5, 0, 0, 0.09%, 0, 0, 1, 18.47, 12707, 61, 0, 0
714, 91, 0, 5, 0, 0, 0.09%, 0, 0, 1, 18.02, 12798, 61, 0, 0
719, 91, 1, 5, 0, 0, 0.09%, 0, 0, 1, 17.93, 12888, 61, 0, 0
724, 92, 1, 5, 0, 0, 0.09%, 0, 0, 1, 18.60, 12984, 61, 0, 0
729, 93, 1, 5, 0, 0, 0.09%, 0, 0, 1, 18.53, 13077, 61, 0, 0
735, 93, 1, 5, 0, 0, 0.09%, 0, 0, 1, 18.63, 13170, 61, 0, 0
740, 94, 1, 5, 0, 0, 0.09%, 0, 0, 1, 17.78, 13258, 61, 0, 0
745, 95, 1, 5, 0, 0, 0.09%, 0, 0, 1, 17.87, 13349, 61, 0, 0
750, 95, 0, 5, 0, 0, 0.09%, 0, 0, 1, 17.74, 13439, 61, 0, 0
755, 96, 1, 5, 0, 0, 0.09%, 0, 0, 1, 17.65, 13527, 61, 0, 0
760, 96, 1, 5, 0, 0, 0.09%, 0, 0, 1, 18.08, 13620, 61, 0, 0
765, 97, 0, 5, 0, 0, 0.09%, 0, 0, 1, 18.19, 13714, 61, 0, 0
770, 98, 0, 5, 0, 0, 0.09%, 0, 0, 1, 18.43, 13809, 61, 0, 0
775, 98, 0, 5, 0, 0, 0.09%, 0, 0, 1, 18.09, 13899, 61, 0, 0
780, 99, 1, 5, 0, 0, 0.09%, 0, 0, 1, 18.20, 13992, 61, 0, 0
786, 100, 1, 5, 0, 0, 0.09%, 0, 0, 1, 18.03, 14084, 61, 0, 0
791, 100, 1, 5, 0, 0, 0.09%, 0, 0, 1, 18.27, 14176, 61, 0, 0
796, 101, 1, 5, 0, 0, 0.09%, 0, 0, 1, 17.76, 14268, 61, 0, 0
801, 102, 1, 5, 0, 0, 0.09%, 0, 0, 1, 18.04, 14360, 61, 0, 0
806, 102, 1, 5, 0, 0, 0.09%, 0, 0, 1, 17.38, 14448, 61, 0, 0
811, 103, 1, 5, 0, 0, 0.09%, 0, 0, 1, 18.20, 14543, 61, 0, 0
816, 104, 1, 5, 0, 0, 0.09%, 0, 0, 1, 18.08, 14635, 61, 0, 0
821, 104, 1, 5, 0, 0, 0.09%, 0, 0, 1, 16.97, 14721, 61, 0, 0
827, 105, 1, 5, 0, 0, 0.09%, 0, 0, 1, 17.70, 14813, 61, 0, 0
832, 106, 1, 5, 0, 0, 0.09%, 0, 0, 1, 18.28, 14907, 61, 0, 0
837, 106, 1, 5, 0, 0, 0.09%, 0, 0, 1, 18.34, 15001, 61, 0, 0
842, 107, 1, 5, 0, 0, 0.09%, 0, 0, 1, 18.24, 15097, 61, 0, 0
847, 108, 0, 5, 0, 0, 0.09%, 0, 0, 1, 17.57, 15185, 61, 0, 0
852, 108, 1, 5, 0, 0, 0.09%, 0, 0, 1, 17.57, 15273, 61, 0, 0
857, 109, 1, 5, 0, 0, 0.09%, 0, 0, 1, 17.81, 15367, 61, 0, 0
862, 110, 1, 5, 0, 0, 0.09%, 0, 0, 1, 17.78, 15456, 61, 0, 0
868, 110, 1, 5, 0, 0, 0.09%, 0, 0, 1, 18.25, 15550, 61, 0, 0
873, 111, 1, 5, 0, 0, 0.09%, 0, 0, 1, 18.31, 15645, 61, 0, 0
878, 112, 1, 5, 0, 0, 0.09%, 0, 0, 1, 17.60, 15734, 61, 0, 0
883, 112, 1, 5, 0, 0, 0.09%, 0, 0, 1, 17.84, 15826, 61, 0, 0
888, 113, 1, 5, 0, 0, 0.09%, 0, 0, 1, 18.13, 15920, 61, 0, 0
893, 114, 1, 5, 0, 0, 0.09%, 0, 0, 1, 18.14, 16010, 61, 0, 0
897, 114, 1, 5, 0, 0, 0.09%, 0, 0, 1, 0.00, 16076, 61, 0, 0
