# relative_time, cycles_done, cur_item, corpus_count, pending_total, pending_favs, map_size, saved_crashes, saved_hangs, max_depth, execs_per_sec, total_execs, edges_found, total_crashes, servers_count
61, 10, 1, 5, 0, 0, 0.25%, 0, 0, 1, 25.43, 1574, 161, 0, 0
66, 11, 1, 5, 0, 0, 0.25%, 0, 0, 1, 25.85, 1705, 161, 0, 0
71, 12, 1, 5, 0, 0, 0.25%, 0, 0, 1, 25.17, 1833, 161, 0, 0
76, 13, 1, 5, 0, 0, 0.25%, 0, 0, 1, 24.88, 1962, 161, 0, 0
81, 14, 1, 5, 0, 0, 0.25%, 0, 0, 1, 25.21, 2091, 161, 0, 0
86, 15, 1, 5, 0, 0, 0.25%, 0, 0, 1, 24.30, 2216, 161, 0, 0
91, 16, 1, 5, 0, 0, 0.25%, 0, 0, 1, 25.33, 2344, 161, 0, 0
96, 17, 1, 5, 0, 0, 0.25%, 0, 0, 1, 25.68, 2476, 161, 0, 0
102, 18, 1, 5, 0, 0, 0.25%, 0, 0, 1, 25.03, 2606, 161, 0, 0
107, 19, 1, 5, 0, 0, 0.25%, 0, 0, 1, 25.70, 2740, 161, 0, 0
112, 20, 1, 5, 0, 0, 0.25%, 0, 0, 1, 25.23, 2868, 161, 0, 0
117, 21, 1, 5, 0, 0, 0.25%, 0, 0, 1, 25.08, 2999, 161, 0, 0
122, 22, 1, 5, 0, 0, 0.25%, 0, 0, 1, 25.09, 3130, 161, 0, 0
127, 23, 1, 5, 0, 0, 0.25%, 0, 0, 1, 25.15, 3258, 161, 0, 0
132, 23, 1, 5, 0, 0, 0.25%, 0, 0, 1, 25.24, 3385, 161, 0, 0
137, 24, 1, 5, 0, 0, 0.25%, 0, 0, 1, 25.22, 3512, 161, 0, 0
142, 25, 1, 5, 0, 0, 0.25%, 0, 0, 1, 25.09, 3638, 161, 0, 0
147, 26, 1, 5, 0, 0, 0.25%, 0, 0, 1, 25.02, 3763, 161, 0, 0
152, 27, 1, 5, 0, 0, 0.25%, 0, 0, 1, 25.41, 3892, 161, 0, 0
158, 28, 1, 5, 0, 0, 0.25%, 0, 0, 1, 25.44, 4023, 161, 0, 0
163, 29, 1, 5, 0, 0, 0.25%, 0, 0, 1, 25.61, 4152, 161, 0, 0
168, 30, 1, 5, 0, 0, 0.25%, 0, 0, 1, 25.51, 4283, 161, 0, 0
173, 31, 1, 5, 0, 0, 0.25%, 0, 0, 1, 25.64, 4412, 161, 0, 0
178, 32, 1, 5, 0, 0, 0.25%, 0, 0, 1, 25.31, 4543, 161, 0, 0
183, 33, 1, 5, 0, 0, 0.25%, 0, 0, 1, 25.31, 4670, 161, 0, 0
188, 34, 1, 5, 0, 0, 0.25%, 0, 0, 1, 25.62, 4802, 161, 0, 0
193, 34, 1, 5, 0, 0, 0.25%, 0, 0, 1, 25.85, 4934, 161, 0, 0
198, 35, 1, 5, 0, 0, 0.25%, 0, 0, 1, 25.78, 5066, 161, 0, 0
203, 36, 1, 5, 0, 0, 0.25%, 0, 0, 1, 25.20, 5194, 161, 0, 0
209, 37, 1, 5, 0, 0, 0.25%, 0, 0, 1, 24.93, 5323, 161, 0, 0
214, 38, 1, 5, 0, 0, 0.25%, 0, 0, 1, 25.55, 5454, 161, 0, 0
219, 39, 1, 5, 0, 0, 0.25%, 0, 0, 1, 25.42, 5584, 161, 0, 0
224, 40, 1, 5, 0, 0, 0.25%, 0, 0, 1, 25.43, 5713, 161, 0, 0
229, 41, 1, 5, 0, 0, 0.25%, 0, 0, 1, 25.61, 5841, 161, 0, 0
234, 42, 1, 5, 0, 0, 0.25%, 0, 0, 1, 25.77, 5971, 161, 0, 0
239, 43, 1, 5, 0, 0, 0.25%, 0, 0, 1, 25.32, 6102, 161, 0, 0
244, 44, 1, 5, 0, 0, 0.25%, 0, 0, 1, 25.19, 6232, 161, 0, 0
249, 45, 1, 5, 0, 0, 0.25%, 0, 0, 1, 24.35, 6355, 161, 0, 0
254, 45, 1, 5, 0, 0, 0.25%, 0, 0, 1, 24.02, 6476, 161, 0, 0
259, 46, 1, 5, 0, 0, 0.25%, 0, 0, 1, 25.33, 6604, 161, 0, 0
264, 47, 1, 5, 0, 0, 0.25%, 0, 0, 1, 25.66, 6736, 161, 0, 0
270, 48, 1, 5, 0, 0, 0.25%, 0, 0, 1, 25.78, 6868, 161, 0, 0
275, 49, 1, 5, 0, 0, 0.25%, 0, 0, 1, 25.86, 7000, 161, 0, 0
280, 50, 1, 5, 0, 0, 0.25%, 0, 0, 1, 25.75, 7132, 161, 0, 0
285, 51, 1, 5, 0, 0, 0.25%, 0, 0, 1, 25.26, 7262, 161, 0, 0
290, 52, 1, 5, 0, 0, 0.25%, 0, 0, 1, 25.57, 7390, 161, 0, 0
295, 53, 1, 5, 0, 0, 0.25%, 0, 0, 1, 25.61, 7521, 161, 0, 0
300, 54, 1, 5, 0, 0, 0.25%, 0, 0, 1, 25.13, 7651, 161, 0, 0
305, 55, 1, 5, 0, 0, 0.25%, 0, 0, 1, 25.54, 7784, 161, 0, 0
311, 56, 1, 5, 0, 0, 0.25%, 0, 0, 1, 25.27, 7912, 161, 0, 0
316, 57, 1, 5, 0, 0, 0.25%, 0, 0, 1, 25.10, 8040, 161, 0, 0
321, 58, 1, 5, 0, 0, 0.25%, 0, 0, 1, 25.02, 8169, 161, 0, 0
326, 59, 1, 5, 0, 0, 0.25%, 0, 0, 1, 24.97, 8299, 161, 0, 0
331, 59, 1, 5, 0, 0, 0.25%, 0, 0, 1, 25.20, 8431, 161, 0, 0
336, 60, 1, 5, 0, 0, 0.25%, 0, 0, 1, 25.29, 8562, 161, 0, 0
342, 61, 1, 5, 0, 0, 0.25%, 0, 0, 1, 25.11, 8691, 161, 0, 0
347, 62, 1, 5, 0, 0, 0.25%, 0, 0, 1, 25.40, 8821, 161, 0, 0
352, 63, 1, 5, 0, 0, 0.25%, 0, 0, 1, 25.85, 8953, 161, 0, 0
357, 64, 1, 5, 0, 0, 0.25%, 0, 0, 1, 26.17, 9085, 161, 0, 0
362, 65, 1, 5, 0, 0, 0.25%, 0, 0, 1, 25.82, 9215, 161, 0, 0
367, 66, 1, 5, 0, 0, 0.25%, 0, 0, 1, 25.43, 9346, 161, 0, 0
372, 67, 1, 5, 0, 0, 0.25%, 0, 0, 1, 25.41, 9477, 161, 0, 0
377, 68, 1, 5, 0, 0, 0.25%, 0, 0, 1, 25.15, 9606, 161, 0, 0
382, 69, 1, 5, 0, 0, 0.25%, 0, 0, 1, 24.92, 9736, 161, 0, 0
388, 70, 1, 5, 0, 0, 0.25%, 0, 0, 1, 25.06, 9865, 161, 0, 0
393, 71, 1, 5, 0, 0, 0.25%, 0, 0, 1, 25.26, 9995, 161, 0, 0
398, 72, 1, 5, 0, 0, 0.25%, 0, 0, 1, 25.06, 10123, 161, 0, 0
403, 72, 1, 5, 0, 0, 0.25%, 0, 0, 1, 25.53, 10255, 161, 0, 0
408, 73, 1, 5, 0, 0, 0.25%, 0, 0, 1, 25.30, 10383, 161, 0, 0
413, 74, 1, 5, 0, 0, 0.25%, 0, 0, 1, 25.60, 10513, 161, 0, 0
418, 75, 1, 5, 0, 0, 0.25%, 0, 0, 1, 25.57, 10642, 161, 0, 0
423, 76, 1, 5, 0, 0, 0.25%, 0, 0, 1, 25.27, 10773, 161, 0, 0
429, 77, 1, 5, 0, 0, 0.25%, 0, 0, 1, 25.41, 10903, 161, 0, 0
434, 78, 1, 5, 0, 0, 0.25%, 0, 0, 1, 25.50, 11033, 161, 0, 0
439, 79, 1, 5, 0, 0, 0.25%, 0, 0, 1, 24.78, 11158, 161, 0, 0
444, 80, 1, 5, 0, 0, 0.25%, 0, 0, 1, 24.89, 11283, 161, 0, 0
449, 81, 1, 5, 0, 0, 0.25%, 0, 0, 1, 24.98, 11413, 161, 0, 0
454, 82, 1, 5, 0, 0, 0.25%, 0, 0, 1, 25.09, 11542, 161, 0, 0
459, 83, 1, 5, 0, 0, 0.25%, 0, 0, 1, 25.60, 11672, 161, 0, 0
464, 84, 1, 5, 0, 0, 0.25%, 0, 0, 1, 24.94, 11800, 161, 0, 0
469, 84, 1, 5, 0, 0, 0.25%, 0, 0, 1, 24.87, 11927, 161, 0, 0
475, 85, 1, 5, 0, 0, 0.25%, 0, 0, 1, 25.14, 12055, 161, 0, 0
480, 86, 1, 5, 0, 0, 0.25%, 0, 0, 1, 25.64, 12186, 161, 0, 0
485, 87, 1, 5, 0, 0, 0.25%, 0, 0, 1, 25.79, 12318, 161, 0, 0
490, 88, 1, 5, 0, 0, 0.25%, 0, 0, 1, 25.40, 12449, 161, 0, 0
495, 89, 1, 5, 0, 0, 0.25%, 0, 0, 1, 25.09, 12574, 161, 0, 0
500, 90, 1, 5, 0, 0, 0.25%, 0, 0, 1, 24.92, 12699, 161, 0, 0
505, 91, 1, 5, 0, 0, 0.25%, 0, 0, 1, 25.14, 12830, 161, 0, 0
510, 92, 1, 5, 0, 0, 0.25%, 0, 0, 1, 25.28, 12957, 161, 0, 0
515, 93, 1, 5, 0, 0, 0.25%, 0, 0, 1, 25.20, 13088, 161, 0, 0
520, 94, 1, 5, 0, 0, 0.25%, 0, 0, 1, 24.93, 13217, 161, 0, 0
525, 95, 1, 5, 0, 0, 0.25%, 0, 0, 1, 24.90, 13342, 161, 0, 0
531, 95, 1, 5, 0, 0, 0.25%, 0, 0, 1, 24.99, 13472, 161, 0, 0
536, 96, 1, 5, 0, 0, 0.25%, 0, 0, 1, 25.56, 13604, 161, 0, 0
541, 97, 1, 5, 0, 0, 0.25%, 0, 0, 1, 25.24, 13734, 161, 0, 0
546, 98, 1, 5, 0, 0, 0.25%, 0, 0, 1, 24.88, 13859, 161, 0, 0
551, 99, 1, 5, 0, 0, 0.25%, 0, 0, 1, 24.84, 13984, 161, 0, 0
556, 100, 1, 5, 0, 0, 0.25%, 0, 0, 1, 24.89, 14114, 161, 0, 0
561, 101, 1, 5, 0, 0, 0.25%, 0, 0, 1, 25.48, 14246, 161, 0, 0
567, 102, 1, 5, 0, 0, 0.25%, 0, 0, 1, 25.08, 14376, 161, 0, 0
572, 103, 1, 5, 0, 0, 0.25%, 0, 0, 1, 24.40, 14502, 161, 0, 0
577, 104, 1, 5, 0, 0, 0.25%, 0, 0, 1, 24.84, 14631, 161, 0, 0
582, 105, 1, 5, 0, 0, 0.25%, 0, 0, 1, 25.10, 14761, 161, 0, 0
587, 106, 1, 5, 0, 0, 0.25%, 0, 0, 1, 25.47, 14893, 161, 0, 0
592, 107, 1, 5, 0, 0, 0.25%, 0, 0, 1, 25.17, 15021, 161, 0, 0
598, 107, 1, 5, 0, 0, 0.25%, 0, 0, 1, 24.93, 15149, 161, 0, 0
603, 108, 1, 5, 0, 0, 0.25%, 0, 0, 1, 25.30, 15279, 161, 0, 0
608, 109, 1, 5, 0, 0, 0.25%, 0, 0, 1, 25.93, 15411, 161, 0, 0
613, 110, 1, 5, 0, 0, 0.25%, 0, 0, 1, 25.76, 15543, 161, 0, 0
618, 111, 1, 5, 0, 0, 0.25%, 0, 0, 1, 25.03, 15670, 161, 0, 0
623, 112, 1, 5, 0, 0, 0.25%, 0, 0, 1, 25.22, 15801, 161, 0, 0
628, 113, 1, 5, 0, 0, 0.25%, 0, 0, 1, 25.35, 15929, 161, 0, 0
633, 114, 1, 5, 0, 0, 0.25%, 0, 0, 1, 25.24, 16058, 161, 0, 0
638, 115, 1, 5, 0, 0, 0.25%, 0, 0, 1, 24.90, 16186, 161, 0, 0
644, 116, 1, 5, 0, 0, 0.25%, 0, 0, 1, 25.38, 16318, 161, 0, 0
649, 117, 1, 5, 0, 0, 0.25%, 0, 0, 1, 25.23, 16445, 161, 0, 0
654, 118, 1, 5, 0, 0, 0.25%, 0, 0, 1, 25.01, 16570, 161, 0, 0
659, 119, 1, 5, 0, 0, 0.25%, 0, 0, 1, 25.43, 16703, 161, 0, 0
664, 119, 1, 5, 0, 0, 0.25%, 0, 0, 1, 25.01, 16830, 161, 0, 0
669, 120, 1, 5, 0, 0, 0.25%, 0, 0, 1, 25.25, 16959, 161, 0, 0
674, 121, 1, 5, 0, 0, 0.25%, 0, 0, 1, 25.56, 17091, 161, 0, 0
679, 122, 1, 5, 0, 0, 0.25%, 0, 0, 1, 25.55, 17222, 161, 0, 0
685, 123, 1, 5, 0, 0, 0.25%, 0, 0, 1, 25.15, 17354, 161, 0, 0
690, 124, 1, 5, 0, 0, 0.25%, 0, 0, 1, 25.21, 17481, 161, 0, 0
695, 125, 1, 5, 0, 0, 0.25%, 0, 0, 1, 25.63, 17613, 161, 0, 0
700, 126, 1, 5, 0, 0, 0.25%, 0, 0, 1, 25.46, 17743, 161, 0, 0
705, 127, 1, 5, 0, 0, 0.25%, 0, 0, 1, 25.32, 17874, 161, 0, 0
710, 128, 1, 5, 0, 0, 0.25%, 0, 0, 1, 25.62, 18005, 161, 0, 0
715, 129, 1, 5, 0, 0, 0.25%, 0, 0, 1, 25.39, 18137, 161, 0, 0
720, 130, 1, 5, 0, 0, 0.25%, 0, 0, 1, 25.39, 18265, 161, 0, 0
726, 131, 1, 5, 0, 0, 0.25%, 0, 0, 1, 25.13, 18395, 161, 0, 0
731, 132, 1, 5, 0, 0, 0.25%, 0, 0, 1, 25.58, 18526, 161, 0, 0
736, 132, 1, 5, 0, 0, 0.25%, 0, 0, 1, 25.63, 18656, 161, 0, 0
741, 133, 1, 5, 0, 0, 0.25%, 0, 0, 1, 25.37, 18787, 161, 0, 0
746, 134, 1, 5, 0, 0, 0.25%, 0, 0, 1, 25.21, 18918, 161, 0, 0
751, 135, 1, 5, 0, 0, 0.25%, 0, 0, 1, 25.17, 19048, 161, 0, 0
756, 136, 1, 5, 0, 0, 0.25%, 0, 0, 1, 25.54, 19178, 161, 0, 0
761, 137, 1, 5, 0, 0, 0.25%, 0, 0, 1, 25.73, 19310, 161, 0, 0
767, 138, 1, 5, 0, 0, 0.25%, 0, 0, 1, 25.83, 19442, 161, 0, 0
772, 139, 1, 5, 0, 0, 0.25%, 0, 0, 1, 25.68, 19574, 161, 0, 0
777, 140, 1, 5, 0, 0, 0.25%, 0, 0, 1, 25.71, 19706, 161, 0, 0
782, 141, 1, 5, 0, 0, 0.25%, 0, 0, 1, 25.77, 19838, 161, 0, 0
787, 142, 1, 5, 0, 0, 0.25%, 0, 0, 1, 25.82, 19969, 161, 0, 0
792, 143, 1, 5, 0, 0, 0.25%, 0, 0, 1, 25.40, 20100, 161, 0, 0
797, 144, 1, 5, 0, 0, 0.25%, 0, 0, 1, 24.82, 20225, 161, 0, 0
802, 145, 1, 5, 0, 0, 0.25%, 0, 0, 1, 24.89, 20350, 161, 0, 0
807, 146, 1, 5, 0, 0, 0.25%, 0, 0, 1, 25.12, 20481, 161, 0, 0
812, 146, 1, 5, 0, 0, 0.25%, 0, 0, 1, 25.48, 20610, 161, 0, 0
818, 147, 1, 5, 0, 0, 0.25%, 0, 0, 1, 25.72, 20740, 161, 0, 0
823, 148, 1, 5, 0, 0, 0.25%, 0, 0, 1, 25.90, 20872, 161, 0, 0
828, 149, 1, 5, 0, 0, 0.25%, 0, 0, 1, 25.91, 21004, 161, 0, 0
833, 150, 1, 5, 0, 0, 0.25%, 0, 0, 1, 25.96, 21135, 161, 0, 0
838, 151, 1, 5, 0, 0, 0.25%, 0, 0, 1, 25.09, 21263, 161, 0, 0
843, 152, 1, 5, 0, 0, 0.25%, 0, 0, 1, 25.10, 21390, 161, 0, 0
848, 153, 1, 5, 0, 0, 0.25%, 0, 0, 1, 25.31, 21520, 161, 0, 0
853, 154, 1, 5, 0, 0, 0.25%, 0, 0, 1, 25.24, 21646, 161, 0, 0
858, 155, 1, 5, 0, 0, 0.25%, 0, 0, 1, 25.37, 21774, 161, 0, 0
863, 156, 1, 5, 0, 0, 0.25%, 0, 0, 1, 25.37, 21901, 161, 0, 0
868, 157, 1, 5, 0, 0, 0.25%, 0, 0, 1, 25.78, 22033, 161, 0, 0
873, 158, 1, 5, 0, 0, 0.25%, 0, 0, 1, 25.43, 22164, 161, 0, 0
878, 158, 1, 5, 0, 0, 0.25%, 0, 0, 1, 25.02, 22292, 161, 0, 0
884, 159, 1, 5, 0, 0, 0.25%, 0, 0, 1, 25.51, 22422, 161, 0, 0
889, 160, 1, 5, 0, 0, 0.25%, 0, 0, 1, 25.31, 22550, 161, 0, 0
894, 161, 1, 5, 0, 0, 0.25%, 0, 0, 1, 24.74, 22675, 161, 0, 0
897, 162, 1, 5, 0, 0, 0.25%, 0, 0, 1, 24.24, 22753, 161, 0, 0
