# relative_time, cycles_done, cur_item, corpus_count, pending_total, pending_favs, map_size, saved_crashes, saved_hangs, max_depth, execs_per_sec, total_execs, edges_found, total_crashes, servers_count
61, 9, 1, 5, 0, 0, 0.08%, 0, 0, 1, 22.76, 1415, 54, 0, 0
66, 10, 1, 5, 0, 0, 0.08%, 0, 0, 1, 22.74, 1530, 54, 0, 0
71, 11, 0, 5, 0, 0, 0.08%, 0, 0, 1, 22.74, 1645, 54, 0, 0
76, 12, 1, 5, 0, 0, 0.08%, 0, 0, 1, 22.78, 1760, 54, 0, 0
81, 13, 1, 5, 0, 0, 0.08%, 0, 0, 1, 22.79, 1875, 54, 0, 0
86, 13, 1, 5, 0, 0, 0.08%, 0, 0, 1, 22.80, 1990, 54, 0, 0
91, 14, 1, 5, 0, 0, 0.08%, 0, 0, 1, 22.87, 2105, 54, 0, 0
96, 15, 1, 5, 0, 0, 0.08%, 0, 0, 1, 22.86, 2220, 54, 0, 0
101, 16, 1, 5, 0, 0, 0.08%, 0, 0, 1, 22.67, 2335, 54, 0, 0
106, 17, 1, 5, 0, 0, 0.08%, 0, 0, 1, 22.81, 2450, 54, 0, 0
111, 18, 0, 5, 0, 0, 0.08%, 0, 0, 1, 22.78, 2565, 54, 0, 0
116, 18, 1, 5, 0, 0, 0.08%, 0, 0, 1, 22.80, 2680, 54, 0, 0
121, 19, 1, 5, 0, 0, 0.08%, 0, 0, 1, 22.77, 2795, 54, 0, 0
126, 20, 1, 5, 0, 0, 0.08%, 0, 0, 1, 22.85, 2910, 54, 0, 0
131, 21, 1, 5, 0, 0, 0.08%, 0, 0, 1, 22.90, 3025, 54, 0, 0
136, 22, 1, 5, 0, 0, 0.08%, 0, 0, 1, 22.90, 3140, 54, 0, 0
141, 22, 1, 5, 0, 0, 0.08%, 0, 0, 1, 22.90, 3255, 54, 0, 0
147, 23, 1, 5, 0, 0, 0.08%, 0, 0, 1, 23.04, 3375, 54, 0, 0
152, 24, 1, 5, 0, 0, 0.08%, 0, 0, 1, 23.03, 3495, 54, 0, 0
157, 25, 0, 5, 0, 0, 0.08%, 0, 0, 1, 23.00, 3615, 54, 0, 0
162, 26, 1, 5, 0, 0, 0.08%, 0, 0, 1, 22.78, 3730, 54, 0, 0
167, 27, 1, 5, 0, 0, 0.08%, 0, 0, 1, 22.79, 3845, 54, 0, 0
172, 27, 1, 5, 0, 0, 0.08%, 0, 0, 1, 22.79, 3960, 54, 0, 0
177, 28, 1, 5, 0, 0, 0.08%, 0, 0, 1, 22.80, 4075, 54, 0, 0
182, 29, 1, 5, 0, 0, 0.08%, 0, 0, 1, 22.82, 4190, 54, 0, 0
187, 30, 1, 5, 0, 0, 0.08%, 0, 0, 1, 22.80, 4305, 54, 0, 0
192, 31, 1, 5, 0, 0, 0.08%, 0, 0, 1, 22.58, 4420, 54, 0, 0
197, 32, 0, 5, 0, 0, 0.08%, 0, 0, 1, 22.50, 4535, 54, 0, 0
203, 32, 1, 5, 0, 0, 0.08%, 0, 0, 1, 22.59, 4650, 54, 0, 0
208, 33, 1, 5, 0, 0, 0.08%, 0, 0, 1, 22.58, 4765, 54, 0, 0
213, 34, 1, 5, 0, 0, 0.08%, 0, 0, 1, 22.54, 4880, 54, 0, 0
218, 35, 1, 5, 0, 0, 0.08%, 0, 0, 1, 22.52, 4995, 54, 0, 0
223, 36, 1, 5, 0, 0, 0.08%, 0, 0, 1, 22.75, 5110, 54, 0, 0
228, 37, 1, 5, 0, 0, 0.08%, 0, 0, 1, 22.78, 5225, 54, 0, 0
233, 37, 0, 5, 0, 0, 0.08%, 0, 0, 1, 22.76, 5340, 54, 0, 0
238, 38, 1, 5, 0, 0, 0.08%, 0, 0, 1, 22.75, 5455, 54, 0, 0
243, 39, 1, 5, 0, 0, 0.08%, 0, 0, 1, 22.80, 5570, 54, 0, 0
248, 40, 1, 5, 0, 0, 0.08%, 0, 0, 1, 22.87, 5685, 54, 0, 0
253, 41, 1, 5, 0, 0, 0.08%, 0, 0, 1, 22.68, 5800, 54, 0, 0
258, 41, 1, 5, 0, 0, 0.08%, 0, 0, 1, 22.63, 5915, 54, 0, 0
263, 42, 1, 5, 0, 0, 0.08%, 0, 0, 1, 22.63, 6030, 54, 0, 0
268, 43, 1, 5, 0, 0, 0.08%, 0, 0, 1, 22.67, 6145, 54, 0, 0
274, 44, 1, 5, 0, 0, 0.08%, 0, 0, 1, 22.66, 6260, 54, 0, 0
279, 45, 0, 5, 0, 0, 0.08%, 0, 0, 1, 22.53, 6375, 54, 0, 0
284, 46, 0, 5, 0, 0, 0.08%, 0, 0, 1, 22.43, 6490, 54, 0, 0
289, 46, 1, 5, 0, 0, 0.08%, 0, 0, 1, 22.48, 6605, 54, 0, 0
294, 47, 1, 5, 0, 0, 0.08%, 0, 0, 1, 22.50, 6720, 54, 0, 0
299, 48, 1, 5, 0, 0, 0.08%, 0, 0, 1, 22.50, 6835, 54, 0, 0
304, 49, 1, 5, 0, 0, 0.08%, 0, 0, 1, 22.59, 6950, 54, 0, 0
309, 50, 1, 5, 0, 0, 0.08%, 0, 0, 1, 22.61, 7065, 54, 0, 0
314, 50, 1, 5, 0, 0, 0.08%, 0, 0, 1, 22.73, 7180, 54, 0, 0
319, 51, 1, 5, 0, 0, 0.08%, 0, 0, 1, 22.74, 7295, 54, 0, 0
324, 52, 0, 5, 0, 0, 0.08%, 0, 0, 1, 22.75, 7410, 54, 0, 0
329, 53, 1, 5, 0, 0, 0.08%, 0, 0, 1, 22.86, 7525, 54, 0, 0
334, 54, 0, 5, 0, 0, 0.08%, 0, 0, 1, 22.80, 7640, 54, 0, 0
340, 55, 1, 5, 0, 0, 0.08%, 0, 0, 1, 23.01, 7760, 54, 0, 0
345, 55, 1, 5, 0, 0, 0.08%, 0, 0, 1, 23.08, 7880, 54, 0, 0
350, 56, 1, 5, 0, 0, 0.08%, 0, 0, 1, 23.07, 8000, 54, 0, 0
355, 57, 1, 5, 0, 0, 0.08%, 0, 0, 1, 23.05, 8120, 54, 0, 0
361, 58, 1, 5, 0, 0, 0.08%, 0, 0, 1, 23.04, 8240, 54, 0, 0
366, 59, 1, 5, 0, 0, 0.08%, 0, 0, 1, 23.08, 8360, 54, 0, 0
371, 60, 1, 5, 0, 0, 0.08%, 0, 0, 1, 22.90, 8475, 54, 0, 0
376, 61, 1, 5, 0, 0, 0.08%, 0, 0, 1, 22.73, 8590, 54, 0, 0
381, 61, 0, 5, 0, 0, 0.08%, 0, 0, 1, 22.79, 8705, 54, 0, 0
386, 62, 1, 5, 0, 0, 0.08%, 0, 0, 1, 22.78, 8820, 54, 0, 0
391, 63, 0, 5, 0, 0, 0.08%, 0, 0, 1, 22.53, 8935, 54, 0, 0
396, 64, 1, 5, 0, 0, 0.08%, 0, 0, 1, 22.43, 9050, 54, 0, 0
401, 65, 1, 5, 0, 0, 0.08%, 0, 0, 1, 22.62, 9165, 54, 0, 0
406, 65, 0, 5, 0, 0, 0.08%, 0, 0, 1, 22.66, 9280, 54, 0, 0
411, 66, 1, 5, 0, 0, 0.08%, 0, 0, 1, 22.66, 9395, 54, 0, 0
416, 67, 1, 5, 0, 0, 0.08%, 0, 0, 1, 22.67, 9510, 54, 0, 0
422, 68, 1, 5, 0, 0, 0.08%, 0, 0, 1, 22.66, 9625, 54, 0, 0
427, 69, 1, 5, 0, 0, 0.08%, 0, 0, 1, 22.68, 9740, 54, 0, 0
432, 70, 0, 5, 0, 0, 0.08%, 0, 0, 1, 22.58, 9855, 54, 0, 0
437, 70, 1, 5, 0, 0, 0.08%, 0, 0, 1, 22.55, 9970, 54, 0, 0
442, 71, 1, 5, 0, 0, 0.08%, 0, 0, 1, 22.55, 10085, 54, 0, 0
447, 72, 1, 5, 0, 0, 0.08%, 0, 0, 1, 22.55, 10200, 54, 0, 0
452, 73, 1, 5, 0, 0, 0.08%, 0, 0, 1, 22.55, 10315, 54, 0, 0
457, 74, 1, 5, 0, 0, 0.08%, 0, 0, 1, 22.40, 10430, 54, 0, 0
462, 75, 1, 5, 0, 0, 0.08%, 0, 0, 1, 22.55, 10545, 54, 0, 0
467, 75, 0, 5, 0, 0, 0.08%, 0, 0, 1, 22.69, 10660, 54, 0, 0
472, 76, 1, 5, 0, 0, 0.08%, 0, 0, 1, 22.56, 10775, 54, 0, 0
478, 77, 1, 5, 0, 0, 0.08%, 0, 0, 1, 22.55, 10890, 54, 0, 0
483, 78, 1, 5, 0, 0, 0.08%, 0, 0, 1, 22.70, 11005, 54, 0, 0
488, 79, 1, 5, 0, 0, 0.08%, 0, 0, 1, 22.71, 11120, 54, 0, 0
493, 79, 1, 5, 0, 0, 0.08%, 0, 0, 1, 22.72, 11235, 54, 0, 0
498, 80, 1, 5, 0, 0, 0.08%, 0, 0, 1, 22.71, 11350, 54, 0, 0
503, 81, 0, 5, 0, 0, 0.08%, 0, 0, 1, 22.72, 11465, 54, 0, 0
508, 82, 0, 5, 0, 0, 0.08%, 0, 0, 1, 22.74, 11580, 54, 0, 0
513, 83, 1, 5, 0, 0, 0.08%, 0, 0, 1, 22.74, 11695, 54, 0, 0
518, 84, 1, 5, 0, 0, 0.08%, 0, 0, 1, 22.69, 11810, 54, 0, 0
523, 84, 1, 5, 0, 0, 0.08%, 0, 0, 1, 22.54, 11925, 54, 0, 0
528, 85, 1, 5, 0, 0, 0.08%, 0, 0, 1, 22.46, 12040, 54, 0, 0
533, 86, 1, 5, 0, 0, 0.08%, 0, 0, 1, 22.54, 12155, 54, 0, 0
538, 87, 1, 5, 0, 0, 0.08%, 0, 0, 1, 22.73, 12270, 54, 0, 0
544, 88, 1, 5, 0, 0, 0.08%, 0, 0, 1, 22.60, 12385, 54, 0, 0
549, 88, 1, 5, 0, 0, 0.08%, 0, 0, 1, 22.67, 12500, 54, 0, 0
554, 89, 1, 5, 0, 0, 0.08%, 0, 0, 1, 22.73, 12615, 54, 0, 0
559, 90, 1, 5, 0, 0, 0.08%, 0, 0, 1, 22.76, 12730, 54, 0, 0
564, 91, 1, 5, 0, 0, 0.08%, 0, 0, 1, 22.77, 12845, 54, 0, 0
569, 92, 1, 5, 0, 0, 0.08%, 0, 0, 1, 22.81, 12960, 54, 0, 0
574, 93, 0, 5, 0, 0, 0.08%, 0, 0, 1, 22.77, 13075, 54, 0, 0
579, 93, 1, 5, 0, 0, 0.08%, 0, 0, 1, 22.60, 13190, 54, 0, 0
584, 94, 1, 5, 0, 0, 0.08%, 0, 0, 1, 22.57, 13305, 54, 0, 0
589, 95, 1, 5, 0, 0, 0.08%, 0, 0, 1, 22.56, 13420, 54, 0, 0
594, 96, 1, 5, 0, 0, 0.08%, 0, 0, 1, 22.68, 13535, 54, 0, 0
599, 97, 0, 5, 0, 0, 0.08%, 0, 0, 1, 22.71, 13650, 54, 0, 0
604, 98, 1, 5, 0, 0, 0.08%, 0, 0, 1, 22.74, 13765, 54, 0, 0
609, 98, 1, 5, 0, 0, 0.08%, 0, 0, 1, 22.75, 13880, 54, 0, 0
615, 99, 1, 5, 0, 0, 0.08%, 0, 0, 1, 22.61, 13995, 54, 0, 0
620, 100, 1, 5, 0, 0, 0.08%, 0, 0, 1, 22.55, 14110, 54, 0, 0
625, 101, 1, 5, 0, 0, 0.08%, 0, 0, 1, 22.50, 14225, 54, 0, 0
630, 102, 1, 5, 0, 0, 0.08%, 0, 0, 1, 22.67, 14340, 54, 0, 0
635, 102, 1, 5, 0, 0, 0.08%, 0, 0, 1, 22.77, 14455, 54, 0, 0
640, 103, 1, 5, 0, 0, 0.08%, 0, 0, 1, 22.60, 14570, 54, 0, 0
645, 104, 1, 5, 0, 0, 0.08%, 0, 0, 1, 22.54, 14685, 54, 0, 0
650, 105, 1, 5, 0, 0, 0.08%, 0, 0, 1, 22.56, 14800, 54, 0, 0
655, 106, 1, 5, 0, 0, 0.08%, 0, 0, 1, 22.69, 14915, 54, 0, 0
660, 107, 0, 5, 0, 0, 0.08%, 0, 0, 1, 22.51, 15030, 54, 0, 0
665, 107, 1, 5, 0, 0, 0.08%, 0, 0, 1, 22.46, 15145, 54, 0, 0
671, 108, 1, 5, 0, 0, 0.08%, 0, 0, 1, 22.40, 15260, 54, 0, 0
676, 109, 1, 5, 0, 0, 0.08%, 0, 0, 1, 22.47, 15375, 54, 0, 0
681, 110, 1, 5, 0, 0, 0.08%, 0, 0, 1, 22.47, 15490, 54, 0, 0
686, 111, 1, 5, 0, 0, 0.08%, 0, 0, 1, 22.52, 15605, 54, 0, 0
691, 111, 1, 5, 0, 0, 0.08%, 0, 0, 1, 22.49, 15720, 54, 0, 0
696, 112, 1, 5, 0, 0, 0.08%, 0, 0, 1, 22.50, 15835, 54, 0, 0
701, 113, 1, 5, 0, 0, 0.08%, 0, 0, 1, 22.72, 15950, 54, 0, 0
706, 114, 1, 5, 0, 0, 0.08%, 0, 0, 1, 22.80, 16065, 54, 0, 0
711, 115, 1, 5, 0, 0, 0.08%, 0, 0, 1, 22.83, 16180, 54, 0, 0
716, 116, 1, 5, 0, 0, 0.08%, 0, 0, 1, 22.83, 16295, 54, 0, 0
721, 116, 1, 5, 0, 0, 0.08%, 0, 0, 1, 22.84, 16410, 54, 0, 0
726, 117, 1, 5, 0, 0, 0.08%, 0, 0, 1, 22.79, 16525, 54, 0, 0
731, 118, 1, 5, 0, 0, 0.08%, 0, 0, 1, 22.56, 16640, 54, 0, 0
737, 119, 1, 5, 0, 0, 0.08%, 0, 0, 1, 22.54, 16755, 54, 0, 0
742, 120, 1, 5, 0, 0, 0.08%, 0, 0, 1, 22.55, 16870, 54, 0, 0
747, 121, 1, 5, 0, 0, 0.08%, 0, 0, 1, 22.58, 16985, 54, 0, 0
752, 121, 1, 5, 0, 0, 0.08%, 0, 0, 1, 22.62, 17100, 54, 0, 0
757, 122, 1, 5, 0, 0, 0.08%, 0, 0, 1, 22.74, 17215, 54, 0, 0
762, 123, 1, 5, 0, 0, 0.08%, 0, 0, 1, 22.81, 17330, 54, 0, 0
767, 124, 0, 5, 0, 0, 0.08%, 0, 0, 1, 22.75, 17445, 54, 0, 0
772, 125, 1, 5, 0, 0, 0.08%, 0, 0, 1, 22.77, 17560, 54, 0, 0
777, 125, 1, 5, 0, 0, 0.08%, 0, 0, 1, 22.76, 17675, 54, 0, 0
782, 126, 1, 5, 0, 0, 0.08%, 0, 0, 1, 22.82, 17790, 54, 0, 0
787, 127, 0, 5, 0, 0, 0.08%, 0, 0, 1, 22.87, 17905, 54, 0, 0
792, 128, 1, 5, 0, 0, 0.08%, 0, 0, 1, 22.79, 18020, 54, 0, 0
797, 129, 0, 5, 0, 0, 0.08%, 0, 0, 1, 22.79, 18135, 54, 0, 0
802, 130, 1, 5, 0, 0, 0.08%, 0, 0, 1, 22.83, 18250, 54, 0, 0
807, 130, 1, 5, 0, 0, 0.08%, 0, 0, 1, 22.83, 18365, 54, 0, 0
812, 131, 1, 5, 0, 0, 0.08%, 0, 0, 1, 22.86, 18480, 54, 0, 0
817, 132, 0, 5, 0, 0, 0.08%, 0, 0, 1, 22.84, 18595, 54, 0, 0
822, 133, 0, 5, 0, 0, 0.08%, 0, 0, 1, 22.90, 18710, 54, 0, 0
827, 134, 0, 5, 0, 0, 0.08%, 0, 0, 1, 22.89, 18825, 54, 0, 0
833, 134, 1, 5, 0, 0, 0.08%, 0, 0, 1, 22.51, 18940, 54, 0, 0
838, 135, 1, 5, 0, 0, 0.08%, 0, 0, 1, 22.45, 19055, 54, 0, 0
843, 136, 1, 5, 0, 0, 0.08%, 0, 0, 1, 22.50, 19170, 54, 0, 0
848, 137, 1, 5, 0, 0, 0.08%, 0, 0, 1, 22.74, 19285, 54, 0, 0
853, 138, 1, 5, 0, 0, 0.08%, 0, 0, 1, 22.76, 19400, 54, 0, 0
858, 139, 1, 5, 0, 0, 0.08%, 0, 0, 1, 22.70, 19515, 54, 0, 0
863, 139, 1, 5, 0, 0, 0.08%, 0, 0, 1, 22.66, 19630, 54, 0, 0
868, 140, 1, 5, 0, 0, 0.08%, 0, 0, 1, 22.54, 19745, 54, 0, 0
873, 141, 1, 5, 0, 0, 0.08%, 0, 0, 1, 22.49, 19860, 54, 0, 0
878, 142, 0, 5, 0, 0, 0.08%, 0, 0, 1, 22.44, 19975, 54, 0, 0
884, 143, 1, 5, 0, 0, 0.08%, 0, 0, 1, 22.44, 20090, 54, 0, 0
889, 144, 1, 5, 0, 0, 0.08%, 0, 0, 1, 22.49, 20205, 54, 0, 0
894, 144, 0, 5, 0, 0, 0.08%, 0, 0, 1, 22.07, 20315, 54, 0, 0
897, 145, 1, 5, 0, 0, 0.08%, 0, 0, 1, 21.70, 20383, 54, 0, 0
