# relative_time, cycles_done, cur_item, corpus_count, pending_total, pending_favs, map_size, saved_crashes, saved_hangs, max_depth, execs_per_sec, total_execs, edges_found, total_crashes, servers_count
61, 7, 1, 5, 0, 0, 0.34%, 0, 0, 1, 10.04, 658, 220, 0, 0
66, 7, 1, 5, 0, 0, 0.34%, 0, 0, 1, 10.01, 709, 220, 0, 0
72, 8, 1, 5, 0, 0, 0.34%, 0, 0, 1, 10.06, 761, 220, 0, 0
77, 9, 1, 5, 0, 0, 0.34%, 0, 0, 1, 10.22, 814, 220, 0, 0
82, 9, 1, 5, 0, 0, 0.34%, 0, 0, 1, 10.22, 867, 220, 0, 0
87, 10, 1, 5, 0, 0, 0.34%, 0, 0, 1, 10.19, 919, 220, 0, 0
92, 11, 1, 5, 0, 0, 0.34%, 0, 0, 1, 10.28, 973, 220, 0, 0
97, 11, 1, 5, 0, 0, 0.34%, 0, 0, 1, 10.44, 1027, 220, 0, 0
103, 12, 1, 5, 0, 0, 0.34%, 0, 0, 1, 10.18, 1078, 220, 0, 0
108, 13, 1, 5, 0, 0, 0.34%, 0, 0, 1, 10.06, 1130, 220, 0, 0
113, 13, 1, 5, 0, 0, 0.34%, 0, 0, 1, 10.05, 1181, 220, 0, 0
118, 14, 1, 5, 0, 0, 0.34%, 0, 0, 1, 10.10, 1233, 220, 0, 0
123, 14, 1, 5, 0, 0, 0.34%, 0, 0, 1, 10.14, 1284, 220, 0, 0
128, 15, 1, 5, 0, 0, 0.34%, 0, 0, 1, 10.16, 1337, 220, 0, 0
133, 16, 1, 5, 0, 0, 0.34%, 0, 0, 1, 10.27, 1391, 220, 0, 0
139, 16, 1, 5, 0, 0, 0.34%, 0, 0, 1, 10.31, 1445, 220, 0, 0
144, 17, 1, 5, 0, 0, 0.34%, 0, 0, 1, 10.29, 1499, 220, 0, 0
149, 18, 1, 5, 0, 0, 0.34%, 0, 0, 1, 10.29, 1553, 220, 0, 0
154, 18, 1, 5, 0, 0, 0.34%, 0, 0, 1, 10.30, 1607, 220, 0, 0
160, 19, 1, 5, 0, 0, 0.34%, 0, 0, 1, 10.26, 1660, 220, 0, 0
165, 19, 1, 5, 0, 0, 0.34%, 0, 0, 1, 10.37, 1712, 220, 0, 0
170, 20, 1, 5, 0, 0, 0.34%, 0, 0, 1, 10.38, 1766, 220, 0, 0
175, 21, 1, 5, 0, 0, 0.34%, 0, 0, 1, 10.39, 1820, 220, 0, 0
180, 21, 1, 5, 0, 0, 0.34%, 0, 0, 1, 10.40, 1874, 220, 0, 0
185, 22, 1, 5, 0, 0, 0.34%, 0, 0, 1, 10.41, 1928, 220, 0, 0
190, 23, 1, 5, 0, 0, 0.34%, 0, 0, 1, 10.41, 1982, 220, 0, 0
196, 23, 1, 5, 0, 0, 0.34%, 0, 0, 1, 10.42, 2036, 220, 0, 0
201, 24, 1, 5, 0, 0, 0.34%, 0, 0, 1, 10.41, 2090, 220, 0, 0
206, 25, 1, 5, 0, 0, 0.34%, 0, 0, 1, 10.43, 2144, 220, 0, 0
211, 25, 1, 5, 0, 0, 0.34%, 0, 0, 1, 10.45, 2198, 220, 0, 0
216, 26, 1, 5, 0, 0, 0.34%, 0, 0, 1, 10.43, 2252, 220, 0, 0
222, 27, 1, 5, 0, 0, 0.34%, 0, 0, 1, 10.42, 2306, 220, 0, 0
227, 27, 1, 5, 0, 0, 0.34%, 0, 0, 1, 10.36, 2360, 220, 0, 0
232, 28, 1, 5, 0, 0, 0.34%, 0, 0, 1, 10.31, 2414, 220, 0, 0
237, 28, 1, 5, 0, 0, 0.34%, 0, 0, 1, 10.31, 2468, 220, 0, 0
242, 29, 1, 5, 0, 0, 0.34%, 0, 0, 1, 10.31, 2522, 220, 0, 0
248, 30, 1, 5, 0, 0, 0.34%, 0, 0, 1, 10.33, 2576, 220, 0, 0
253, 30, 1, 5, 0, 0, 0.34%, 0, 0, 1, 10.32, 2630, 220, 0, 0
258, 31, 1, 5, 0, 0, 0.34%, 0, 0, 1, 10.32, 2684, 220, 0, 0
263, 32, 1, 5, 0, 0, 0.34%, 0, 0, 1, 10.33, 2738, 220, 0, 0
269, 32, 1, 5, 0, 0, 0.34%, 0, 0, 1, 10.33, 2792, 220, 0, 0
274, 33, 1, 5, 0, 0, 0.34%, 0, 0, 1, 10.33, 2846, 220, 0, 0
279, 34, 1, 5, 0, 0, 0.34%, 0, 0, 1, 10.22, 2899, 220, 0, 0
284, 34, 1, 5, 0, 0, 0.34%, 0, 0, 1, 10.10, 2950, 220, 0, 0
289, 35, 1, 5, 0, 0, 0.34%, 0, 0, 1, 10.21, 3004, 220, 0, 0
295, 35, 1, 5, 0, 0, 0.34%, 0, 0, 1, 10.25, 3058, 220, 0, 0
300, 36, 1, 5, 0, 0, 0.34%, 0, 0, 1, 10.38, 3112, 220, 0, 0
305, 37, 1, 5, 0, 0, 0.34%, 0, 0, 1, 10.39, 3166, 220, 0, 0
310, 37, 1, 5, 0, 0, 0.34%, 0, 0, 1, 10.38, 3220, 220, 0, 0
315, 38, 1, 5, 0, 0, 0.34%, 0, 0, 1, 10.38, 3274, 220, 0, 0
320, 39, 1, 5, 0, 0, 0.34%, 0, 0, 1, 10.42, 3327, 220, 0, 0
326, 39, 1, 5, 0, 0, 0.34%, 0, 0, 1, 10.45, 3381, 220, 0, 0
331, 40, 1, 5, 0, 0, 0.34%, 0, 0, 1, 10.37, 3435, 220, 0, 0
336, 41, 1, 5, 0, 0, 0.34%, 0, 0, 1, 10.35, 3489, 220, 0, 0
341, 41, 1, 5, 0, 0, 0.34%, 0, 0, 1, 10.36, 3543, 220, 0, 0
346, 42, 1, 5, 0, 0, 0.34%, 0, 0, 1, 10.05, 3594, 220, 0, 0
352, 42, 1, 5, 0, 0, 0.34%, 0, 0, 1, 10.15, 3647, 220, 0, 0
357, 43, 1, 5, 0, 0, 0.34%, 0, 0, 1, 10.34, 3701, 220, 0, 0
362, 44, 1, 5, 0, 0, 0.34%, 0, 0, 1, 10.30, 3755, 220, 0, 0
367, 44, 1, 5, 0, 0, 0.34%, 0, 0, 1, 10.27, 3809, 220, 0, 0
373, 45, 1, 5, 0, 0, 0.34%, 0, 0, 1, 10.30, 3863, 220, 0, 0
378, 46, 1, 5, 0, 0, 0.34%, 0, 0, 1, 10.37, 3917, 220, 0, 0
383, 46, 1, 5, 0, 0, 0.34%, 0, 0, 1, 10.31, 3971, 220, 0, 0
388, 47, 1, 5, 0, 0, 0.34%, 0, 0, 1, 10.35, 4025, 220, 0, 0
393, 48, 1, 5, 0, 0, 0.34%, 0, 0, 1, 10.40, 4079, 220, 0, 0
399, 48, 1, 5, 0, 0, 0.34%, 0, 0, 1, 10.43, 4133, 220, 0, 0
404, 49, 1, 5, 0, 0, 0.34%, 0, 0, 1, 10.36, 4187, 220, 0, 0
409, 50, 1, 5, 0, 0, 0.34%, 0, 0, 1, 10.31, 4241, 220, 0, 0
414, 50, 1, 5, 0, 0, 0.34%, 0, 0, 1, 10.29, 4295, 220, 0, 0
420, 51, 1, 5, 0, 0, 0.34%, 0, 0, 1, 10.28, 4349, 220, 0, 0
425, 51, 1, 5, 0, 0, 0.34%, 0, 0, 1, 10.27, 4403, 220, 0, 0
430, 52, 1, 5, 0, 0, 0.34%, 0, 0, 1, 10.28, 4457, 220, 0, 0
435, 53, 1, 5, 0, 0, 0.34%, 0, 0, 1, 10.30, 4511, 220, 0, 0
441, 53, 1, 5, 0, 0, 0.34%, 0, 0, 1, 10.27, 4565, 220, 0, 0
446, 54, 1, 5, 0, 0, 0.34%, 0, 0, 1, 10.04, 4618, 220, 0, 0
451, 55, 1, 5, 0, 0, 0.34%, 0, 0, 1, 9.96, 4668, 220, 0, 0
456, 55, 1, 5, 0, 0, 0.34%, 0, 0, 1, 9.99, 4719, 220, 0, 0
461, 56, 1, 5, 0, 0, 0.34%, 0, 0, 1, 10.00, 4771, 220, 0, 0
466, 56, 1, 5, 0, 0, 0.34%, 0, 0, 1, 10.00, 4822, 220, 0, 0
471, 57, 1, 5, 0, 0, 0.34%, 0, 0, 1, 10.02, 4873, 220, 0, 0
476, 58, 1, 5, 0, 0, 0.34%, 0, 0, 1, 10.09, 4924, 220, 0, 0
481, 58, 1, 5, 0, 0, 0.34%, 0, 0, 1, 10.19, 4976, 220, 0, 0
487, 59, 1, 5, 0, 0, 0.34%, 0, 0, 1, 10.26, 5030, 220, 0, 0
492, 60, 1, 5, 0, 0, 0.34%, 0, 0, 1, 10.28, 5084, 220, 0, 0
497, 60, 1, 5, 0, 0, 0.34%, 0, 0, 1, 10.29, 5138, 220, 0, 0
502, 61, 1, 5, 0, 0, 0.34%, 0, 0, 1, 10.30, 5192, 220, 0, 0
508, 62, 1, 5, 0, 0, 0.34%, 0, 0, 1, 10.33, 5246, 220, 0, 0
513, 62, 1, 5, 0, 0, 0.34%, 0, 0, 1, 10.34, 5300, 220, 0, 0
518, 63, 1, 5, 0, 0, 0.34%, 0, 0, 1, 10.39, 5354, 220, 0, 0
523, 63, 1, 5, 0, 0, 0.34%, 0, 0, 1, 10.33, 5408, 220, 0, 0
529, 64, 1, 5, 0, 0, 0.34%, 0, 0, 1, 10.35, 5462, 220, 0, 0
534, 65, 1, 5, 0, 0, 0.34%, 0, 0, 1, 10.35, 5516, 220, 0, 0
539, 65, 1, 5, 0, 0, 0.34%, 0, 0, 1, 10.31, 5570, 220, 0, 0
544, 66, 1, 5, 0, 0, 0.34%, 0, 0, 1, 10.25, 5624, 220, 0, 0
550, 67, 1, 5, 0, 0, 0.34%, 0, 0, 1, 10.23, 5678, 220, 0, 0
555, 67, 1, 5, 0, 0, 0.34%, 0, 0, 1, 10.22, 5732, 220, 0, 0
560, 68, 1, 5, 0, 0, 0.34%, 0, 0, 1, 10.35, 5786, 220, 0, 0
565, 69, 1, 5, 0, 0, 0.34%, 0, 0, 1, 10.35, 5839, 220, 0, 0
570, 69, 1, 5, 0, 0, 0.34%, 0, 0, 1, 10.28, 5892, 220, 0, 0
575, 70, 1, 5, 0, 0, 0.34%, 0, 0, 1, 10.22, 5943, 220, 0, 0
580, 70, 1, 5, 0, 0, 0.34%, 0, 0, 1, 10.21, 5994, 220, 0, 0
586, 71, 1, 5, 0, 0, 0.34%, 0, 0, 1, 10.22, 6048, 220, 0, 0
591, 72, 1, 5, 0, 0, 0.34%, 0, 0, 1, 10.29, 6102, 220, 0, 0
596, 72, 1, 5, 0, 0, 0.34%, 0, 0, 1, 10.18, 6153, 220, 0, 0
601, 73, 1, 5, 0, 0, 0.34%, 0, 0, 1, 10.16, 6204, 220, 0, 0
606, 74, 1, 5, 0, 0, 0.34%, 0, 0, 1, 10.14, 6255, 220, 0, 0
611, 74, 1, 5, 0, 0, 0.34%, 0, 0, 1, 10.11, 6308, 220, 0, 0
616, 75, 1, 5, 0, 0, 0.34%, 0, 0, 1, 10.27, 6362, 220, 0, 0
622, 75, 1, 5, 0, 0, 0.34%, 0, 0, 1, 10.33, 6416, 220, 0, 0
627, 76, 1, 5, 0, 0, 0.34%, 0, 0, 1, 10.35, 6470, 220, 0, 0
632, 77, 1, 5, 0, 0, 0.34%, 0, 0, 1, 10.24, 6523, 220, 0, 0
637, 77, 1, 5, 0, 0, 0.34%, 0, 0, 1, 10.27, 6577, 220, 0, 0
643, 78, 1, 5, 0, 0, 0.34%, 0, 0, 1, 10.29, 6631, 220, 0, 0
648, 79, 1, 5, 0, 0, 0.34%, 0, 0, 1, 10.27, 6684, 220, 0, 0
653, 79, 1, 5, 0, 0, 0.34%, 0, 0, 1, 10.27, 6738, 220, 0, 0
658, 80, 1, 5, 0, 0, 0.34%, 0, 0, 1, 10.11, 6790, 220, 0, 0
663, 81, 1, 5, 0, 0, 0.34%, 0, 0, 1, 10.10, 6843, 220, 0, 0
669, 81, 1, 5, 0, 0, 0.34%, 0, 0, 1, 10.09, 6896, 220, 0, 0
674, 82, 1, 5, 0, 0, 0.34%, 0, 0, 1, 10.23, 6950, 220, 0, 0
679, 82, 1, 5, 0, 0, 0.34%, 0, 0, 1, 10.30, 7004, 220, 0, 0
684, 83, 1, 5, 0, 0, 0.34%, 0, 0, 1, 10.30, 7058, 220, 0, 0
689, 84, 1, 5, 0, 0, 0.34%, 0, 0, 1, 10.14, 7109, 220, 0, 0
694, 84, 1, 5, 0, 0, 0.34%, 0, 0, 1, 10.00, 7159, 220, 0, 0
699, 85, 1, 5, 0, 0, 0.34%, 0, 0, 1, 10.04, 7211, 220, 0, 0
705, 86, 1, 5, 0, 0, 0.34%, 0, 0, 1, 10.17, 7264, 220, 0, 0
710, 86, 1, 5, 0, 0, 0.34%, 0, 0, 1, 10.03, 7314, 220, 0, 0
715, 87, 1, 5, 0, 0, 0.34%, 0, 0, 1, 10.18, 7365, 220, 0, 0
720, 87, 1, 5, 0, 0, 0.34%, 0, 0, 1, 10.32, 7419, 220, 0, 0
725, 88, 1, 5, 0, 0, 0.34%, 0, 0, 1, 10.38, 7472, 220, 0, 0
730, 89, 1, 5, 0, 0, 0.34%, 0, 0, 1, 10.41, 7526, 220, 0, 0
735, 89, 1, 5, 0, 0, 0.34%, 0, 0, 1, 10.38, 7580, 220, 0, 0
741, 90, 1, 5, 0, 0, 0.34%, 0, 0, 1, 10.32, 7634, 220, 0, 0
746, 91, 1, 5, 0, 0, 0.34%, 0, 0, 1, 10.28, 7688, 220, 0, 0
751, 91, 1, 5, 0, 0, 0.34%, 0, 0, 1, 10.30, 7741, 220, 0, 0
756, 92, 1, 5, 0, 0, 0.34%, 0, 0, 1, 10.23, 7795, 220, 0, 0
761, 92, 1, 5, 0, 0, 0.34%, 0, 0, 1, 10.11, 7847, 220, 0, 0
767, 93, 1, 5, 0, 0, 0.34%, 0, 0, 1, 10.06, 7899, 220, 0, 0
772, 94, 1, 5, 0, 0, 0.34%, 0, 0, 1, 10.08, 7951, 220, 0, 0
777, 94, 1, 5, 0, 0, 0.34%, 0, 0, 1, 10.12, 8004, 220, 0, 0
782, 95, 1, 5, 0, 0, 0.34%, 0, 0, 1, 10.29, 8058, 220, 0, 0
787, 96, 1, 5, 0, 0, 0.34%, 0, 0, 1, 10.30, 8111, 220, 0, 0
793, 96, 1, 5, 0, 0, 0.34%, 0, 0, 1, 10.33, 8165, 220, 0, 0
798, 97, 1, 5, 0, 0, 0.34%, 0, 0, 1, 10.36, 8219, 220, 0, 0
803, 98, 1, 5, 0, 0, 0.34%, 0, 0, 1, 10.37, 8273, 220, 0, 0
808, 98, 1, 5, 0, 0, 0.34%, 0, 0, 1, 10.36, 8327, 220, 0, 0
813, 99, 1, 5, 0, 0, 0.34%, 0, 0, 1, 10.31, 8381, 220, 0, 0
819, 99, 1, 5, 0, 0, 0.34%, 0, 0, 1, 10.09, 8434, 220, 0, 0
824, 100, 1, 5, 0, 0, 0.34%, 0, 0, 1, 10.11, 8486, 220, 0, 0
829, 101, 1, 5, 0, 0, 0.34%, 0, 0, 1, 10.05, 8538, 220, 0, 0
834, 101, 1, 5, 0, 0, 0.34%, 0, 0, 1, 10.24, 8592, 220, 0, 0
839, 102, 1, 5, 0, 0, 0.34%, 0, 0, 1, 10.29, 8645, 220, 0, 0
845, 103, 1, 5, 0, 0, 0.34%, 0, 0, 1, 10.28, 8699, 220, 0, 0
850, 103, 1, 5, 0, 0, 0.34%, 0, 0, 1, 10.14, 8751, 220, 0, 0
855, 104, 1, 5, 0, 0, 0.34%, 0, 0, 1, 9.97, 8801, 220, 0, 0
860, 104, 1, 5, 0, 0, 0.34%, 0, 0, 1, 9.91, 8853, 220, 0, 0
865, 105, 1, 5, 0, 0, 0.34%, 0, 0, 1, 10.07, 8905, 220, 0, 0
870, 106, 1, 5, 0, 0, 0.34%, 0, 0, 1, 10.16, 8959, 220, 0, 0
875, 106, 1, 5, 0, 0, 0.34%, 0, 0, 1, 10.18, 9010, 220, 0, 0
881, 107, 1, 5, 0, 0, 0.34%, 0, 0, 1, 9.97, 9061, 220, 0, 0
886, 108, 1, 5, 0, 0, 0.34%, 0, 0, 1, 10.09, 9113, 220, 0, 0
891, 108, 1, 5, 0, 0, 0.34%, 0, 0, 1, 10.11, 9165, 220, 0, 0
895, 109, 1, 5, 0, 0, 0.34%, 0, 0, 1, 0.00, 9203, 220, 0, 0
