# relative_time, cycles_done, cur_item, corpus_count, pending_total, pending_favs, map_size, saved_crashes, saved_hangs, max_depth, execs_per_sec, total_execs, edges_found, total_crashes, servers_count
64, 0, 1, 5, 0, 0, 0.24%, 1, 0, 1, 0.27, 81, 157, 37, 0
69, 0, 1, 5, 0, 0, 0.24%, 1, 0, 1, 0.54, 90, 157, 42, 0
77, 0, 1, 5, 0, 0, 0.24%, 1, 0, 1, 0.52, 93, 157, 44, 0
82, 0, 1, 5, 0, 0, 0.24%, 1, 0, 1, 0.55, 101, 157, 50, 0
88, 0, 1, 5, 0, 0, 0.24%, 1, 0, 1, 3.35, 107, 157, 54, 0
94, 0, 1, 5, 0, 0, 0.24%, 1, 0, 1, 0.61, 115, 157, 59, 0
100, 0, 1, 5, 0, 0, 0.24%, 1, 0, 1, 0.58, 117, 157, 61, 0
108, 0, 1, 5, 0, 0, 0.24%, 1, 0, 1, 0.31, 121, 157, 64, 0
114, 0, 1, 5, 0, 0, 0.24%, 1, 0, 1, 0.30, 125, 157, 67, 0
122, 0, 1, 5, 0, 0, 0.24%, 1, 0, 1, 0.29, 129, 157, 71, 0
129, 0, 1, 5, 0, 0, 0.24%, 1, 0, 1, 0.51, 135, 157, 74, 0
134, 0, 1, 5, 0, 0, 0.24%, 1, 0, 1, 0.69, 139, 157, 78, 0
141, 0, 1, 5, 0, 0, 0.24%, 1, 0, 1, 0.65, 141, 157, 80, 0
146, 0, 1, 5, 0, 0, 0.24%, 1, 0, 1, 0.97, 146, 157, 84, 0
151, 0, 1, 5, 0, 0, 0.24%, 1, 0, 1, 0.94, 150, 157, 87, 0
159, 0, 1, 5, 0, 0, 0.24%, 1, 0, 1, 0.93, 154, 157, 90, 0
164, 0, 1, 5, 0, 0, 0.24%, 1, 0, 1, 0.86, 156, 157, 92, 0
169, 0, 1, 5, 0, 0, 0.24%, 1, 0, 1, 1.24, 163, 157, 96, 0
175, 0, 1, 5, 0, 0, 0.24%, 1, 0, 1, 1.13, 165, 157, 98, 0
181, 0, 1, 5, 0, 0, 0.24%, 1, 0, 1, 1.04, 168, 157, 101, 0
186, 1, 1, 5, 0, 0, 0.24%, 1, 0, 1, 1.05, 172, 157, 103, 0
192, 1, 1, 5, 0, 0, 0.24%, 1, 0, 1, 1.10, 176, 157, 107, 0
197, 1, 1, 5, 0, 0, 0.24%, 1, 0, 1, 1.07, 179, 157, 110, 0
203, 1, 1, 5, 0, 0, 0.24%, 1, 0, 1, 1.03, 184, 157, 114, 0
210, 1, 1, 5, 0, 0, 0.24%, 1, 0, 1, 0.98, 187, 157, 117, 0
215, 1, 1, 5, 0, 0, 0.24%, 1, 0, 1, 0.99, 190, 157, 120, 0
223, 1, 1, 5, 0, 0, 0.24%, 1, 0, 1, 0.90, 192, 157, 122, 0
230, 1, 1, 5, 0, 0, 0.24%, 1, 1, 1, 0.18, 197, 157, 124, 0
235, 1, 1, 5, 0, 0, 0.24%, 1, 1, 1, 0.18, 198, 157, 124, 0
243, 1, 1, 5, 0, 0, 0.24%, 1, 1, 1, 0.36, 209, 157, 125, 0
249, 1, 1, 5, 0, 0, 0.24%, 1, 1, 1, 0.18, 213, 157, 125, 0
255, 1, 1, 5, 0, 0, 0.24%, 1, 1, 1, 0.18, 214, 157, 125, 0
260, 1, 1, 5, 0, 0, 0.24%, 1, 1, 1, 1.81, 217, 157, 127, 0
266, 1, 1, 5, 0, 0, 0.24%, 1, 1, 1, 0.35, 222, 157, 127, 0
272, 1, 1, 5, 0, 0, 0.24%, 1, 1, 1, 0.35, 224, 157, 127, 0
279, 1, 1, 5, 0, 0, 0.24%, 1, 1, 1, 0.19, 230, 157, 128, 0
290, 1, 1, 5, 0, 0, 0.24%, 1, 1, 1, 0.18, 234, 157, 131, 0
298, 1, 1, 5, 0, 0, 0.24%, 1, 1, 1, 0.19, 236, 157, 132, 0
303, 1, 1, 5, 0, 0, 0.24%, 1, 1, 1, 0.19, 237, 157, 132, 0
309, 1, 1, 5, 0, 0, 0.24%, 1, 1, 1, 1.74, 241, 157, 136, 0
315, 1, 1, 5, 0, 0, 0.24%, 1, 1, 1, 0.18, 242, 157, 136, 0
322, 1, 1, 5, 0, 0, 0.24%, 1, 1, 1, 0.22, 244, 157, 137, 0
327, 1, 1, 5, 0, 0, 0.24%, 1, 1, 1, 0.23, 246, 157, 137, 0
334, 1, 1, 5, 0, 0, 0.24%, 1, 1, 1, 0.28, 248, 157, 138, 0
340, 1, 1, 5, 0, 0, 0.24%, 1, 1, 1, 0.27, 249, 157, 138, 0
345, 1, 1, 5, 0, 0, 0.24%, 1, 1, 1, 0.32, 251, 157, 140, 0
351, 1, 1, 5, 0, 0, 0.24%, 1, 1, 1, 0.31, 252, 157, 140, 0
358, 1, 1, 5, 0, 0, 0.24%, 1, 1, 1, 0.34, 254, 157, 141, 0
364, 1, 1, 5, 0, 0, 0.24%, 1, 1, 1, 0.35, 257, 157, 142, 0
370, 1, 1, 5, 0, 0, 0.24%, 1, 1, 1, 0.18, 259, 157, 143, 0
380, 1, 1, 5, 0, 0, 0.24%, 1, 1, 1, 0.51, 266, 157, 144, 0
388, 1, 1, 5, 0, 0, 0.24%, 1, 1, 1, 0.48, 268, 157, 146, 0
395, 1, 1, 5, 0, 0, 0.24%, 1, 1, 1, 0.56, 273, 157, 147, 0
401, 1, 1, 5, 0, 0, 0.24%, 1, 1, 1, 0.55, 275, 157, 147, 0
406, 1, 1, 5, 0, 0, 0.24%, 1, 1, 1, 0.53, 276, 157, 147, 0
411, 1, 1, 5, 0, 0, 0.24%, 1, 1, 1, 0.53, 278, 157, 149, 0
418, 1, 1, 5, 0, 0, 0.24%, 1, 1, 1, 0.61, 281, 157, 151, 0
426, 1, 1, 5, 0, 0, 0.24%, 1, 1, 1, 0.58, 284, 157, 153, 0
433, 1, 1, 5, 0, 0, 0.24%, 1, 1, 1, 0.58, 286, 157, 154, 0
438, 1, 1, 5, 0, 0, 0.24%, 1, 1, 1, 0.56, 287, 157, 154, 0
444, 1, 1, 5, 0, 0, 0.24%, 1, 1, 1, 0.57, 291, 157, 156, 0
452, 1, 1, 5, 0, 0, 0.24%, 1, 1, 1, 0.64, 295, 157, 158, 0
458, 1, 1, 5, 0, 0, 0.24%, 1, 1, 1, 0.61, 296, 157, 158, 0
463, 1, 1, 5, 0, 0, 0.24%, 1, 1, 1, 0.59, 298, 157, 158, 0
473, 1, 1, 5, 0, 0, 0.24%, 1, 1, 1, 0.55, 300, 157, 159, 0
479, 1, 1, 5, 0, 0, 0.24%, 1, 1, 1, 0.18, 304, 157, 159, 0
486, 1, 1, 5, 0, 0, 0.24%, 1, 1, 1, 0.18, 307, 157, 160, 0
494, 1, 1, 5, 0, 0, 0.24%, 1, 1, 1, 0.19, 309, 157, 161, 0
504, 2, 1, 5, 0, 0, 0.24%, 1, 1, 1, 0.33, 314, 157, 163, 0
511, 2, 1, 5, 0, 0, 0.24%, 1, 1, 1, 0.37, 317, 157, 164, 0
520, 2, 1, 5, 0, 0, 0.24%, 1, 1, 1, 1.52, 327, 157, 167, 0
529, 2, 1, 5, 0, 0, 0.24%, 1, 1, 1, 1.38, 330, 157, 168, 0
537, 2, 1, 5, 0, 0, 0.24%, 1, 1, 1, 0.18, 333, 157, 169, 0
543, 2, 1, 5, 0, 0, 0.24%, 1, 1, 1, 0.18, 334, 157, 169, 0
549, 2, 1, 5, 0, 0, 0.24%, 1, 1, 1, 0.18, 336, 157, 170, 0
558, 2, 1, 5, 0, 0, 0.24%, 1, 1, 1, 0.18, 340, 157, 172, 0
564, 2, 1, 5, 0, 0, 0.24%, 1, 1, 1, 1.80, 343, 157, 174, 0
570, 2, 1, 5, 0, 0, 0.24%, 1, 1, 1, 0.18, 344, 157, 174, 0
579, 2, 1, 5, 0, 0, 0.24%, 1, 1, 1, 1.19, 348, 157, 177, 0
584, 2, 1, 5, 0, 0, 0.24%, 1, 1, 1, 0.18, 349, 157, 177, 0
590, 2, 1, 5, 0, 0, 0.24%, 1, 1, 1, 0.20, 351, 157, 179, 0
597, 2, 1, 5, 0, 0, 0.24%, 1, 1, 1, 1.78, 358, 157, 180, 0
602, 2, 1, 5, 0, 0, 0.24%, 1, 1, 1, 1.69, 360, 157, 180, 0
608, 2, 1, 5, 0, 0, 0.24%, 1, 1, 1, 1.61, 362, 157, 180, 0
613, 2, 1, 5, 0, 0, 0.24%, 1, 1, 1, 1.53, 364, 157, 180, 0
624, 2, 1, 5, 0, 0, 0.24%, 1, 1, 1, 0.18, 374, 157, 184, 0
629, 2, 1, 5, 0, 0, 0.24%, 1, 1, 1, 0.18, 375, 157, 184, 0
637, 2, 1, 5, 0, 0, 0.24%, 1, 1, 1, 0.18, 379, 157, 187, 0
643, 2, 1, 5, 0, 0, 0.24%, 1, 1, 1, 0.18, 380, 157, 187, 0
649, 2, 1, 5, 0, 0, 0.24%, 1, 1, 1, 0.21, 383, 157, 189, 0
656, 2, 1, 5, 0, 0, 0.24%, 1, 1, 1, 0.22, 385, 157, 191, 0
662, 2, 1, 5, 0, 0, 0.24%, 1, 1, 1, 0.24, 388, 157, 191, 0
668, 2, 1, 5, 0, 0, 0.24%, 1, 1, 1, 0.24, 389, 157, 191, 0
673, 2, 1, 5, 0, 0, 0.24%, 1, 1, 1, 2.74, 393, 157, 193, 0
682, 2, 1, 5, 0, 0, 0.24%, 1, 1, 1, 0.17, 396, 157, 195, 0
687, 2, 1, 5, 0, 0, 0.24%, 1, 1, 1, 0.17, 397, 157, 195, 0
693, 2, 1, 5, 0, 0, 0.24%, 1, 1, 1, 2.08, 401, 157, 198, 0
698, 2, 1, 5, 0, 0, 0.24%, 1, 1, 1, 0.18, 402, 157, 198, 0
705, 2, 1, 5, 0, 0, 0.24%, 1, 1, 1, 0.29, 410, 157, 203, 0
714, 2, 1, 5, 0, 0, 0.24%, 1, 1, 1, 0.53, 418, 157, 205, 0
720, 2, 1, 5, 0, 0, 0.24%, 1, 1, 1, 0.51, 419, 157, 205, 0
726, 2, 1, 5, 0, 0, 0.24%, 1, 1, 1, 0.53, 423, 157, 208, 0
732, 2, 1, 5, 0, 0, 0.24%, 1, 1, 1, 0.51, 424, 157, 208, 0
737, 2, 1, 5, 0, 0, 0.24%, 1, 1, 1, 0.51, 427, 157, 208, 0
742, 2, 1, 5, 0, 0, 0.24%, 1, 1, 1, 0.49, 428, 157, 208, 0
748, 2, 1, 5, 0, 0, 0.24%, 1, 1, 1, 0.47, 429, 157, 208, 0
755, 2, 1, 5, 0, 0, 0.24%, 1, 1, 1, 1.34, 435, 157, 209, 0
760, 2, 1, 5, 0, 0, 0.24%, 1, 1, 1, 1.28, 437, 157, 209, 0
768, 2, 1, 5, 0, 0, 0.24%, 1, 1, 1, 0.18, 445, 157, 211, 0
774, 2, 1, 5, 0, 0, 0.24%, 1, 1, 1, 0.61, 451, 157, 212, 0
779, 3, 1, 5, 0, 0, 0.24%, 1, 1, 1, 0.58, 452, 157, 212, 0
788, 3, 1, 5, 0, 0, 0.24%, 1, 1, 1, 0.63, 456, 157, 214, 0
796, 3, 1, 5, 0, 0, 0.24%, 1, 1, 1, 0.66, 459, 157, 217, 0
801, 3, 1, 5, 0, 0, 0.24%, 1, 1, 1, 0.63, 460, 157, 217, 0
807, 3, 1, 5, 0, 0, 0.24%, 1, 1, 1, 0.67, 462, 157, 219, 0
813, 3, 1, 5, 0, 0, 0.24%, 1, 1, 1, 0.67, 465, 157, 220, 0
824, 3, 1, 5, 0, 0, 0.24%, 1, 1, 1, 0.62, 468, 157, 221, 0
830, 3, 1, 5, 0, 0, 0.24%, 1, 1, 1, 0.59, 469, 157, 221, 0
835, 3, 1, 5, 0, 0, 0.24%, 1, 1, 1, 0.70, 474, 157, 225, 0
840, 3, 1, 5, 0, 0, 0.24%, 1, 1, 1, 0.68, 476, 157, 225, 0
845, 3, 1, 5, 0, 0, 0.24%, 1, 1, 1, 0.72, 478, 157, 227, 0
852, 3, 1, 5, 0, 0, 0.24%, 1, 1, 1, 0.69, 480, 157, 228, 0
859, 3, 1, 5, 0, 0, 0.24%, 1, 1, 1, 0.84, 485, 157, 232, 0
867, 3, 1, 5, 0, 0, 0.24%, 1, 1, 1, 0.79, 488, 157, 233, 0
872, 3, 1, 5, 0, 0, 0.24%, 1, 1, 1, 0.25, 494, 157, 235, 0
881, 3, 1, 5, 0, 0, 0.24%, 1, 1, 1, 0.20, 506, 157, 239, 0
888, 3, 1, 5, 0, 0, 0.24%, 1, 1, 1, 0.18, 509, 157, 240, 0
895, 3, 1, 5, 0, 0, 0.24%, 1, 1, 1, 0.35, 514, 157, 242, 0
896, 3, 1, 5, 0, 0, 0.24%, 1, 1, 1, 0.00, 514, 157, 242, 0
