# relative_time, cycles_done, cur_item, corpus_count, pending_total, pending_favs, map_size, saved_crashes, saved_hangs, max_depth, execs_per_sec, total_execs, edges_found, total_crashes, servers_count
67, 0, 1, 16, 12, 1, 0.06%, 1, 1, 2, 3.38, 343, 41, 1, 0
75, 0, 1, 16, 12, 1, 0.06%, 1, 1, 2, 1.18, 380, 41, 1, 0
84, 0, 1, 16, 12, 1, 0.06%, 1, 1, 2, 0.59, 447, 41, 1, 0
89, 0, 1, 16, 12, 1, 0.06%, 1, 1, 2, 2.09, 489, 41, 2, 0
94, 0, 1, 16, 12, 1, 0.06%, 1, 1, 2, 2.02, 494, 41, 2, 0
102, 0, 1, 16, 12, 1, 0.06%, 1, 1, 2, 1.36, 567, 41, 2, 0
109, 0, 1, 16, 12, 1, 0.06%, 1, 1, 2, 0.20, 601, 41, 3, 0
115, 0, 1, 16, 12, 1, 0.06%, 1, 1, 2, 1.93, 632, 41, 3, 0
125, 0, 1, 16, 12, 1, 0.06%, 1, 1, 2, 0.20, 719, 41, 3, 0
130, 0, 1, 16, 12, 1, 0.06%, 1, 1, 2, 1.74, 728, 41, 3, 0
137, 0, 1, 16, 12, 1, 0.06%, 1, 1, 2, 0.39, 755, 41, 3, 0
143, 0, 1, 16, 12, 1, 0.06%, 1, 1, 2, 1.18, 793, 41, 3, 0
149, 0, 1, 16, 12, 1, 0.06%, 1, 1, 2, 0.79, 818, 41, 3, 0
158, 0, 1, 16, 12, 1, 0.06%, 1, 1, 2, 0.40, 894, 41, 3, 0
167, 0, 1, 16, 12, 1, 0.06%, 1, 1, 2, 0.40, 959, 41, 3, 0
173, 0, 1, 16, 12, 1, 0.06%, 1, 1, 2, 0.20, 971, 41, 3, 0
183, 0, 12, 16, 11, 3, 0.06%, 1, 1, 2, 0.40, 1036, 41, 3, 0
188, 0, 10, 16, 10, 2, 0.06%, 1, 1, 2, 0.40, 1054, 41, 3, 0
193, 0, 10, 16, 10, 2, 0.06%, 1, 1, 2, 0.40, 1056, 41, 3, 0
199, 0, 10, 16, 10, 2, 0.06%, 1, 1, 2, 3.14, 1073, 41, 3, 0
204, 0, 10, 16, 10, 2, 0.06%, 1, 1, 2, 3.78, 1087, 41, 3, 0
211, 0, 10, 16, 10, 2, 0.06%, 1, 1, 2, 0.49, 1101, 41, 3, 0
216, 0, 10, 16, 10, 2, 0.06%, 1, 1, 2, 0.47, 1102, 41, 3, 0
223, 0, 10, 16, 10, 2, 0.06%, 1, 1, 2, 0.69, 1113, 41, 3, 0
228, 0, 10, 16, 10, 2, 0.06%, 1, 1, 2, 3.63, 1121, 41, 3, 0
234, 0, 10, 16, 10, 2, 0.06%, 1, 1, 2, 0.39, 1125, 41, 3, 0
239, 0, 10, 16, 10, 2, 0.06%, 1, 1, 2, 6.93, 1151, 41, 3, 0
244, 0, 10, 16, 10, 2, 0.06%, 1, 1, 2, 0.20, 1152, 41, 3, 0
249, 0, 10, 16, 10, 2, 0.06%, 1, 1, 2, 0.20, 1153, 41, 3, 0
257, 0, 10, 16, 10, 2, 0.06%, 1, 1, 2, 1.35, 1161, 41, 3, 0
262, 0, 10, 16, 10, 2, 0.06%, 1, 1, 2, 1.31, 1164, 41, 3, 0
267, 0, 11, 16, 9, 1, 0.06%, 1, 1, 2, 50.93, 1193, 41, 3, 0
272, 0, 11, 16, 9, 1, 0.06%, 1, 1, 2, 0.40, 1195, 41, 3, 0
277, 0, 11, 16, 9, 1, 0.06%, 1, 1, 2, 0.20, 1201, 41, 3, 0
282, 0, 11, 16, 9, 1, 0.06%, 1, 1, 2, 0.22, 1204, 41, 3, 0
287, 0, 11, 16, 9, 1, 0.06%, 1, 1, 2, 1.37, 1211, 41, 3, 0
293, 0, 11, 16, 9, 1, 0.06%, 1, 1, 2, 1.31, 1213, 41, 3, 0
298, 0, 11, 16, 9, 1, 0.06%, 1, 1, 2, 0.20, 1214, 41, 3, 0
303, 0, 11, 16, 9, 1, 0.06%, 1, 1, 2, 0.20, 1220, 41, 3, 0
308, 0, 11, 16, 9, 1, 0.06%, 1, 1, 2, 0.24, 1224, 41, 3, 0
313, 0, 11, 16, 9, 1, 0.06%, 1, 1, 2, 0.25, 1226, 41, 3, 0
318, 0, 11, 16, 9, 1, 0.06%, 1, 1, 2, 0.26, 1228, 41, 3, 0
323, 0, 11, 16, 9, 1, 0.06%, 1, 1, 2, 0.28, 1231, 41, 3, 0
328, 0, 11, 16, 9, 1, 0.06%, 1, 1, 2, 0.27, 1232, 41, 3, 0
333, 0, 11, 16, 9, 1, 0.06%, 1, 1, 2, 0.28, 1234, 41, 3, 0
339, 0, 11, 16, 9, 1, 0.06%, 1, 1, 2, 0.20, 1242, 41, 3, 0
346, 0, 11, 16, 9, 1, 0.06%, 1, 1, 2, 0.20, 1250, 41, 3, 0
351, 0, 11, 16, 9, 1, 0.06%, 1, 1, 2, 0.20, 1257, 41, 3, 0
357, 0, 11, 16, 9, 1, 0.06%, 1, 1, 2, 0.79, 1265, 41, 3, 0
362, 0, 11, 16, 9, 1, 0.06%, 1, 1, 2, 0.79, 1269, 41, 3, 0
368, 0, 11, 16, 9, 1, 0.06%, 1, 1, 2, 0.84, 1274, 41, 3, 0
374, 0, 11, 16, 9, 1, 0.06%, 1, 1, 2, 0.83, 1278, 41, 3, 0
379, 0, 11, 16, 9, 1, 0.06%, 1, 1, 2, 0.20, 1281, 41, 3, 0
384, 0, 11, 16, 9, 1, 0.06%, 1, 1, 2, 0.20, 1282, 41, 3, 0
389, 0, 11, 16, 9, 1, 0.06%, 1, 1, 2, 0.22, 1285, 41, 3, 0
394, 0, 11, 16, 9, 1, 0.06%, 1, 1, 2, 0.23, 1287, 41, 3, 0
399, 0, 11, 16, 9, 1, 0.06%, 1, 1, 2, 0.24, 1289, 41, 3, 0
404, 0, 11, 16, 9, 1, 0.06%, 1, 1, 2, 0.27, 1292, 41, 3, 0
409, 0, 11, 16, 9, 1, 0.06%, 1, 1, 2, 0.29, 1295, 41, 3, 0
414, 0, 11, 16, 9, 1, 0.06%, 1, 1, 2, 0.31, 1298, 41, 3, 0
419, 0, 11, 16, 9, 1, 0.06%, 1, 1, 2, 0.36, 1304, 41, 3, 0
424, 0, 11, 16, 9, 1, 0.06%, 1, 1, 2, 0.35, 1305, 41, 3, 0
429, 0, 11, 16, 9, 1, 0.06%, 1, 1, 2, 0.34, 1306, 41, 3, 0
434, 0, 11, 16, 9, 1, 0.06%, 1, 1, 2, 0.36, 1309, 41, 3, 0
440, 0, 11, 16, 9, 1, 0.06%, 1, 1, 2, 2.01, 1316, 41, 3, 0
446, 0, 11, 16, 9, 1, 0.06%, 1, 1, 2, 0.20, 1320, 41, 4, 0
451, 0, 11, 16, 9, 1, 0.06%, 1, 1, 2, 0.21, 1322, 41, 4, 0
457, 0, 11, 16, 9, 1, 0.06%, 1, 1, 2, 0.40, 1330, 41, 4, 0
462, 0, 11, 16, 9, 1, 0.06%, 1, 1, 2, 0.43, 1335, 41, 4, 0
467, 0, 11, 16, 9, 1, 0.06%, 1, 1, 2, 0.44, 1338, 41, 4, 0
472, 0, 11, 16, 9, 1, 0.06%, 1, 1, 2, 0.44, 1340, 41, 4, 0
477, 0, 1, 16, 8, 0, 0.06%, 1, 1, 2, 0.79, 1345, 41, 4, 0
483, 0, 1, 16, 8, 0, 0.06%, 1, 1, 2, 0.58, 1351, 41, 4, 0
488, 0, 1, 16, 8, 0, 0.06%, 1, 1, 2, 0.20, 1353, 41, 4, 0
493, 0, 1, 16, 8, 0, 0.06%, 1, 1, 2, 0.20, 1354, 41, 4, 0
498, 0, 1, 16, 8, 0, 0.06%, 1, 1, 2, 0.21, 1356, 41, 4, 0
503, 0, 1, 16, 8, 0, 0.06%, 1, 1, 2, 0.22, 1358, 41, 4, 0
508, 0, 1, 16, 8, 0, 0.06%, 1, 1, 2, 0.22, 1359, 41, 4, 0
513, 0, 1, 16, 8, 0, 0.06%, 1, 1, 2, 0.20, 1361, 41, 4, 0
519, 0, 1, 16, 8, 0, 0.06%, 1, 1, 2, 0.20, 1364, 41, 4, 0
524, 0, 1, 16, 8, 0, 0.06%, 1, 1, 2, 0.40, 1370, 41, 4, 0
530, 0, 1, 16, 8, 0, 0.06%, 1, 1, 2, 0.20, 1373, 41, 4, 0
535, 0, 1, 16, 8, 0, 0.06%, 1, 1, 2, 0.24, 1377, 41, 4, 0
540, 0, 1, 16, 8, 0, 0.06%, 1, 1, 2, 0.27, 1381, 41, 4, 0
545, 0, 1, 16, 8, 0, 0.06%, 1, 1, 2, 0.28, 1383, 41, 4, 0
550, 0, 1, 16, 8, 0, 0.06%, 1, 1, 2, 0.29, 1385, 41, 4, 0
556, 0, 1, 16, 8, 0, 0.06%, 1, 1, 2, 0.40, 1388, 41, 4, 0
561, 0, 1, 16, 8, 0, 0.06%, 1, 1, 2, 3.51, 1394, 41, 4, 0
566, 0, 1, 16, 8, 0, 0.06%, 1, 1, 2, 0.40, 1396, 41, 4, 0
571, 0, 1, 16, 8, 0, 0.06%, 1, 1, 2, 0.43, 1401, 41, 4, 0
576, 0, 1, 16, 8, 0, 0.06%, 1, 1, 2, 0.43, 1403, 41, 4, 0
581, 0, 1, 16, 8, 0, 0.06%, 1, 1, 2, 0.40, 1406, 41, 4, 0
587, 0, 1, 16, 8, 0, 0.06%, 1, 1, 2, 0.40, 1408, 41, 4, 0
592, 0, 1, 16, 8, 0, 0.06%, 1, 1, 2, 0.39, 1409, 41, 4, 0
597, 0, 1, 16, 8, 0, 0.06%, 1, 1, 2, 0.46, 1417, 41, 4, 0
602, 0, 1, 16, 8, 0, 0.06%, 1, 1, 2, 0.45, 1419, 41, 4, 0
607, 0, 1, 16, 8, 0, 0.06%, 1, 1, 2, 0.45, 1421, 41, 4, 0
613, 0, 1, 16, 8, 0, 0.06%, 1, 1, 2, 0.62, 1424, 41, 4, 0
618, 0, 1, 16, 8, 0, 0.06%, 1, 1, 2, 0.59, 1425, 41, 4, 0
623, 0, 1, 16, 8, 0, 0.06%, 1, 1, 2, 0.40, 1430, 41, 4, 0
628, 0, 1, 16, 8, 0, 0.06%, 1, 1, 2, 0.40, 1432, 41, 4, 0
633, 0, 1, 16, 8, 0, 0.06%, 1, 1, 2, 0.39, 1433, 41, 4, 0
638, 0, 1, 16, 8, 0, 0.06%, 1, 1, 2, 0.40, 1437, 41, 4, 0
643, 0, 1, 16, 8, 0, 0.06%, 1, 1, 2, 0.39, 1438, 41, 4, 0
648, 0, 1, 16, 8, 0, 0.06%, 1, 1, 2, 0.39, 1440, 41, 4, 0
654, 0, 1, 16, 8, 0, 0.06%, 1, 1, 2, 0.58, 1444, 41, 4, 0
659, 0, 1, 16, 8, 0, 0.06%, 1, 1, 2, 0.57, 1446, 41, 4, 0
664, 0, 1, 16, 8, 0, 0.06%, 1, 1, 2, 0.56, 1448, 41, 4, 0
669, 0, 1, 16, 8, 0, 0.06%, 1, 1, 2, 0.62, 1456, 41, 4, 0
674, 0, 1, 16, 8, 0, 0.06%, 1, 1, 2, 0.61, 1458, 41, 4, 0
680, 0, 1, 16, 8, 0, 0.06%, 1, 1, 2, 0.77, 1474, 41, 4, 0
685, 0, 1, 16, 8, 0, 0.06%, 1, 1, 2, 0.20, 1484, 41, 4, 0
690, 0, 1, 16, 8, 0, 0.06%, 1, 1, 2, 0.20, 1485, 41, 4, 0
696, 0, 1, 16, 8, 0, 0.06%, 1, 1, 2, 0.25, 1490, 41, 4, 0
701, 0, 1, 16, 8, 0, 0.06%, 1, 1, 2, 0.24, 1491, 41, 4, 0
710, 0, 11, 16, 8, 0, 0.06%, 1, 1, 2, 0.20, 1532, 41, 4, 0
719, 0, 11, 16, 8, 0, 0.06%, 1, 1, 2, 0.39, 1556, 41, 4, 0
724, 0, 11, 16, 8, 0, 0.06%, 1, 1, 2, 9.52, 1583, 41, 4, 0
733, 0, 11, 16, 8, 0, 0.06%, 1, 1, 2, 1.38, 1595, 41, 4, 0
739, 0, 11, 16, 8, 0, 0.06%, 1, 1, 2, 1.52, 1603, 41, 4, 0
745, 0, 11, 16, 8, 0, 0.06%, 1, 1, 2, 0.58, 1612, 41, 4, 0
752, 0, 11, 16, 8, 0, 0.06%, 1, 1, 2, 0.73, 1619, 41, 4, 0
760, 0, 11, 16, 8, 0, 0.06%, 1, 1, 2, 1.16, 1637, 41, 4, 0
765, 0, 11, 16, 8, 0, 0.06%, 1, 1, 2, 1.25, 1642, 41, 4, 0
775, 0, 12, 16, 8, 0, 0.06%, 1, 1, 2, 0.79, 1705, 41, 4, 0
783, 0, 12, 16, 8, 0, 0.06%, 1, 1, 2, 5.57, 1760, 41, 4, 0
788, 0, 12, 16, 8, 0, 0.06%, 1, 1, 2, 5.30, 1766, 41, 4, 0
793, 0, 12, 16, 8, 0, 0.06%, 1, 1, 2, 0.99, 1771, 41, 4, 0
799, 0, 12, 16, 8, 0, 0.06%, 1, 1, 2, 0.59, 1803, 41, 4, 0
804, 0, 12, 16, 8, 0, 0.06%, 1, 1, 2, 0.59, 1806, 41, 4, 0
813, 0, 12, 16, 8, 0, 0.06%, 1, 1, 2, 1.54, 1842, 41, 4, 0
819, 0, 12, 16, 8, 0, 0.06%, 1, 1, 2, 1.85, 1850, 41, 5, 0
825, 0, 12, 16, 8, 0, 0.06%, 1, 1, 2, 3.66, 1861, 41, 5, 0
833, 0, 11, 16, 8, 0, 0.06%, 1, 1, 2, 1.90, 1877, 41, 5, 0
838, 0, 11, 16, 8, 0, 0.06%, 1, 1, 2, 1.86, 1884, 41, 5, 0
843, 0, 11, 16, 8, 0, 0.06%, 1, 1, 2, 0.79, 1890, 41, 5, 0
848, 0, 11, 16, 8, 0, 0.06%, 1, 1, 2, 0.75, 1891, 41, 5, 0
854, 0, 11, 16, 8, 0, 0.06%, 1, 1, 2, 0.40, 1897, 41, 5, 0
859, 0, 11, 16, 8, 0, 0.06%, 1, 1, 2, 0.40, 1899, 41, 5, 0
864, 0, 11, 16, 8, 0, 0.06%, 1, 1, 2, 0.39, 1900, 41, 5, 0
871, 0, 11, 16, 8, 0, 0.06%, 1, 1, 2, 0.20, 1914, 41, 5, 0
876, 0, 11, 16, 8, 0, 0.06%, 1, 1, 2, 0.20, 1915, 41, 5, 0
881, 0, 11, 16, 8, 0, 0.06%, 1, 1, 2, 0.20, 1920, 41, 5, 0
886, 0, 11, 16, 8, 0, 0.06%, 1, 1, 2, 0.20, 1921, 41, 5, 0
892, 0, 11, 16, 8, 0, 0.06%, 1, 1, 2, 0.20, 1926, 41, 5, 0
893, 0, 11, 16, 8, 0, 0.06%, 1, 1, 2, 0.00, 1926, 41, 5, 0
