# relative_time, cycles_done, cur_item, corpus_count, pending_total, pending_favs, map_size, saved_crashes, saved_hangs, max_depth, execs_per_sec, total_execs, edges_found, total_crashes, servers_count
63, 0, 1, 5, 0, 0, 0.24%, 1, 0, 1, 0.29, 69, 157, 30, 0
72, 0, 1, 5, 0, 0, 0.24%, 1, 0, 1, 0.30, 72, 157, 33, 0
78, 0, 1, 5, 0, 0, 0.24%, 1, 0, 1, 2.62, 80, 157, 36, 0
86, 0, 1, 5, 0, 0, 0.24%, 1, 0, 1, 0.51, 84, 157, 38, 0
92, 0, 1, 5, 0, 0, 0.24%, 1, 0, 1, 0.68, 88, 157, 41, 0
98, 0, 1, 5, 0, 0, 0.24%, 1, 0, 1, 0.70, 92, 157, 44, 0
103, 0, 1, 5, 0, 0, 0.24%, 1, 0, 1, 0.75, 97, 157, 47, 0
111, 0, 1, 5, 0, 0, 0.24%, 1, 0, 1, 0.90, 102, 157, 51, 0
117, 0, 1, 5, 0, 0, 0.24%, 1, 0, 1, 0.27, 111, 157, 57, 0
124, 0, 1, 5, 0, 0, 0.24%, 1, 0, 1, 0.26, 116, 157, 60, 0
129, 0, 1, 5, 0, 0, 0.24%, 1, 0, 1, 2.30, 123, 157, 65, 0
135, 0, 1, 5, 0, 0, 0.24%, 1, 0, 1, 2.25, 130, 157, 69, 0
143, 0, 1, 5, 0, 0, 0.24%, 1, 0, 1, 0.28, 138, 157, 75, 0
151, 0, 1, 5, 0, 0, 0.24%, 1, 0, 1, 0.31, 142, 157, 77, 0
157, 0, 1, 5, 0, 0, 0.24%, 1, 0, 1, 0.45, 147, 157, 81, 0
166, 0, 1, 5, 0, 0, 0.24%, 1, 0, 1, 0.49, 150, 157, 84, 0
174, 0, 1, 5, 0, 0, 0.24%, 1, 0, 1, 0.25, 159, 157, 91, 0
180, 0, 1, 5, 0, 0, 0.24%, 1, 0, 1, 0.54, 168, 157, 95, 0
185, 0, 1, 5, 0, 0, 0.24%, 1, 0, 1, 0.52, 170, 157, 97, 0
191, 1, 1, 5, 0, 0, 0.24%, 1, 0, 1, 0.54, 174, 157, 99, 0
200, 1, 1, 5, 0, 0, 0.24%, 1, 0, 1, 0.41, 180, 157, 103, 0
209, 1, 1, 5, 0, 0, 0.24%, 1, 0, 1, 0.26, 185, 157, 107, 0
216, 1, 1, 5, 0, 0, 0.24%, 1, 0, 1, 0.39, 191, 157, 111, 0
223, 1, 1, 5, 0, 0, 0.24%, 1, 0, 1, 0.33, 197, 157, 114, 0
230, 1, 1, 5, 0, 0, 0.24%, 1, 0, 1, 1.29, 212, 157, 119, 0
235, 1, 1, 5, 0, 0, 0.24%, 1, 0, 1, 1.20, 215, 157, 121, 0
243, 1, 1, 5, 0, 0, 0.24%, 1, 0, 1, 1.11, 218, 157, 123, 0
248, 1, 1, 5, 0, 0, 0.24%, 1, 0, 1, 1.20, 223, 157, 127, 0
257, 1, 1, 5, 0, 0, 0.24%, 1, 0, 1, 0.25, 231, 157, 132, 0
263, 1, 1, 5, 0, 0, 0.24%, 1, 0, 1, 0.47, 239, 157, 134, 0
271, 1, 1, 5, 0, 0, 0.24%, 1, 0, 1, 2.21, 252, 157, 137, 0
277, 1, 1, 5, 0, 0, 0.24%, 1, 0, 1, 0.28, 256, 157, 140, 0
282, 1, 1, 5, 0, 0, 0.24%, 1, 0, 1, 1.44, 261, 157, 143, 0
288, 1, 1, 5, 0, 0, 0.24%, 1, 0, 1, 1.43, 266, 157, 147, 0
295, 1, 1, 5, 0, 0, 0.24%, 1, 0, 1, 1.29, 269, 157, 150, 0
300, 1, 1, 5, 0, 0, 0.24%, 1, 0, 1, 1.20, 272, 157, 152, 0
306, 1, 1, 5, 0, 0, 0.24%, 1, 0, 1, 1.11, 275, 157, 154, 0
314, 1, 1, 5, 0, 0, 0.24%, 1, 0, 1, 1.04, 283, 157, 159, 0
321, 1, 1, 5, 0, 0, 0.24%, 1, 0, 1, 0.60, 293, 157, 165, 0
326, 1, 1, 5, 0, 0, 0.24%, 1, 0, 1, 12.27, 306, 157, 169, 0
332, 2, 1, 5, 0, 0, 0.24%, 1, 0, 1, 0.27, 312, 157, 172, 0
338, 2, 1, 5, 0, 0, 0.24%, 1, 0, 1, 2.82, 322, 157, 177, 0
345, 2, 1, 5, 0, 0, 0.24%, 1, 0, 1, 0.54, 327, 157, 180, 0
351, 2, 1, 5, 0, 0, 0.24%, 1, 0, 1, 3.97, 337, 157, 184, 0
358, 2, 1, 5, 0, 0, 0.24%, 1, 0, 1, 0.66, 342, 157, 187, 0
364, 2, 1, 5, 0, 0, 0.24%, 1, 0, 1, 0.65, 346, 157, 189, 0
371, 2, 1, 5, 0, 0, 0.24%, 1, 0, 1, 0.76, 350, 157, 192, 0
377, 2, 1, 5, 0, 0, 0.24%, 1, 0, 1, 0.74, 353, 157, 194, 0
384, 2, 1, 5, 0, 0, 0.24%, 1, 0, 1, 0.75, 359, 157, 196, 0
392, 2, 1, 5, 0, 0, 0.24%, 1, 0, 1, 0.76, 363, 157, 200, 0
397, 2, 1, 5, 0, 0, 0.24%, 1, 0, 1, 3.90, 370, 157, 204, 0
404, 2, 1, 5, 0, 0, 0.24%, 1, 0, 1, 0.27, 372, 157, 206, 0
410, 2, 1, 5, 0, 0, 0.24%, 1, 0, 1, 0.37, 377, 157, 209, 0
416, 2, 1, 5, 0, 0, 0.24%, 1, 0, 1, 2.46, 384, 157, 213, 0
422, 2, 1, 5, 0, 0, 0.24%, 1, 0, 1, 0.29, 386, 157, 215, 0
429, 2, 1, 5, 0, 0, 0.24%, 1, 0, 1, 3.60, 395, 157, 219, 0
435, 2, 1, 5, 0, 0, 0.24%, 1, 0, 1, 0.46, 402, 157, 224, 0
441, 2, 1, 5, 0, 0, 0.24%, 1, 0, 1, 0.59, 408, 157, 228, 0
450, 2, 1, 5, 0, 0, 0.24%, 1, 0, 1, 0.61, 412, 157, 231, 0
458, 2, 1, 5, 0, 0, 0.24%, 1, 0, 1, 0.68, 416, 157, 234, 0
463, 2, 1, 5, 0, 0, 0.24%, 1, 0, 1, 3.92, 419, 157, 237, 0
469, 2, 1, 5, 0, 0, 0.24%, 1, 0, 1, 0.46, 422, 157, 240, 0
476, 2, 1, 5, 0, 0, 0.24%, 1, 0, 1, 0.64, 428, 157, 244, 0
484, 2, 1, 5, 0, 0, 0.24%, 1, 0, 1, 0.25, 433, 157, 248, 0
489, 2, 1, 5, 0, 0, 0.24%, 1, 0, 1, 1.44, 439, 157, 250, 0
495, 2, 1, 5, 0, 0, 0.24%, 1, 0, 1, 2.80, 442, 157, 253, 0
502, 2, 1, 5, 0, 0, 0.24%, 1, 0, 1, 0.28, 445, 157, 256, 0
508, 3, 1, 5, 0, 0, 0.24%, 1, 0, 1, 1.56, 452, 157, 261, 0
516, 3, 1, 5, 0, 0, 0.24%, 1, 0, 1, 0.25, 454, 157, 263, 0
525, 3, 1, 5, 0, 0, 0.24%, 1, 0, 1, 0.34, 465, 157, 266, 0
531, 3, 1, 5, 0, 0, 0.24%, 1, 0, 1, 1.38, 473, 157, 270, 0
536, 3, 1, 5, 0, 0, 0.24%, 1, 0, 1, 1.99, 482, 157, 275, 0
542, 3, 1, 5, 0, 0, 0.24%, 1, 0, 1, 1.85, 487, 157, 280, 0
548, 3, 1, 5, 0, 0, 0.24%, 1, 0, 1, 0.34, 489, 157, 282, 0
554, 3, 1, 5, 0, 0, 0.24%, 1, 0, 1, 0.34, 491, 157, 284, 0
562, 3, 1, 5, 0, 0, 0.24%, 1, 0, 1, 0.33, 493, 157, 286, 0
570, 3, 1, 5, 0, 0, 0.24%, 1, 0, 1, 0.26, 500, 157, 291, 0
578, 3, 1, 5, 0, 0, 0.24%, 1, 0, 1, 0.28, 503, 157, 293, 0
585, 3, 1, 5, 0, 0, 0.24%, 1, 0, 1, 0.25, 508, 157, 297, 0
591, 3, 1, 5, 0, 0, 0.24%, 1, 0, 1, 0.42, 512, 157, 300, 0
599, 3, 1, 5, 0, 0, 0.24%, 1, 0, 1, 0.26, 517, 157, 305, 0
604, 3, 1, 5, 0, 0, 0.24%, 1, 0, 1, 1.39, 524, 157, 308, 0
612, 3, 1, 5, 0, 0, 0.24%, 1, 0, 1, 1.27, 527, 157, 310, 0
617, 3, 1, 5, 0, 0, 0.24%, 1, 0, 1, 1.32, 531, 157, 313, 0
624, 3, 1, 5, 0, 0, 0.24%, 1, 0, 1, 0.26, 538, 157, 319, 0
630, 3, 1, 5, 0, 0, 0.24%, 1, 0, 1, 0.28, 540, 157, 321, 0
636, 3, 1, 5, 0, 0, 0.24%, 1, 0, 1, 0.60, 544, 157, 324, 0
642, 3, 1, 5, 0, 0, 0.24%, 1, 0, 1, 2.80, 548, 157, 327, 0
647, 3, 1, 5, 0, 0, 0.24%, 1, 0, 1, 0.32, 553, 157, 331, 0
654, 3, 1, 5, 0, 0, 0.24%, 1, 0, 1, 0.31, 557, 157, 334, 0
661, 3, 1, 5, 0, 0, 0.24%, 1, 0, 1, 0.31, 559, 157, 336, 0
667, 3, 1, 5, 0, 0, 0.24%, 1, 0, 1, 0.34, 563, 157, 338, 0
673, 3, 1, 5, 0, 0, 0.24%, 1, 0, 1, 0.28, 566, 157, 341, 0
679, 3, 1, 5, 0, 0, 0.24%, 1, 0, 1, 1.66, 571, 157, 346, 0
684, 3, 1, 5, 0, 0, 0.24%, 1, 0, 1, 1.51, 575, 157, 349, 0
690, 3, 1, 5, 0, 0, 0.24%, 1, 0, 1, 0.39, 578, 157, 352, 0
695, 3, 1, 5, 0, 0, 0.24%, 1, 0, 1, 0.43, 581, 157, 355, 0
701, 3, 1, 5, 0, 0, 0.24%, 1, 0, 1, 0.53, 586, 157, 359, 0
707, 3, 1, 5, 0, 0, 0.24%, 1, 0, 1, 0.52, 589, 157, 361, 0
712, 4, 1, 5, 0, 0, 0.24%, 1, 0, 1, 0.62, 595, 157, 363, 0
718, 4, 1, 5, 0, 0, 0.24%, 1, 0, 1, 0.32, 598, 157, 366, 0
724, 4, 1, 5, 0, 0, 0.24%, 1, 0, 1, 0.32, 600, 157, 368, 0
730, 4, 1, 5, 0, 0, 0.24%, 1, 0, 1, 0.56, 605, 157, 371, 0
737, 4, 1, 5, 0, 0, 0.24%, 1, 0, 1, 0.59, 608, 157, 374, 0
744, 4, 1, 5, 0, 0, 0.24%, 1, 0, 1, 0.57, 611, 157, 377, 0
751, 4, 1, 5, 0, 0, 0.24%, 1, 0, 1, 0.26, 620, 157, 380, 0
756, 4, 1, 5, 0, 0, 0.24%, 1, 0, 1, 5.41, 625, 157, 383, 0
764, 4, 1, 5, 0, 0, 0.24%, 1, 0, 1, 0.51, 635, 157, 389, 0
769, 4, 1, 5, 0, 0, 0.24%, 1, 0, 1, 0.51, 637, 157, 391, 0
774, 4, 1, 5, 0, 0, 0.24%, 1, 0, 1, 0.94, 646, 157, 395, 0
779, 4, 1, 5, 0, 0, 0.24%, 1, 0, 1, 0.89, 649, 157, 397, 0
785, 4, 1, 5, 0, 0, 0.24%, 1, 0, 1, 2.64, 659, 157, 403, 0
791, 4, 1, 5, 0, 0, 0.24%, 1, 0, 1, 0.48, 663, 157, 407, 0
799, 4, 1, 5, 0, 0, 0.24%, 1, 0, 1, 1.46, 672, 157, 411, 0
807, 4, 1, 5, 0, 0, 0.24%, 1, 0, 1, 0.25, 680, 157, 416, 0
814, 4, 1, 5, 0, 0, 0.24%, 1, 0, 1, 0.53, 685, 157, 419, 0
820, 4, 1, 5, 0, 0, 0.24%, 1, 0, 1, 0.25, 692, 157, 423, 0
828, 4, 1, 5, 0, 0, 0.24%, 1, 0, 1, 1.58, 698, 157, 427, 0
835, 4, 1, 5, 0, 0, 0.24%, 1, 0, 1, 0.28, 700, 157, 429, 0
841, 4, 1, 5, 0, 0, 0.24%, 1, 0, 1, 0.56, 712, 157, 431, 0
848, 4, 1, 5, 0, 0, 0.24%, 1, 0, 1, 0.56, 715, 157, 434, 0
853, 4, 1, 5, 0, 0, 0.24%, 1, 0, 1, 0.54, 717, 157, 436, 0
859, 4, 1, 5, 0, 0, 0.24%, 1, 0, 1, 0.53, 719, 157, 438, 0
864, 4, 1, 5, 0, 0, 0.24%, 1, 0, 1, 0.52, 721, 157, 440, 0
869, 4, 1, 5, 0, 0, 0.24%, 1, 0, 1, 0.51, 723, 157, 442, 0
876, 4, 1, 5, 0, 0, 0.24%, 1, 0, 1, 0.51, 726, 157, 445, 0
882, 4, 1, 5, 0, 0, 0.24%, 1, 0, 1, 0.54, 729, 157, 448, 0
889, 4, 1, 5, 0, 0, 0.24%, 1, 0, 1, 0.51, 731, 157, 450, 0
896, 5, 1, 5, 0, 0, 0.24%, 1, 0, 1, 0.59, 735, 157, 452, 0
