# relative_time, cycles_done, cur_item, corpus_count, pending_total, pending_favs, map_size, saved_crashes, saved_hangs, max_depth, execs_per_sec, total_execs, edges_found, total_crashes, servers_count
61, 22, 1, 5, 0, 0, 0.07%, 0, 0, 1, 49.53, 3154, 47, 0, 0
66, 24, 1, 5, 0, 0, 0.07%, 0, 0, 1, 49.49, 3407, 47, 0, 0
71, 25, 1, 5, 0, 0, 0.07%, 0, 0, 1, 51.81, 3671, 47, 0, 0
76, 27, 1, 5, 0, 0, 0.07%, 0, 0, 1, 52.33, 3935, 47, 0, 0
81, 29, 1, 5, 0, 0, 0.07%, 0, 0, 1, 52.37, 4199, 47, 0, 0
86, 31, 1, 5, 0, 0, 0.07%, 0, 0, 1, 51.91, 4462, 47, 0, 0
91, 33, 1, 5, 0, 0, 0.07%, 0, 0, 1, 49.98, 4715, 47, 0, 0
96, 35, 1, 5, 0, 0, 0.07%, 0, 0, 1, 49.49, 4965, 47, 0, 0
101, 36, 1, 5, 0, 0, 0.07%, 0, 0, 1, 49.55, 5216, 47, 0, 0
106, 38, 1, 5, 0, 0, 0.07%, 0, 0, 1, 49.50, 5466, 47, 0, 0
111, 40, 1, 5, 0, 0, 0.07%, 0, 0, 1, 49.48, 5716, 47, 0, 0
117, 42, 1, 5, 0, 0, 0.07%, 0, 0, 1, 49.36, 5966, 47, 0, 0
122, 44, 1, 5, 0, 0, 0.07%, 0, 0, 1, 49.49, 6216, 47, 0, 0
127, 45, 1, 5, 0, 0, 0.07%, 0, 0, 1, 49.43, 6466, 47, 0, 0
132, 47, 1, 5, 0, 0, 0.07%, 0, 0, 1, 49.76, 6718, 47, 0, 0
137, 49, 1, 5, 0, 0, 0.07%, 0, 0, 1, 49.88, 6974, 47, 0, 0
142, 51, 1, 5, 0, 0, 0.07%, 0, 0, 1, 49.90, 7231, 47, 0, 0
147, 53, 1, 5, 0, 0, 0.07%, 0, 0, 1, 50.39, 7490, 47, 0, 0
152, 55, 1, 5, 0, 0, 0.07%, 0, 0, 1, 51.66, 7754, 47, 0, 0
157, 57, 1, 5, 0, 0, 0.07%, 0, 0, 1, 51.92, 8018, 47, 0, 0
162, 58, 1, 5, 0, 0, 0.07%, 0, 0, 1, 52.00, 8282, 47, 0, 0
167, 60, 1, 5, 0, 0, 0.07%, 0, 0, 1, 51.62, 8544, 47, 0, 0
173, 62, 1, 5, 0, 0, 0.07%, 0, 0, 1, 49.82, 8794, 47, 0, 0
178, 64, 1, 5, 0, 0, 0.07%, 0, 0, 1, 49.41, 9044, 47, 0, 0
183, 66, 1, 5, 0, 0, 0.07%, 0, 0, 1, 51.24, 9308, 47, 0, 0
188, 68, 1, 5, 0, 0, 0.07%, 0, 0, 1, 52.28, 9572, 47, 0, 0
193, 69, 1, 5, 0, 0, 0.07%, 0, 0, 1, 52.58, 9836, 47, 0, 0
198, 71, 1, 5, 0, 0, 0.07%, 0, 0, 1, 52.58, 10100, 47, 0, 0
203, 73, 1, 5, 0, 0, 0.07%, 0, 0, 1, 52.60, 10364, 47, 0, 0
208, 75, 1, 5, 0, 0, 0.07%, 0, 0, 1, 52.48, 10627, 47, 0, 0
213, 77, 1, 5, 0, 0, 0.07%, 0, 0, 1, 52.55, 10891, 47, 0, 0
218, 79, 1, 5, 0, 0, 0.07%, 0, 0, 1, 52.58, 11155, 47, 0, 0
223, 81, 1, 5, 0, 0, 0.07%, 0, 0, 1, 52.52, 11419, 47, 0, 0
228, 83, 1, 5, 0, 0, 0.07%, 0, 0, 1, 52.56, 11683, 47, 0, 0
233, 85, 1, 5, 0, 0, 0.07%, 0, 0, 1, 52.61, 11947, 47, 0, 0
238, 86, 1, 5, 0, 0, 0.07%, 0, 0, 1, 51.69, 12211, 47, 0, 0
243, 88, 1, 5, 0, 0, 0.07%, 0, 0, 1, 50.19, 12463, 47, 0, 0
248, 90, 1, 5, 0, 0, 0.07%, 0, 0, 1, 53.39, 12739, 47, 0, 0
253, 92, 1, 5, 0, 0, 0.07%, 0, 0, 1, 54.04, 13014, 47, 0, 0
258, 94, 1, 5, 0, 0, 0.07%, 0, 0, 1, 53.90, 13289, 47, 0, 0
263, 96, 1, 5, 0, 0, 0.07%, 0, 0, 1, 52.14, 13551, 47, 0, 0
269, 98, 1, 5, 0, 0, 0.07%, 0, 0, 1, 53.50, 13826, 47, 0, 0
274, 100, 1, 5, 0, 0, 0.07%, 0, 0, 1, 54.05, 14101, 47, 0, 0
279, 102, 1, 5, 0, 0, 0.07%, 0, 0, 1, 52.46, 14365, 47, 0, 0
284, 104, 1, 5, 0, 0, 0.07%, 0, 0, 1, 53.14, 14639, 47, 0, 0
289, 106, 1, 5, 0, 0, 0.07%, 0, 0, 1, 49.78, 14893, 47, 0, 0
294, 108, 1, 5, 0, 0, 0.07%, 0, 0, 1, 52.28, 15159, 47, 0, 0
299, 109, 1, 5, 0, 0, 0.07%, 0, 0, 1, 51.74, 15428, 47, 0, 0
304, 111, 1, 5, 0, 0, 0.07%, 0, 0, 1, 50.14, 15679, 47, 0, 0
310, 113, 1, 5, 0, 0, 0.07%, 0, 0, 1, 49.96, 15935, 47, 0, 0
315, 115, 1, 5, 0, 0, 0.07%, 0, 0, 1, 49.90, 16191, 47, 0, 0
320, 117, 1, 5, 0, 0, 0.07%, 0, 0, 1, 50.00, 16445, 47, 0, 0
325, 119, 1, 5, 0, 0, 0.07%, 0, 0, 1, 51.13, 16709, 47, 0, 0
330, 120, 1, 5, 0, 0, 0.07%, 0, 0, 1, 51.35, 16973, 47, 0, 0
335, 122, 1, 5, 0, 0, 0.07%, 0, 0, 1, 51.73, 17237, 47, 0, 0
340, 124, 1, 5, 0, 0, 0.07%, 0, 0, 1, 51.86, 17501, 47, 0, 0
345, 126, 1, 5, 0, 0, 0.07%, 0, 0, 1, 51.92, 17765, 47, 0, 0
350, 128, 1, 5, 0, 0, 0.07%, 0, 0, 1, 51.96, 18029, 47, 0, 0
355, 130, 1, 5, 0, 0, 0.07%, 0, 0, 1, 47.79, 18271, 47, 0, 0
361, 132, 1, 5, 0, 0, 0.07%, 0, 0, 1, 50.01, 18522, 47, 0, 0
366, 133, 1, 5, 0, 0, 0.07%, 0, 0, 1, 51.70, 18786, 47, 0, 0
371, 135, 1, 5, 0, 0, 0.07%, 0, 0, 1, 52.35, 19050, 47, 0, 0
376, 137, 1, 5, 0, 0, 0.07%, 0, 0, 1, 52.48, 19314, 47, 0, 0
381, 139, 1, 5, 0, 0, 0.07%, 0, 0, 1, 52.54, 19578, 47, 0, 0
386, 141, 1, 5, 0, 0, 0.07%, 0, 0, 1, 52.47, 19842, 47, 0, 0
391, 143, 1, 5, 0, 0, 0.07%, 0, 0, 1, 50.22, 20098, 47, 0, 0
396, 145, 1, 5, 0, 0, 0.07%, 0, 0, 1, 49.38, 20348, 47, 0, 0
401, 146, 1, 5, 0, 0, 0.07%, 0, 0, 1, 49.57, 20600, 47, 0, 0
406, 148, 1, 5, 0, 0, 0.07%, 0, 0, 1, 49.60, 20850, 47, 0, 0
411, 150, 1, 5, 0, 0, 0.07%, 0, 0, 1, 49.63, 21100, 47, 0, 0
416, 152, 1, 5, 0, 0, 0.07%, 0, 0, 1, 49.60, 21350, 47, 0, 0
421, 154, 1, 5, 0, 0, 0.07%, 0, 0, 1, 49.58, 21600, 47, 0, 0
426, 155, 1, 5, 0, 0, 0.07%, 0, 0, 1, 49.57, 21851, 47, 0, 0
431, 157, 1, 5, 0, 0, 0.07%, 0, 0, 1, 49.56, 22102, 47, 0, 0
436, 159, 1, 5, 0, 0, 0.07%, 0, 0, 1, 49.57, 22352, 47, 0, 0
441, 161, 1, 5, 0, 0, 0.07%, 0, 0, 1, 49.66, 22604, 47, 0, 0
446, 162, 1, 5, 0, 0, 0.07%, 0, 0, 1, 49.63, 22855, 47, 0, 0
452, 164, 1, 5, 0, 0, 0.07%, 0, 0, 1, 49.86, 23111, 47, 0, 0
457, 166, 1, 5, 0, 0, 0.07%, 0, 0, 1, 50.02, 23372, 47, 0, 0
462, 168, 1, 5, 0, 0, 0.07%, 0, 0, 1, 50.11, 23624, 47, 0, 0
467, 170, 1, 5, 0, 0, 0.07%, 0, 0, 1, 50.09, 23876, 47, 0, 0
472, 172, 1, 5, 0, 0, 0.07%, 0, 0, 1, 49.96, 24134, 47, 0, 0
477, 173, 1, 5, 0, 0, 0.07%, 0, 0, 1, 50.72, 24392, 47, 0, 0
482, 175, 1, 5, 0, 0, 0.07%, 0, 0, 1, 51.27, 24656, 47, 0, 0
487, 177, 1, 5, 0, 0, 0.07%, 0, 0, 1, 51.62, 24920, 47, 0, 0
492, 179, 1, 5, 0, 0, 0.07%, 0, 0, 1, 52.12, 25184, 47, 0, 0
497, 181, 1, 5, 0, 0, 0.07%, 0, 0, 1, 52.24, 25448, 47, 0, 0
503, 183, 1, 5, 0, 0, 0.07%, 0, 0, 1, 52.25, 25712, 47, 0, 0
508, 185, 1, 5, 0, 0, 0.07%, 0, 0, 1, 52.22, 25976, 47, 0, 0
513, 187, 1, 5, 0, 0, 0.07%, 0, 0, 1, 51.92, 26240, 47, 0, 0
518, 189, 1, 5, 0, 0, 0.07%, 0, 0, 1, 51.76, 26504, 47, 0, 0
523, 190, 1, 5, 0, 0, 0.07%, 0, 0, 1, 51.73, 26768, 47, 0, 0
528, 192, 1, 5, 0, 0, 0.07%, 0, 0, 1, 51.81, 27032, 47, 0, 0
533, 194, 1, 5, 0, 0, 0.07%, 0, 0, 1, 52.08, 27296, 47, 0, 0
538, 196, 1, 5, 0, 0, 0.07%, 0, 0, 1, 52.18, 27560, 47, 0, 0
543, 198, 1, 5, 0, 0, 0.07%, 0, 0, 1, 52.14, 27824, 47, 0, 0
548, 200, 1, 5, 0, 0, 0.07%, 0, 0, 1, 51.98, 28088, 47, 0, 0
553, 202, 1, 5, 0, 0, 0.07%, 0, 0, 1, 51.98, 28352, 47, 0, 0
558, 204, 1, 5, 0, 0, 0.07%, 0, 0, 1, 51.93, 28616, 47, 0, 0
563, 206, 1, 5, 0, 0, 0.07%, 0, 0, 1, 51.90, 28880, 47, 0, 0
569, 207, 1, 5, 0, 0, 0.07%, 0, 0, 1, 51.87, 29144, 47, 0, 0
574, 209, 1, 5, 0, 0, 0.07%, 0, 0, 1, 51.83, 29408, 47, 0, 0
579, 211, 1, 5, 0, 0, 0.07%, 0, 0, 1, 51.84, 29672, 47, 0, 0
584, 213, 1, 5, 0, 0, 0.07%, 0, 0, 1, 51.87, 29936, 47, 0, 0
589, 215, 1, 5, 0, 0, 0.07%, 0, 0, 1, 51.83, 30200, 47, 0, 0
594, 217, 1, 5, 0, 0, 0.07%, 0, 0, 1, 51.86, 30464, 47, 0, 0
599, 219, 1, 5, 0, 0, 0.07%, 0, 0, 1, 51.43, 30726, 47, 0, 0
604, 221, 1, 5, 0, 0, 0.07%, 0, 0, 1, 50.29, 30985, 47, 0, 0
609, 222, 1, 5, 0, 0, 0.07%, 0, 0, 1, 50.17, 31237, 47, 0, 0
614, 224, 1, 5, 0, 0, 0.07%, 0, 0, 1, 50.10, 31488, 47, 0, 0
619, 226, 1, 5, 0, 0, 0.07%, 0, 0, 1, 50.11, 31741, 47, 0, 0
625, 228, 1, 5, 0, 0, 0.07%, 0, 0, 1, 49.97, 32001, 47, 0, 0
630, 230, 1, 5, 0, 0, 0.07%, 0, 0, 1, 50.90, 32261, 47, 0, 0
635, 232, 1, 5, 0, 0, 0.07%, 0, 0, 1, 51.58, 32525, 47, 0, 0
640, 233, 1, 5, 0, 0, 0.07%, 0, 0, 1, 51.79, 32789, 47, 0, 0
645, 235, 1, 5, 0, 0, 0.07%, 0, 0, 1, 51.74, 33053, 47, 0, 0
650, 237, 1, 5, 0, 0, 0.07%, 0, 0, 1, 51.73, 33317, 47, 0, 0
655, 239, 1, 5, 0, 0, 0.07%, 0, 0, 1, 51.57, 33581, 47, 0, 0
660, 241, 1, 5, 0, 0, 0.07%, 0, 0, 1, 50.27, 33841, 47, 0, 0
666, 243, 1, 5, 0, 0, 0.07%, 0, 0, 1, 49.98, 34097, 47, 0, 0
671, 245, 1, 5, 0, 0, 0.07%, 0, 0, 1, 49.92, 34352, 47, 0, 0
676, 246, 1, 5, 0, 0, 0.07%, 0, 0, 1, 49.94, 34612, 47, 0, 0
681, 248, 1, 5, 0, 0, 0.07%, 0, 0, 1, 50.36, 34866, 47, 0, 0
686, 250, 1, 5, 0, 0, 0.07%, 0, 0, 1, 50.91, 35130, 47, 0, 0
691, 252, 1, 5, 0, 0, 0.07%, 0, 0, 1, 50.30, 35390, 47, 0, 0
696, 254, 1, 5, 0, 0, 0.07%, 0, 0, 1, 49.82, 35641, 47, 0, 0
701, 256, 1, 5, 0, 0, 0.07%, 0, 0, 1, 49.64, 35891, 47, 0, 0
706, 257, 1, 5, 0, 0, 0.07%, 0, 0, 1, 49.42, 36142, 47, 0, 0
711, 259, 1, 5, 0, 0, 0.07%, 0, 0, 1, 49.64, 36393, 47, 0, 0
716, 261, 1, 5, 0, 0, 0.07%, 0, 0, 1, 49.69, 36643, 47, 0, 0
722, 263, 1, 5, 0, 0, 0.07%, 0, 0, 1, 50.69, 36901, 47, 0, 0
727, 265, 1, 5, 0, 0, 0.07%, 0, 0, 1, 51.12, 37165, 47, 0, 0
732, 267, 1, 5, 0, 0, 0.07%, 0, 0, 1, 51.36, 37429, 47, 0, 0
737, 268, 1, 5, 0, 0, 0.07%, 0, 0, 1, 51.53, 37693, 47, 0, 0
742, 270, 1, 5, 0, 0, 0.07%, 0, 0, 1, 51.48, 37957, 47, 0, 0
747, 272, 1, 5, 0, 0, 0.07%, 0, 0, 1, 51.39, 38221, 47, 0, 0
752, 274, 1, 5, 0, 0, 0.07%, 0, 0, 1, 51.63, 38485, 47, 0, 0
757, 276, 1, 5, 0, 0, 0.07%, 0, 0, 1, 51.72, 38749, 47, 0, 0
763, 278, 1, 5, 0, 0, 0.07%, 0, 0, 1, 51.67, 39013, 47, 0, 0
768, 280, 1, 5, 0, 0, 0.07%, 0, 0, 1, 51.61, 39277, 47, 0, 0
773, 282, 1, 5, 0, 0, 0.07%, 0, 0, 1, 51.58, 39541, 47, 0, 0
778, 284, 1, 5, 0, 0, 0.07%, 0, 0, 1, 50.86, 39798, 47, 0, 0
783, 285, 1, 5, 0, 0, 0.07%, 0, 0, 1, 49.96, 40051, 47, 0, 0
788, 287, 1, 5, 0, 0, 0.07%, 0, 0, 1, 51.66, 40313, 47, 0, 0
793, 289, 1, 5, 0, 0, 0.07%, 0, 0, 1, 52.14, 40577, 47, 0, 0
798, 291, 1, 5, 0, 0, 0.07%, 0, 0, 1, 52.16, 40841, 47, 0, 0
803, 293, 1, 5, 0, 0, 0.07%, 0, 0, 1, 52.21, 41105, 47, 0, 0
808, 295, 1, 5, 0, 0, 0.07%, 0, 0, 1, 52.16, 41369, 47, 0, 0
813, 297, 1, 5, 0, 0, 0.07%, 0, 0, 1, 52.01, 41633, 47, 0, 0
818, 298, 1, 5, 0, 0, 0.07%, 0, 0, 1, 52.01, 41897, 47, 0, 0
823, 300, 1, 5, 0, 0, 0.07%, 0, 0, 1, 51.76, 42158, 47, 0, 0
828, 302, 1, 5, 0, 0, 0.07%, 0, 0, 1, 51.79, 42422, 47, 0, 0
834, 304, 1, 5, 0, 0, 0.07%, 0, 0, 1, 51.75, 42686, 47, 0, 0
839, 306, 1, 5, 0, 0, 0.07%, 0, 0, 1, 50.77, 42941, 47, 0, 0
844, 308, 1, 5, 0, 0, 0.07%, 0, 0, 1, 50.13, 43197, 47, 0, 0
849, 310, 1, 5, 0, 0, 0.07%, 0, 0, 1, 50.07, 43448, 47, 0, 0
854, 311, 1, 5, 0, 0, 0.07%, 0, 0, 1, 51.24, 43711, 47, 0, 0
859, 313, 1, 5, 0, 0, 0.07%, 0, 0, 1, 51.51, 43975, 47, 0, 0
864, 315, 1, 5, 0, 0, 0.07%, 0, 0, 1, 51.62, 44239, 47, 0, 0
869, 317, 1, 5, 0, 0, 0.07%, 0, 0, 1, 50.67, 44497, 47, 0, 0
874, 319, 1, 5, 0, 0, 0.07%, 0, 0, 1, 49.73, 44747, 47, 0, 0
879, 321, 1, 5, 0, 0, 0.07%, 0, 0, 1, 49.58, 44998, 47, 0, 0
884, 322, 1, 5, 0, 0, 0.07%, 0, 0, 1, 49.70, 45249, 47, 0, 0
889, 324, 1, 5, 0, 0, 0.07%, 0, 0, 1, 49.74, 45501, 47, 0, 0
894, 326, 1, 5, 0, 0, 0.07%, 0, 0, 1, 49.23, 45748, 47, 0, 0
898, 327, 1, 5, 0, 0, 0.07%, 0, 0, 1, 49.40, 45904, 47, 0, 0
