# relative_time, cycles_done, cur_item, corpus_count, pending_total, pending_favs, map_size, saved_crashes, saved_hangs, max_depth, execs_per_sec, total_execs, edges_found, total_crashes, servers_count
61, 22, 0, 5, 0, 0, 0.07%, 0, 0, 1, 51.51, 3146, 49, 0, 0
66, 24, 0, 5, 0, 0, 0.07%, 0, 0, 1, 51.70, 3410, 49, 0, 0
71, 25, 0, 5, 0, 0, 0.07%, 0, 0, 1, 51.71, 3674, 49, 0, 0
76, 27, 0, 5, 0, 0, 0.07%, 0, 0, 1, 52.04, 3937, 49, 0, 0
81, 29, 0, 5, 0, 0, 0.07%, 0, 0, 1, 52.26, 4201, 49, 0, 0
86, 31, 0, 5, 0, 0, 0.07%, 0, 0, 1, 52.26, 4465, 49, 0, 0
91, 33, 0, 5, 0, 0, 0.07%, 0, 0, 1, 52.30, 4729, 49, 0, 0
96, 35, 0, 5, 0, 0, 0.07%, 0, 0, 1, 51.11, 4991, 49, 0, 0
101, 37, 0, 5, 0, 0, 0.07%, 0, 0, 1, 50.59, 5250, 49, 0, 0
106, 39, 0, 5, 0, 0, 0.07%, 0, 0, 1, 51.46, 5511, 49, 0, 0
112, 40, 0, 5, 0, 0, 0.07%, 0, 0, 1, 51.99, 5774, 49, 0, 0
117, 42, 0, 5, 0, 0, 0.07%, 0, 0, 1, 52.51, 6038, 49, 0, 0
122, 44, 0, 5, 0, 0, 0.07%, 0, 0, 1, 51.74, 6298, 49, 0, 0
127, 46, 0, 5, 0, 0, 0.07%, 0, 0, 1, 50.72, 6558, 49, 0, 0
132, 48, 1, 5, 0, 0, 0.07%, 0, 0, 1, 50.43, 6818, 49, 0, 0
137, 50, 1, 5, 0, 0, 0.07%, 0, 0, 1, 50.69, 7076, 49, 0, 0
142, 52, 0, 5, 0, 0, 0.07%, 0, 0, 1, 51.66, 7339, 49, 0, 0
147, 54, 0, 5, 0, 0, 0.07%, 0, 0, 1, 52.06, 7603, 49, 0, 0
152, 55, 0, 5, 0, 0, 0.07%, 0, 0, 1, 52.04, 7867, 49, 0, 0
157, 57, 0, 5, 0, 0, 0.07%, 0, 0, 1, 52.28, 8131, 49, 0, 0
162, 59, 0, 5, 0, 0, 0.07%, 0, 0, 1, 52.46, 8395, 49, 0, 0
167, 61, 0, 5, 0, 0, 0.07%, 0, 0, 1, 52.33, 8659, 49, 0, 0
172, 63, 0, 5, 0, 0, 0.07%, 0, 0, 1, 50.92, 8918, 49, 0, 0
178, 65, 0, 5, 0, 0, 0.07%, 0, 0, 1, 50.64, 9180, 49, 0, 0
183, 67, 0, 5, 0, 0, 0.07%, 0, 0, 1, 50.86, 9441, 49, 0, 0
188, 69, 0, 5, 0, 0, 0.07%, 0, 0, 1, 52.03, 9705, 49, 0, 0
193, 70, 1, 5, 0, 0, 0.07%, 0, 0, 1, 52.34, 9969, 49, 0, 0
198, 72, 0, 5, 0, 0, 0.07%, 0, 0, 1, 52.20, 10233, 49, 0, 0
203, 74, 1, 5, 0, 0, 0.07%, 0, 0, 1, 52.20, 10496, 49, 0, 0
208, 76, 0, 5, 0, 0, 0.07%, 0, 0, 1, 52.26, 10760, 49, 0, 0
213, 78, 0, 5, 0, 0, 0.07%, 0, 0, 1, 52.44, 11024, 49, 0, 0
218, 80, 0, 5, 0, 0, 0.07%, 0, 0, 1, 52.49, 11288, 49, 0, 0
223, 82, 0, 5, 0, 0, 0.07%, 0, 0, 1, 52.51, 11552, 49, 0, 0
228, 84, 0, 5, 0, 0, 0.07%, 0, 0, 1, 52.23, 11815, 49, 0, 0
233, 85, 0, 5, 0, 0, 0.07%, 0, 0, 1, 50.93, 12075, 49, 0, 0
238, 87, 0, 5, 0, 0, 0.07%, 0, 0, 1, 50.73, 12336, 49, 0, 0
244, 89, 0, 5, 0, 0, 0.07%, 0, 0, 1, 50.64, 12597, 49, 0, 0
249, 91, 0, 5, 0, 0, 0.07%, 0, 0, 1, 50.53, 12858, 49, 0, 0
254, 93, 0, 5, 0, 0, 0.07%, 0, 0, 1, 50.65, 13120, 49, 0, 0
259, 95, 0, 5, 0, 0, 0.07%, 0, 0, 1, 50.36, 13374, 49, 0, 0
264, 97, 0, 5, 0, 0, 0.07%, 0, 0, 1, 50.53, 13636, 49, 0, 0
269, 98, 0, 5, 0, 0, 0.07%, 0, 0, 1, 50.59, 13898, 49, 0, 0
274, 100, 0, 5, 0, 0, 0.07%, 0, 0, 1, 50.51, 14158, 49, 0, 0
280, 102, 0, 5, 0, 0, 0.07%, 0, 0, 1, 50.51, 14419, 49, 0, 0
285, 104, 0, 5, 0, 0, 0.07%, 0, 0, 1, 50.40, 14676, 49, 0, 0
290, 106, 0, 5, 0, 0, 0.07%, 0, 0, 1, 50.30, 14934, 49, 0, 0
295, 108, 1, 5, 0, 0, 0.07%, 0, 0, 1, 50.42, 15188, 49, 0, 0
300, 110, 0, 5, 0, 0, 0.07%, 0, 0, 1, 50.96, 15452, 49, 0, 0
305, 111, 1, 5, 0, 0, 0.07%, 0, 0, 1, 51.41, 15716, 49, 0, 0
310, 113, 0, 5, 0, 0, 0.07%, 0, 0, 1, 51.11, 15980, 49, 0, 0
315, 115, 0, 5, 0, 0, 0.07%, 0, 0, 1, 50.92, 16242, 49, 0, 0
321, 117, 0, 5, 0, 0, 0.07%, 0, 0, 1, 51.95, 16506, 49, 0, 0
326, 119, 1, 5, 0, 0, 0.07%, 0, 0, 1, 52.46, 16770, 49, 0, 0
331, 121, 0, 5, 0, 0, 0.07%, 0, 0, 1, 52.42, 17034, 49, 0, 0
336, 123, 0, 5, 0, 0, 0.07%, 0, 0, 1, 52.48, 17298, 49, 0, 0
341, 125, 0, 5, 0, 0, 0.07%, 0, 0, 1, 51.22, 17556, 49, 0, 0
346, 126, 0, 5, 0, 0, 0.07%, 0, 0, 1, 50.54, 17816, 49, 0, 0
351, 128, 0, 5, 0, 0, 0.07%, 0, 0, 1, 50.52, 18074, 49, 0, 0
356, 130, 0, 5, 0, 0, 0.07%, 0, 0, 1, 49.04, 18324, 49, 0, 0
361, 132, 1, 5, 0, 0, 0.07%, 0, 0, 1, 48.71, 18574, 49, 0, 0
366, 134, 0, 5, 0, 0, 0.07%, 0, 0, 1, 50.88, 18838, 49, 0, 0
371, 136, 0, 5, 0, 0, 0.07%, 0, 0, 1, 52.06, 19102, 49, 0, 0
376, 138, 0, 5, 0, 0, 0.07%, 0, 0, 1, 51.95, 19366, 49, 0, 0
382, 139, 0, 5, 0, 0, 0.07%, 0, 0, 1, 52.12, 19630, 49, 0, 0
387, 141, 0, 5, 0, 0, 0.07%, 0, 0, 1, 51.52, 19892, 49, 0, 0
392, 143, 0, 5, 0, 0, 0.07%, 0, 0, 1, 50.62, 20152, 49, 0, 0
397, 145, 0, 5, 0, 0, 0.07%, 0, 0, 1, 50.45, 20412, 49, 0, 0
402, 147, 0, 5, 0, 0, 0.07%, 0, 0, 1, 50.40, 20674, 49, 0, 0
407, 149, 0, 5, 0, 0, 0.07%, 0, 0, 1, 51.04, 20936, 49, 0, 0
412, 151, 0, 5, 0, 0, 0.07%, 0, 0, 1, 51.22, 21200, 49, 0, 0
417, 153, 0, 5, 0, 0, 0.07%, 0, 0, 1, 51.84, 21464, 49, 0, 0
423, 154, 0, 5, 0, 0, 0.07%, 0, 0, 1, 51.65, 21728, 49, 0, 0
428, 156, 0, 5, 0, 0, 0.07%, 0, 0, 1, 50.69, 21988, 49, 0, 0
433, 158, 0, 5, 0, 0, 0.07%, 0, 0, 1, 50.91, 22252, 49, 0, 0
438, 160, 0, 5, 0, 0, 0.07%, 0, 0, 1, 50.99, 22516, 49, 0, 0
443, 162, 0, 5, 0, 0, 0.07%, 0, 0, 1, 51.17, 22779, 49, 0, 0
448, 164, 0, 5, 0, 0, 0.07%, 0, 0, 1, 51.79, 23043, 49, 0, 0
453, 166, 0, 5, 0, 0, 0.07%, 0, 0, 1, 52.03, 23307, 49, 0, 0
459, 168, 0, 5, 0, 0, 0.07%, 0, 0, 1, 51.01, 23569, 49, 0, 0
464, 169, 0, 5, 0, 0, 0.07%, 0, 0, 1, 50.73, 23831, 49, 0, 0
469, 171, 0, 5, 0, 0, 0.07%, 0, 0, 1, 50.54, 24093, 49, 0, 0
474, 173, 0, 5, 0, 0, 0.07%, 0, 0, 1, 50.83, 24356, 49, 0, 0
479, 175, 0, 5, 0, 0, 0.07%, 0, 0, 1, 51.03, 24619, 49, 0, 0
484, 177, 0, 5, 0, 0, 0.07%, 0, 0, 1, 51.46, 24883, 49, 0, 0
489, 179, 0, 5, 0, 0, 0.07%, 0, 0, 1, 51.65, 25147, 49, 0, 0
494, 181, 0, 5, 0, 0, 0.07%, 0, 0, 1, 51.15, 25406, 49, 0, 0
500, 183, 0, 5, 0, 0, 0.07%, 0, 0, 1, 50.95, 25670, 49, 0, 0
505, 184, 0, 5, 0, 0, 0.07%, 0, 0, 1, 50.93, 25934, 49, 0, 0
510, 186, 0, 5, 0, 0, 0.07%, 0, 0, 1, 51.01, 26198, 49, 0, 0
515, 188, 0, 5, 0, 0, 0.07%, 0, 0, 1, 50.90, 26461, 49, 0, 0
520, 190, 0, 5, 0, 0, 0.07%, 0, 0, 1, 51.23, 26725, 49, 0, 0
525, 192, 1, 5, 0, 0, 0.07%, 0, 0, 1, 49.61, 26976, 49, 0, 0
531, 194, 0, 5, 0, 0, 0.07%, 0, 0, 1, 48.75, 27226, 49, 0, 0
536, 195, 0, 5, 0, 0, 0.07%, 0, 0, 1, 49.17, 27471, 49, 0, 0
541, 197, 0, 5, 0, 0, 0.07%, 0, 0, 1, 51.70, 27735, 49, 0, 0
546, 199, 1, 5, 0, 0, 0.07%, 0, 0, 1, 52.21, 27999, 49, 0, 0
551, 201, 0, 5, 0, 0, 0.07%, 0, 0, 1, 52.19, 28263, 49, 0, 0
556, 203, 0, 5, 0, 0, 0.07%, 0, 0, 1, 52.15, 28527, 49, 0, 0
561, 205, 0, 5, 0, 0, 0.07%, 0, 0, 1, 52.30, 28791, 49, 0, 0
566, 207, 0, 5, 0, 0, 0.07%, 0, 0, 1, 52.26, 29055, 49, 0, 0
571, 209, 1, 5, 0, 0, 0.07%, 0, 0, 1, 52.35, 29319, 49, 0, 0
576, 211, 1, 5, 0, 0, 0.07%, 0, 0, 1, 52.29, 29583, 49, 0, 0
581, 212, 0, 5, 0, 0, 0.07%, 0, 0, 1, 52.43, 29847, 49, 0, 0
586, 214, 0, 5, 0, 0, 0.07%, 0, 0, 1, 52.29, 30110, 49, 0, 0
591, 216, 0, 5, 0, 0, 0.07%, 0, 0, 1, 52.51, 30374, 49, 0, 0
596, 218, 0, 5, 0, 0, 0.07%, 0, 0, 1, 52.50, 30638, 49, 0, 0
601, 220, 0, 5, 0, 0, 0.07%, 0, 0, 1, 52.17, 30902, 49, 0, 0
606, 222, 0, 5, 0, 0, 0.07%, 0, 0, 1, 51.92, 31166, 49, 0, 0
611, 224, 0, 5, 0, 0, 0.07%, 0, 0, 1, 51.92, 31430, 49, 0, 0
616, 226, 1, 5, 0, 0, 0.07%, 0, 0, 1, 51.80, 31694, 49, 0, 0
622, 227, 1, 5, 0, 0, 0.07%, 0, 0, 1, 51.09, 31955, 49, 0, 0
627, 229, 0, 5, 0, 0, 0.07%, 0, 0, 1, 50.72, 32217, 49, 0, 0
632, 231, 0, 5, 0, 0, 0.07%, 0, 0, 1, 50.68, 32480, 49, 0, 0
637, 233, 0, 5, 0, 0, 0.07%, 0, 0, 1, 50.68, 32740, 49, 0, 0
642, 235, 0, 5, 0, 0, 0.07%, 0, 0, 1, 51.09, 33004, 49, 0, 0
647, 237, 0, 5, 0, 0, 0.07%, 0, 0, 1, 51.67, 33268, 49, 0, 0
652, 239, 0, 5, 0, 0, 0.07%, 0, 0, 1, 51.61, 33529, 49, 0, 0
658, 241, 0, 5, 0, 0, 0.07%, 0, 0, 1, 50.76, 33789, 49, 0, 0
663, 242, 0, 5, 0, 0, 0.07%, 0, 0, 1, 50.36, 34050, 49, 0, 0
668, 244, 0, 5, 0, 0, 0.07%, 0, 0, 1, 51.12, 34314, 49, 0, 0
673, 246, 0, 5, 0, 0, 0.07%, 0, 0, 1, 51.23, 34578, 49, 0, 0
678, 248, 0, 5, 0, 0, 0.07%, 0, 0, 1, 51.35, 34842, 49, 0, 0
683, 250, 0, 5, 0, 0, 0.07%, 0, 0, 1, 51.49, 35106, 49, 0, 0
688, 252, 0, 5, 0, 0, 0.07%, 0, 0, 1, 51.52, 35370, 49, 0, 0
694, 254, 1, 5, 0, 0, 0.07%, 0, 0, 1, 51.59, 35634, 49, 0, 0
699, 256, 0, 5, 0, 0, 0.07%, 0, 0, 1, 51.65, 35898, 49, 0, 0
704, 257, 1, 5, 0, 0, 0.07%, 0, 0, 1, 51.46, 36161, 49, 0, 0
709, 259, 1, 5, 0, 0, 0.07%, 0, 0, 1, 51.58, 36425, 49, 0, 0
714, 261, 0, 5, 0, 0, 0.07%, 0, 0, 1, 51.90, 36689, 49, 0, 0
719, 263, 0, 5, 0, 0, 0.07%, 0, 0, 1, 51.82, 36953, 49, 0, 0
724, 265, 0, 5, 0, 0, 0.07%, 0, 0, 1, 51.84, 37217, 49, 0, 0
729, 267, 0, 5, 0, 0, 0.07%, 0, 0, 1, 51.88, 37481, 49, 0, 0
734, 269, 0, 5, 0, 0, 0.07%, 0, 0, 1, 51.80, 37745, 49, 0, 0
739, 271, 0, 5, 0, 0, 0.07%, 0, 0, 1, 51.88, 38008, 49, 0, 0
744, 273, 0, 5, 0, 0, 0.07%, 0, 0, 1, 52.20, 38271, 49, 0, 0
749, 274, 1, 5, 0, 0, 0.07%, 0, 0, 1, 52.37, 38535, 49, 0, 0
754, 276, 0, 5, 0, 0, 0.07%, 0, 0, 1, 52.34, 38799, 49, 0, 0
760, 278, 0, 5, 0, 0, 0.07%, 0, 0, 1, 52.38, 39063, 49, 0, 0
765, 280, 0, 5, 0, 0, 0.07%, 0, 0, 1, 52.26, 39327, 49, 0, 0
770, 282, 0, 5, 0, 0, 0.07%, 0, 0, 1, 52.15, 39590, 49, 0, 0
775, 284, 1, 5, 0, 0, 0.07%, 0, 0, 1, 52.19, 39854, 49, 0, 0
780, 286, 0, 5, 0, 0, 0.07%, 0, 0, 1, 52.21, 40118, 49, 0, 0
785, 288, 1, 5, 0, 0, 0.07%, 0, 0, 1, 52.28, 40382, 49, 0, 0
790, 290, 1, 5, 0, 0, 0.07%, 0, 0, 1, 52.49, 40646, 49, 0, 0
795, 291, 0, 5, 0, 0, 0.07%, 0, 0, 1, 52.18, 40909, 49, 0, 0
800, 293, 0, 5, 0, 0, 0.07%, 0, 0, 1, 51.90, 41172, 49, 0, 0
805, 295, 0, 5, 0, 0, 0.07%, 0, 0, 1, 52.05, 41436, 49, 0, 0
810, 297, 1, 5, 0, 0, 0.07%, 0, 0, 1, 52.15, 41700, 49, 0, 0
815, 299, 0, 5, 0, 0, 0.07%, 0, 0, 1, 52.33, 41964, 49, 0, 0
820, 301, 0, 5, 0, 0, 0.07%, 0, 0, 1, 52.10, 42228, 49, 0, 0
825, 303, 0, 5, 0, 0, 0.07%, 0, 0, 1, 52.00, 42492, 49, 0, 0
830, 305, 0, 5, 0, 0, 0.07%, 0, 0, 1, 52.24, 42755, 49, 0, 0
835, 306, 0, 5, 0, 0, 0.07%, 0, 0, 1, 51.93, 43019, 49, 0, 0
840, 308, 0, 5, 0, 0, 0.07%, 0, 0, 1, 51.79, 43283, 49, 0, 0
846, 310, 0, 5, 0, 0, 0.07%, 0, 0, 1, 51.84, 43547, 49, 0, 0
851, 312, 0, 5, 0, 0, 0.07%, 0, 0, 1, 51.87, 43811, 49, 0, 0
856, 314, 0, 5, 0, 0, 0.07%, 0, 0, 1, 52.24, 44075, 49, 0, 0
861, 316, 0, 5, 0, 0, 0.07%, 0, 0, 1, 52.62, 44339, 49, 0, 0
866, 318, 0, 5, 0, 0, 0.07%, 0, 0, 1, 52.77, 44603, 49, 0, 0
871, 320, 0, 5, 0, 0, 0.07%, 0, 0, 1, 52.72, 44867, 49, 0, 0
876, 322, 0, 5, 0, 0, 0.07%, 0, 0, 1, 52.82, 45142, 49, 0, 0
881, 324, 0, 5, 0, 0, 0.07%, 0, 0, 1, 52.68, 45406, 49, 0, 0
886, 325, 0, 5, 0, 0, 0.07%, 0, 0, 1, 52.72, 45670, 49, 0, 0
891, 327, 0, 5, 0, 0, 0.07%, 0, 0, 1, 52.30, 45934, 49, 0, 0
896, 329, 0, 5, 0, 0, 0.07%, 0, 0, 1, 51.03, 46192, 49, 0, 0
897, 330, 0, 5, 0, 0, 0.07%, 0, 0, 1, 48.47, 46261, 49, 0, 0
