# relative_time, cycles_done, cur_item, corpus_count, pending_total, pending_favs, map_size, saved_crashes, saved_hangs, max_depth, execs_per_sec, total_execs, edges_found, total_crashes, servers_count
61, 3, 1, 5, 0, 0, 0.25%, 1, 0, 1, 9.43, 594, 163, 230, 0
66, 4, 1, 5, 0, 0, 0.25%, 1, 0, 1, 9.01, 646, 163, 248, 0
71, 4, 1, 5, 0, 0, 0.25%, 1, 0, 1, 7.12, 680, 163, 269, 0
77, 4, 1, 5, 0, 0, 0.25%, 1, 0, 1, 8.10, 726, 163, 288, 0
82, 5, 1, 5, 0, 0, 0.25%, 1, 0, 1, 8.59, 772, 163, 307, 0
87, 5, 1, 5, 0, 0, 0.25%, 1, 0, 1, 7.53, 811, 163, 327, 0
92, 5, 1, 5, 0, 0, 0.25%, 1, 0, 1, 8.33, 851, 163, 347, 0
97, 6, 1, 5, 0, 0, 0.25%, 1, 0, 1, 8.18, 899, 163, 366, 0
102, 6, 1, 5, 0, 0, 0.25%, 1, 0, 1, 7.07, 937, 163, 387, 0
107, 6, 1, 5, 0, 0, 0.25%, 1, 0, 1, 7.97, 980, 163, 407, 0
112, 6, 1, 5, 0, 0, 0.25%, 1, 0, 1, 7.68, 1017, 163, 427, 0
118, 7, 1, 5, 0, 0, 0.25%, 1, 0, 1, 8.15, 1068, 163, 446, 0
123, 7, 1, 5, 0, 0, 0.25%, 1, 0, 1, 6.99, 1103, 163, 467, 0
128, 7, 1, 5, 0, 0, 0.25%, 1, 0, 1, 6.78, 1143, 163, 488, 0
133, 8, 1, 5, 0, 0, 0.25%, 1, 0, 1, 6.42, 1177, 163, 510, 0
138, 8, 1, 5, 0, 0, 0.25%, 1, 0, 1, 6.25, 1212, 163, 531, 0
143, 8, 1, 5, 0, 0, 0.25%, 1, 0, 1, 7.68, 1254, 163, 551, 0
148, 8, 1, 5, 0, 0, 0.25%, 1, 0, 1, 6.50, 1287, 163, 573, 0
153, 9, 1, 5, 0, 0, 0.25%, 1, 0, 1, 6.21, 1321, 163, 594, 0
158, 9, 1, 5, 0, 0, 0.25%, 1, 0, 1, 7.72, 1366, 163, 613, 0
164, 9, 1, 5, 0, 0, 0.25%, 1, 0, 1, 9.01, 1415, 163, 631, 0
169, 10, 1, 5, 0, 0, 0.25%, 1, 0, 1, 6.53, 1448, 163, 653, 0
174, 10, 1, 5, 0, 0, 0.25%, 1, 0, 1, 9.16, 1503, 163, 671, 0
179, 10, 1, 5, 0, 0, 0.25%, 1, 0, 1, 8.09, 1548, 163, 690, 0
184, 11, 1, 5, 0, 0, 0.25%, 1, 0, 1, 7.59, 1590, 163, 710, 0
189, 11, 1, 5, 0, 0, 0.25%, 1, 0, 1, 6.70, 1625, 163, 731, 0
194, 11, 1, 5, 0, 0, 0.25%, 1, 0, 1, 5.29, 1652, 163, 753, 0
200, 11, 1, 5, 0, 0, 0.25%, 1, 0, 1, 5.13, 1695, 163, 773, 0
205, 12, 1, 5, 0, 0, 0.25%, 1, 0, 1, 6.28, 1739, 163, 792, 0
210, 12, 1, 5, 0, 0, 0.25%, 1, 0, 1, 9.39, 1788, 163, 811, 0
215, 12, 1, 5, 0, 0, 0.25%, 1, 0, 1, 11.63, 1847, 163, 828, 0
220, 13, 1, 5, 0, 0, 0.25%, 1, 0, 1, 8.07, 1882, 163, 848, 0
225, 13, 1, 5, 0, 0, 0.25%, 1, 0, 1, 9.96, 1936, 163, 865, 0
230, 13, 1, 5, 0, 0, 0.25%, 1, 0, 1, 7.90, 1974, 163, 885, 0
235, 14, 1, 5, 0, 0, 0.25%, 1, 0, 1, 9.07, 2021, 163, 904, 0
240, 14, 1, 5, 0, 0, 0.25%, 1, 0, 1, 6.52, 2051, 163, 925, 0
246, 14, 1, 5, 0, 0, 0.25%, 1, 0, 1, 6.55, 2090, 163, 946, 0
251, 14, 1, 5, 0, 0, 0.25%, 1, 0, 1, 7.58, 2134, 163, 966, 0
256, 15, 1, 5, 0, 0, 0.25%, 1, 0, 1, 7.87, 2179, 163, 985, 0
261, 15, 1, 5, 0, 0, 0.25%, 1, 0, 1, 6.34, 2210, 163, 1007, 0
266, 15, 1, 5, 0, 0, 0.25%, 1, 0, 1, 7.32, 2251, 163, 1027, 0
271, 16, 1, 5, 0, 0, 0.25%, 1, 0, 1, 7.71, 2292, 163, 1048, 0
276, 16, 1, 5, 0, 0, 0.25%, 1, 0, 1, 6.62, 2328, 163, 1069, 0
281, 16, 1, 5, 0, 0, 0.25%, 1, 0, 1, 6.04, 2358, 163, 1091, 0
287, 16, 1, 5, 0, 0, 0.25%, 1, 0, 1, 7.72, 2405, 163, 1110, 0
292, 17, 1, 5, 0, 0, 0.25%, 1, 0, 1, 10.62, 2468, 163, 1126, 0
297, 17, 1, 5, 0, 0, 0.25%, 1, 0, 1, 7.44, 2503, 163, 1147, 0
302, 17, 1, 5, 0, 0, 0.25%, 1, 0, 1, 8.82, 2553, 163, 1166, 0
307, 18, 1, 5, 0, 0, 0.25%, 1, 0, 1, 7.82, 2595, 163, 1186, 0
312, 18, 1, 5, 0, 0, 0.25%, 1, 0, 1, 9.20, 2648, 163, 1204, 0
317, 18, 1, 5, 0, 0, 0.25%, 1, 0, 1, 8.43, 2696, 163, 1223, 0
322, 19, 1, 5, 0, 0, 0.25%, 1, 0, 1, 6.28, 2728, 163, 1244, 0
328, 19, 1, 5, 0, 0, 0.25%, 1, 0, 1, 6.95, 2765, 163, 1265, 0
333, 19, 1, 5, 0, 0, 0.25%, 1, 0, 1, 7.46, 2810, 163, 1284, 0
338, 20, 1, 5, 0, 0, 0.25%, 1, 0, 1, 7.17, 2850, 163, 1305, 0
343, 20, 1, 5, 0, 0, 0.25%, 1, 0, 1, 7.62, 2893, 163, 1324, 0
348, 20, 1, 5, 0, 0, 0.25%, 1, 0, 1, 7.09, 2929, 163, 1344, 0
353, 20, 1, 5, 0, 0, 0.25%, 1, 0, 1, 6.87, 2963, 163, 1365, 0
358, 21, 1, 5, 0, 0, 0.25%, 1, 0, 1, 8.51, 3009, 163, 1384, 0
363, 21, 1, 5, 0, 0, 0.25%, 1, 0, 1, 7.70, 3049, 163, 1404, 0
368, 21, 1, 5, 0, 0, 0.25%, 1, 0, 1, 7.86, 3089, 163, 1424, 0
374, 22, 1, 5, 0, 0, 0.25%, 1, 0, 1, 8.96, 3145, 163, 1441, 0
379, 22, 1, 5, 0, 0, 0.25%, 1, 0, 1, 7.03, 3179, 163, 1463, 0
384, 22, 1, 5, 0, 0, 0.25%, 1, 0, 1, 6.66, 3215, 163, 1484, 0
389, 22, 1, 5, 0, 0, 0.25%, 1, 0, 1, 5.88, 3244, 163, 1505, 0
394, 23, 1, 5, 0, 0, 0.25%, 1, 0, 1, 6.54, 3283, 163, 1526, 0
399, 23, 1, 5, 0, 0, 0.25%, 1, 0, 1, 6.48, 3319, 163, 1547, 0
404, 23, 1, 5, 0, 0, 0.25%, 1, 0, 1, 6.52, 3355, 163, 1568, 0
410, 23, 1, 5, 0, 0, 0.25%, 1, 0, 1, 7.08, 3394, 163, 1588, 0
415, 24, 1, 5, 0, 0, 0.25%, 1, 0, 1, 6.52, 3427, 163, 1609, 0
420, 24, 1, 5, 0, 0, 0.25%, 1, 0, 1, 7.13, 3464, 163, 1629, 0
425, 24, 1, 5, 0, 0, 0.25%, 1, 0, 1, 8.32, 3508, 163, 1648, 0
430, 24, 1, 5, 0, 0, 0.25%, 1, 0, 1, 6.77, 3544, 163, 1669, 0
435, 25, 1, 5, 0, 0, 0.25%, 1, 0, 1, 5.93, 3573, 163, 1691, 0
440, 25, 1, 5, 0, 0, 0.25%, 1, 0, 1, 6.21, 3610, 163, 1712, 0
445, 25, 1, 5, 0, 0, 0.25%, 1, 0, 1, 6.01, 3643, 163, 1733, 0
450, 25, 1, 5, 0, 0, 0.25%, 1, 0, 1, 30.04, 3678, 163, 1753, 0
455, 26, 1, 5, 0, 0, 0.25%, 1, 0, 1, 7.20, 3723, 163, 1772, 0
461, 26, 1, 5, 0, 0, 0.25%, 1, 0, 1, 6.76, 3758, 163, 1793, 0
466, 26, 1, 5, 0, 0, 0.25%, 1, 0, 1, 9.16, 3811, 163, 1811, 0
471, 27, 1, 5, 0, 0, 0.25%, 1, 0, 1, 8.99, 3860, 163, 1830, 0
476, 27, 1, 5, 0, 0, 0.25%, 1, 0, 1, 7.55, 3898, 163, 1850, 0
481, 27, 1, 5, 0, 0, 0.25%, 1, 0, 1, 7.50, 3940, 163, 1870, 0
486, 28, 1, 5, 0, 0, 0.25%, 1, 0, 1, 6.90, 3978, 163, 1890, 0
492, 28, 1, 5, 0, 0, 0.25%, 1, 0, 1, 6.94, 4014, 163, 1911, 0
497, 28, 1, 5, 0, 0, 0.25%, 1, 0, 1, 6.89, 4053, 163, 1932, 0
502, 28, 1, 5, 0, 0, 0.25%, 1, 0, 1, 6.77, 4092, 163, 1953, 0
507, 29, 1, 5, 0, 0, 0.25%, 1, 0, 1, 7.21, 4134, 163, 1972, 0
512, 29, 1, 5, 0, 0, 0.25%, 1, 0, 1, 7.93, 4176, 163, 1991, 0
517, 29, 1, 5, 0, 0, 0.25%, 1, 0, 1, 6.32, 4207, 163, 2012, 0
522, 29, 1, 5, 0, 0, 0.25%, 1, 0, 1, 6.01, 4238, 163, 2033, 0
527, 30, 1, 5, 0, 0, 0.25%, 1, 0, 1, 6.14, 4271, 163, 2054, 0
532, 30, 1, 5, 0, 0, 0.25%, 1, 0, 1, 6.70, 4306, 163, 2075, 0
537, 30, 1, 5, 0, 0, 0.25%, 1, 0, 1, 6.80, 4346, 163, 2095, 0
543, 30, 1, 5, 0, 0, 0.25%, 1, 0, 1, 6.44, 4380, 163, 2116, 0
548, 31, 1, 5, 0, 0, 0.25%, 1, 0, 1, 6.79, 4418, 163, 2136, 0
553, 31, 1, 5, 0, 0, 0.25%, 1, 0, 1, 8.83, 4463, 163, 2155, 0
558, 31, 1, 5, 0, 0, 0.25%, 1, 0, 1, 7.02, 4500, 163, 2176, 0
563, 32, 1, 5, 0, 0, 0.25%, 1, 0, 1, 5.84, 4529, 163, 2197, 0
568, 32, 1, 5, 0, 0, 0.25%, 1, 0, 1, 8.28, 4583, 163, 2216, 0
573, 32, 1, 5, 0, 0, 0.25%, 1, 0, 1, 8.57, 4627, 163, 2235, 0
579, 32, 1, 5, 0, 0, 0.25%, 1, 0, 1, 7.87, 4666, 163, 2255, 0
584, 33, 1, 5, 0, 0, 0.25%, 1, 0, 1, 8.25, 4715, 163, 2273, 0
589, 33, 1, 5, 0, 0, 0.25%, 1, 0, 1, 7.81, 4752, 163, 2294, 0
594, 33, 1, 5, 0, 0, 0.25%, 1, 0, 1, 7.76, 4796, 163, 2313, 0
599, 34, 1, 5, 0, 0, 0.25%, 1, 0, 1, 8.64, 4840, 163, 2332, 0
604, 34, 1, 5, 0, 0, 0.25%, 1, 0, 1, 10.58, 4901, 163, 2348, 0
609, 34, 1, 5, 0, 0, 0.25%, 1, 0, 1, 6.75, 4930, 163, 2370, 0
614, 35, 1, 5, 0, 0, 0.25%, 1, 0, 1, 5.92, 4959, 163, 2392, 0
620, 35, 1, 5, 0, 0, 0.25%, 1, 0, 1, 9.36, 5015, 163, 2410, 0
625, 35, 1, 5, 0, 0, 0.25%, 1, 0, 1, 7.98, 5060, 163, 2429, 0
630, 36, 1, 5, 0, 0, 0.25%, 1, 0, 1, 6.52, 5092, 163, 2450, 0
635, 36, 1, 5, 0, 0, 0.25%, 1, 0, 1, 6.43, 5127, 163, 2471, 0
640, 36, 1, 5, 0, 0, 0.25%, 1, 0, 1, 7.86, 5173, 163, 2490, 0
645, 36, 1, 5, 0, 0, 0.25%, 1, 0, 1, 6.93, 5211, 163, 2510, 0
650, 37, 1, 5, 0, 0, 0.25%, 1, 0, 1, 7.07, 5251, 163, 2530, 0
655, 37, 1, 5, 0, 0, 0.25%, 1, 0, 1, 10.00, 5308, 163, 2547, 0
661, 37, 1, 5, 0, 0, 0.25%, 1, 0, 1, 9.20, 5354, 163, 2566, 0
666, 38, 1, 5, 0, 0, 0.25%, 1, 0, 1, 8.75, 5403, 163, 2585, 0
671, 38, 1, 5, 0, 0, 0.25%, 1, 0, 1, 7.55, 5441, 163, 2605, 0
676, 38, 1, 5, 0, 0, 0.25%, 1, 0, 1, 7.64, 5484, 163, 2624, 0
681, 39, 1, 5, 0, 0, 0.25%, 1, 0, 1, 7.77, 5526, 163, 2643, 0
686, 39, 1, 5, 0, 0, 0.25%, 1, 0, 1, 7.73, 5567, 163, 2663, 0
691, 39, 1, 5, 0, 0, 0.25%, 1, 0, 1, 7.62, 5608, 163, 2683, 0
696, 40, 1, 5, 0, 0, 0.25%, 1, 0, 1, 8.25, 5650, 163, 2702, 0
701, 40, 1, 5, 0, 0, 0.25%, 1, 0, 1, 7.06, 5687, 163, 2723, 0
706, 40, 1, 5, 0, 0, 0.25%, 1, 0, 1, 6.77, 5719, 163, 2744, 0
712, 40, 1, 5, 0, 0, 0.25%, 1, 0, 1, 8.49, 5768, 163, 2763, 0
717, 41, 1, 5, 0, 0, 0.25%, 1, 0, 1, 7.63, 5806, 163, 2784, 0
722, 41, 1, 5, 0, 0, 0.25%, 1, 0, 1, 8.73, 5855, 163, 2803, 0
727, 41, 1, 5, 0, 0, 0.25%, 1, 0, 1, 6.19, 5885, 163, 2825, 0
733, 42, 1, 5, 0, 0, 0.25%, 1, 0, 1, 8.25, 5935, 163, 2844, 0
738, 42, 1, 5, 0, 0, 0.25%, 1, 0, 1, 7.76, 5977, 163, 2863, 0
743, 42, 1, 5, 0, 0, 0.25%, 1, 0, 1, 7.53, 6017, 163, 2882, 0
748, 43, 1, 5, 0, 0, 0.25%, 1, 0, 1, 9.03, 6067, 163, 2900, 0
753, 43, 1, 5, 0, 0, 0.25%, 1, 0, 1, 6.82, 6100, 163, 2921, 0
758, 43, 1, 5, 0, 0, 0.25%, 1, 0, 1, 7.00, 6144, 163, 2941, 0
763, 43, 1, 5, 0, 0, 0.25%, 1, 0, 1, 6.94, 6185, 163, 2961, 0
768, 44, 1, 5, 0, 0, 0.25%, 1, 0, 1, 6.79, 6223, 163, 2982, 0
774, 44, 1, 5, 0, 0, 0.25%, 1, 0, 1, 6.03, 6255, 163, 3004, 0
779, 44, 1, 5, 0, 0, 0.25%, 1, 0, 1, 7.62, 6293, 163, 3024, 0
784, 44, 1, 5, 0, 0, 0.25%, 1, 0, 1, 7.30, 6334, 163, 3045, 0
789, 45, 1, 5, 0, 0, 0.25%, 1, 0, 1, 7.30, 6373, 163, 3065, 0
794, 45, 1, 5, 0, 0, 0.25%, 1, 0, 1, 6.88, 6410, 163, 3085, 0
799, 45, 1, 5, 0, 0, 0.25%, 1, 0, 1, 5.92, 6440, 163, 3107, 0
805, 45, 1, 5, 0, 0, 0.25%, 1, 0, 1, 6.59, 6480, 163, 3128, 0
810, 46, 1, 5, 0, 0, 0.25%, 1, 0, 1, 8.25, 6524, 163, 3149, 0
815, 46, 1, 5, 0, 0, 0.25%, 1, 0, 1, 7.56, 6562, 163, 3169, 0
820, 46, 1, 5, 0, 0, 0.25%, 1, 0, 1, 7.81, 6606, 163, 3189, 0
825, 47, 1, 5, 0, 0, 0.25%, 1, 0, 1, 8.39, 6646, 163, 3208, 0
830, 47, 1, 5, 0, 0, 0.25%, 1, 0, 1, 6.66, 6682, 163, 3229, 0
835, 47, 1, 5, 0, 0, 0.25%, 1, 0, 1, 8.92, 6727, 163, 3248, 0
841, 48, 1, 5, 0, 0, 0.25%, 1, 0, 1, 8.15, 6771, 163, 3267, 0
846, 48, 1, 5, 0, 0, 0.25%, 1, 0, 1, 6.97, 6804, 163, 3288, 0
851, 48, 1, 5, 0, 0, 0.25%, 1, 0, 1, 8.05, 6847, 163, 3308, 0
856, 48, 1, 5, 0, 0, 0.25%, 1, 0, 1, 7.34, 6886, 163, 3329, 0
861, 49, 1, 5, 0, 0, 0.25%, 1, 0, 1, 7.83, 6934, 163, 3348, 0
866, 49, 1, 5, 0, 0, 0.25%, 1, 0, 1, 7.11, 6973, 163, 3368, 0
872, 49, 1, 5, 0, 0, 0.25%, 1, 0, 1, 8.17, 7015, 163, 3388, 0
877, 50, 1, 5, 0, 0, 0.25%, 1, 0, 1, 7.69, 7056, 163, 3408, 0
882, 50, 1, 5, 0, 0, 0.25%, 1, 0, 1, 8.26, 7105, 163, 3426, 0
887, 50, 1, 5, 0, 0, 0.25%, 1, 0, 1, 7.95, 7152, 163, 3444, 0
892, 50, 1, 5, 0, 0, 0.25%, 1, 0, 1, 6.29, 7181, 163, 3465, 0
897, 51, 1, 5, 0, 0, 0.25%, 1, 0, 1, 0.00, 7213, 163, 3485, 0
