# relative_time, cycles_done, cur_item, corpus_count, pending_total, pending_favs, map_size, saved_crashes, saved_hangs, max_depth, execs_per_sec, total_execs, edges_found, total_crashes, servers_count
61, 15, 0, 5, 0, 0, 0.08%, 0, 0, 1, 34.35, 2150, 52, 0, 0
66, 16, 1, 5, 0, 0, 0.08%, 0, 0, 1, 34.43, 2325, 52, 0, 0
71, 17, 1, 5, 0, 0, 0.08%, 0, 0, 1, 34.27, 2498, 52, 0, 0
77, 18, 1, 5, 0, 0, 0.08%, 0, 0, 1, 34.23, 2678, 52, 0, 0
82, 20, 1, 5, 0, 0, 0.08%, 0, 0, 1, 34.48, 2854, 52, 0, 0
87, 21, 1, 5, 0, 0, 0.08%, 0, 0, 1, 34.37, 3031, 52, 0, 0
92, 22, 1, 5, 0, 0, 0.08%, 0, 0, 1, 33.96, 3207, 52, 0, 0
97, 23, 1, 5, 0, 0, 0.08%, 0, 0, 1, 34.29, 3380, 52, 0, 0
102, 25, 1, 5, 0, 0, 0.08%, 0, 0, 1, 33.74, 3552, 52, 0, 0
107, 26, 1, 5, 0, 0, 0.08%, 0, 0, 1, 34.09, 3731, 52, 0, 0
112, 27, 1, 5, 0, 0, 0.08%, 0, 0, 1, 35.43, 3911, 52, 0, 0
118, 28, 1, 5, 0, 0, 0.08%, 0, 0, 1, 34.77, 4091, 52, 0, 0
123, 30, 1, 5, 0, 0, 0.08%, 0, 0, 1, 33.38, 4263, 52, 0, 0
128, 31, 1, 5, 0, 0, 0.08%, 0, 0, 1, 34.45, 4440, 52, 0, 0
133, 32, 1, 5, 0, 0, 0.08%, 0, 0, 1, 34.41, 4615, 52, 0, 0
138, 33, 1, 5, 0, 0, 0.08%, 0, 0, 1, 34.50, 4789, 52, 0, 0
143, 35, 1, 5, 0, 0, 0.08%, 0, 0, 1, 33.80, 4961, 52, 0, 0
148, 36, 1, 5, 0, 0, 0.08%, 0, 0, 1, 33.72, 5135, 52, 0, 0
154, 37, 1, 5, 0, 0, 0.08%, 0, 0, 1, 33.85, 5311, 52, 0, 0
159, 38, 1, 5, 0, 0, 0.08%, 0, 0, 1, 34.49, 5486, 52, 0, 0
164, 40, 1, 5, 0, 0, 0.08%, 0, 0, 1, 34.41, 5665, 52, 0, 0
169, 41, 1, 5, 0, 0, 0.08%, 0, 0, 1, 34.41, 5842, 52, 0, 0
174, 42, 1, 5, 0, 0, 0.08%, 0, 0, 1, 34.14, 6017, 52, 0, 0
179, 43, 1, 5, 0, 0, 0.08%, 0, 0, 1, 34.46, 6193, 52, 0, 0
184, 45, 1, 5, 0, 0, 0.08%, 0, 0, 1, 33.84, 6366, 52, 0, 0
190, 46, 1, 5, 0, 0, 0.08%, 0, 0, 1, 35.26, 6550, 52, 0, 0
195, 47, 1, 5, 0, 0, 0.08%, 0, 0, 1, 34.92, 6727, 52, 0, 0
200, 49, 1, 5, 0, 0, 0.08%, 0, 0, 1, 35.26, 6906, 52, 0, 0
205, 50, 1, 5, 0, 0, 0.08%, 0, 0, 1, 33.95, 7080, 52, 0, 0
210, 51, 1, 5, 0, 0, 0.08%, 0, 0, 1, 34.42, 7259, 52, 0, 0
215, 52, 1, 5, 0, 0, 0.08%, 0, 0, 1, 35.35, 7438, 52, 0, 0
220, 54, 1, 5, 0, 0, 0.08%, 0, 0, 1, 34.87, 7618, 52, 0, 0
226, 55, 0, 5, 0, 0, 0.08%, 0, 0, 1, 34.95, 7799, 52, 0, 0
231, 56, 1, 5, 0, 0, 0.08%, 0, 0, 1, 34.64, 7977, 52, 0, 0
236, 57, 1, 5, 0, 0, 0.08%, 0, 0, 1, 34.08, 8152, 52, 0, 0
241, 59, 1, 5, 0, 0, 0.08%, 0, 0, 1, 33.70, 8325, 52, 0, 0
246, 60, 1, 5, 0, 0, 0.08%, 0, 0, 1, 34.75, 8506, 52, 0, 0
251, 61, 0, 5, 0, 0, 0.08%, 0, 0, 1, 33.80, 8681, 52, 0, 0
256, 62, 1, 5, 0, 0, 0.08%, 0, 0, 1, 35.15, 8861, 52, 0, 0
261, 64, 1, 5, 0, 0, 0.08%, 0, 0, 1, 33.33, 9032, 52, 0, 0
267, 65, 1, 5, 0, 0, 0.08%, 0, 0, 1, 34.64, 9213, 52, 0, 0
272, 66, 1, 5, 0, 0, 0.08%, 0, 0, 1, 33.76, 9385, 52, 0, 0
277, 67, 1, 5, 0, 0, 0.08%, 0, 0, 1, 29.80, 9538, 52, 0, 0
282, 69, 1, 5, 0, 0, 0.08%, 0, 0, 1, 33.24, 9704, 52, 0, 0
287, 70, 1, 5, 0, 0, 0.08%, 0, 0, 1, 34.05, 9879, 52, 0, 0
292, 71, 1, 5, 0, 0, 0.08%, 0, 0, 1, 34.29, 10054, 52, 0, 0
297, 72, 1, 5, 0, 0, 0.08%, 0, 0, 1, 34.65, 10234, 52, 0, 0
302, 74, 1, 5, 0, 0, 0.08%, 0, 0, 1, 34.45, 10411, 52, 0, 0
307, 75, 1, 5, 0, 0, 0.08%, 0, 0, 1, 33.50, 10583, 52, 0, 0
313, 76, 1, 5, 0, 0, 0.08%, 0, 0, 1, 33.82, 10757, 52, 0, 0
318, 77, 1, 5, 0, 0, 0.08%, 0, 0, 1, 33.48, 10924, 52, 0, 0
323, 78, 1, 5, 0, 0, 0.08%, 0, 0, 1, 33.80, 11098, 52, 0, 0
328, 80, 1, 5, 0, 0, 0.08%, 0, 0, 1, 33.71, 11270, 52, 0, 0
333, 81, 0, 5, 0, 0, 0.08%, 0, 0, 1, 34.42, 11449, 52, 0, 0
338, 82, 1, 5, 0, 0, 0.08%, 0, 0, 1, 33.67, 11624, 52, 0, 0
343, 83, 0, 5, 0, 0, 0.08%, 0, 0, 1, 34.13, 11800, 52, 0, 0
348, 85, 1, 5, 0, 0, 0.08%, 0, 0, 1, 34.51, 11975, 52, 0, 0
353, 86, 1, 5, 0, 0, 0.08%, 0, 0, 1, 34.31, 12152, 52, 0, 0
359, 87, 1, 5, 0, 0, 0.08%, 0, 0, 1, 34.90, 12331, 52, 0, 0
364, 89, 1, 5, 0, 0, 0.08%, 0, 0, 1, 33.89, 12505, 52, 0, 0
369, 90, 1, 5, 0, 0, 0.08%, 0, 0, 1, 33.25, 12675, 52, 0, 0
374, 91, 1, 5, 0, 0, 0.08%, 0, 0, 1, 34.39, 12853, 52, 0, 0
379, 92, 1, 5, 0, 0, 0.08%, 0, 0, 1, 32.04, 13018, 52, 0, 0
384, 93, 1, 5, 0, 0, 0.08%, 0, 0, 1, 32.68, 13179, 52, 0, 0
389, 95, 1, 5, 0, 0, 0.08%, 0, 0, 1, 33.92, 13358, 52, 0, 0
395, 96, 1, 5, 0, 0, 0.08%, 0, 0, 1, 35.28, 13541, 52, 0, 0
400, 97, 1, 5, 0, 0, 0.08%, 0, 0, 1, 34.65, 13714, 52, 0, 0
405, 98, 1, 5, 0, 0, 0.08%, 0, 0, 1, 35.45, 13895, 52, 0, 0
410, 100, 1, 5, 0, 0, 0.08%, 0, 0, 1, 34.34, 14070, 52, 0, 0
415, 101, 1, 5, 0, 0, 0.08%, 0, 0, 1, 34.90, 14249, 52, 0, 0
420, 102, 1, 5, 0, 0, 0.08%, 0, 0, 1, 35.44, 14433, 52, 0, 0
425, 104, 1, 5, 0, 0, 0.08%, 0, 0, 1, 34.40, 14603, 52, 0, 0
430, 105, 1, 5, 0, 0, 0.08%, 0, 0, 1, 34.16, 14777, 52, 0, 0
435, 106, 1, 5, 0, 0, 0.08%, 0, 0, 1, 34.35, 14954, 52, 0, 0
441, 107, 1, 5, 0, 0, 0.08%, 0, 0, 1, 34.98, 15133, 52, 0, 0
446, 109, 1, 5, 0, 0, 0.08%, 0, 0, 1, 33.34, 15303, 52, 0, 0
451, 110, 0, 5, 0, 0, 0.08%, 0, 0, 1, 33.78, 15478, 52, 0, 0
456, 111, 1, 5, 0, 0, 0.08%, 0, 0, 1, 34.44, 15655, 52, 0, 0
461, 112, 1, 5, 0, 0, 0.08%, 0, 0, 1, 34.04, 15830, 52, 0, 0
466, 114, 0, 5, 0, 0, 0.08%, 0, 0, 1, 34.10, 16005, 52, 0, 0
471, 115, 1, 5, 0, 0, 0.08%, 0, 0, 1, 33.32, 16168, 52, 0, 0
477, 116, 1, 5, 0, 0, 0.08%, 0, 0, 1, 33.64, 16343, 52, 0, 0
482, 117, 1, 5, 0, 0, 0.08%, 0, 0, 1, 34.13, 16521, 52, 0, 0
487, 118, 1, 5, 0, 0, 0.08%, 0, 0, 1, 33.88, 16694, 52, 0, 0
492, 120, 0, 5, 0, 0, 0.08%, 0, 0, 1, 32.68, 16849, 52, 0, 0
497, 121, 1, 5, 0, 0, 0.08%, 0, 0, 1, 33.30, 17021, 52, 0, 0
502, 122, 1, 5, 0, 0, 0.08%, 0, 0, 1, 33.73, 17194, 52, 0, 0
507, 123, 1, 5, 0, 0, 0.08%, 0, 0, 1, 34.93, 17373, 52, 0, 0
512, 124, 1, 5, 0, 0, 0.08%, 0, 0, 1, 33.80, 17542, 52, 0, 0
517, 126, 1, 5, 0, 0, 0.08%, 0, 0, 1, 34.54, 17721, 52, 0, 0
523, 127, 1, 5, 0, 0, 0.08%, 0, 0, 1, 33.64, 17893, 52, 0, 0
528, 128, 1, 5, 0, 0, 0.08%, 0, 0, 1, 34.06, 18064, 52, 0, 0
533, 130, 1, 5, 0, 0, 0.08%, 0, 0, 1, 35.09, 18245, 52, 0, 0
538, 131, 1, 5, 0, 0, 0.08%, 0, 0, 1, 34.23, 18421, 52, 0, 0
543, 132, 1, 5, 0, 0, 0.08%, 0, 0, 1, 34.93, 18600, 52, 0, 0
548, 133, 1, 5, 0, 0, 0.08%, 0, 0, 1, 35.03, 18780, 52, 0, 0
553, 135, 1, 5, 0, 0, 0.08%, 0, 0, 1, 33.98, 18951, 52, 0, 0
559, 136, 1, 5, 0, 0, 0.08%, 0, 0, 1, 34.90, 19132, 52, 0, 0
564, 137, 1, 5, 0, 0, 0.08%, 0, 0, 1, 34.95, 19313, 52, 0, 0
569, 138, 1, 5, 0, 0, 0.08%, 0, 0, 1, 32.53, 19479, 52, 0, 0
574, 140, 1, 5, 0, 0, 0.08%, 0, 0, 1, 33.57, 19655, 52, 0, 0
579, 141, 1, 5, 0, 0, 0.08%, 0, 0, 1, 34.58, 19832, 52, 0, 0
584, 142, 1, 5, 0, 0, 0.08%, 0, 0, 1, 33.93, 20008, 52, 0, 0
589, 143, 0, 5, 0, 0, 0.08%, 0, 0, 1, 34.31, 20184, 52, 0, 0
595, 145, 1, 5, 0, 0, 0.08%, 0, 0, 1, 34.83, 20363, 52, 0, 0
600, 146, 0, 5, 0, 0, 0.08%, 0, 0, 1, 34.79, 20544, 52, 0, 0
605, 147, 1, 5, 0, 0, 0.08%, 0, 0, 1, 33.96, 20716, 52, 0, 0
610, 148, 1, 5, 0, 0, 0.08%, 0, 0, 1, 34.00, 20887, 52, 0, 0
615, 150, 1, 5, 0, 0, 0.08%, 0, 0, 1, 33.75, 21062, 52, 0, 0
620, 151, 1, 5, 0, 0, 0.08%, 0, 0, 1, 34.80, 21239, 52, 0, 0
625, 152, 1, 5, 0, 0, 0.08%, 0, 0, 1, 34.33, 21414, 52, 0, 0
630, 153, 0, 5, 0, 0, 0.08%, 0, 0, 1, 34.41, 21589, 52, 0, 0
635, 155, 1, 5, 0, 0, 0.08%, 0, 0, 1, 34.39, 21766, 52, 0, 0
641, 156, 1, 5, 0, 0, 0.08%, 0, 0, 1, 34.06, 21943, 52, 0, 0
646, 157, 1, 5, 0, 0, 0.08%, 0, 0, 1, 34.24, 22121, 52, 0, 0
651, 158, 1, 5, 0, 0, 0.08%, 0, 0, 1, 34.59, 22297, 52, 0, 0
656, 160, 1, 5, 0, 0, 0.08%, 0, 0, 1, 34.50, 22474, 52, 0, 0
661, 161, 1, 5, 0, 0, 0.08%, 0, 0, 1, 34.43, 22651, 52, 0, 0
666, 162, 0, 5, 0, 0, 0.08%, 0, 0, 1, 33.70, 22828, 52, 0, 0
672, 164, 1, 5, 0, 0, 0.08%, 0, 0, 1, 33.64, 23003, 52, 0, 0
677, 165, 0, 5, 0, 0, 0.08%, 0, 0, 1, 34.13, 23180, 52, 0, 0
682, 166, 1, 5, 0, 0, 0.08%, 0, 0, 1, 35.72, 23366, 52, 0, 0
687, 167, 1, 5, 0, 0, 0.08%, 0, 0, 1, 34.91, 23545, 52, 0, 0
692, 169, 1, 5, 0, 0, 0.08%, 0, 0, 1, 34.10, 23721, 52, 0, 0
697, 170, 0, 5, 0, 0, 0.08%, 0, 0, 1, 33.44, 23890, 52, 0, 0
702, 171, 1, 5, 0, 0, 0.08%, 0, 0, 1, 34.79, 24068, 52, 0, 0
707, 172, 1, 5, 0, 0, 0.08%, 0, 0, 1, 34.88, 24245, 52, 0, 0
712, 174, 1, 5, 0, 0, 0.08%, 0, 0, 1, 33.59, 24414, 52, 0, 0
718, 175, 1, 5, 0, 0, 0.08%, 0, 0, 1, 34.45, 24591, 52, 0, 0
723, 176, 1, 5, 0, 0, 0.08%, 0, 0, 1, 35.51, 24774, 52, 0, 0
728, 177, 0, 5, 0, 0, 0.08%, 0, 0, 1, 34.06, 24946, 52, 0, 0
733, 179, 1, 5, 0, 0, 0.08%, 0, 0, 1, 34.16, 25123, 52, 0, 0
738, 180, 1, 5, 0, 0, 0.08%, 0, 0, 1, 33.77, 25296, 52, 0, 0
743, 181, 1, 5, 0, 0, 0.08%, 0, 0, 1, 34.95, 25477, 52, 0, 0
749, 182, 1, 5, 0, 0, 0.08%, 0, 0, 1, 34.46, 25655, 52, 0, 0
754, 184, 1, 5, 0, 0, 0.08%, 0, 0, 1, 34.57, 25827, 52, 0, 0
759, 185, 1, 5, 0, 0, 0.08%, 0, 0, 1, 34.80, 26006, 52, 0, 0
764, 186, 0, 5, 0, 0, 0.08%, 0, 0, 1, 34.10, 26178, 52, 0, 0
769, 187, 1, 5, 0, 0, 0.08%, 0, 0, 1, 33.36, 26351, 52, 0, 0
774, 189, 1, 5, 0, 0, 0.08%, 0, 0, 1, 33.73, 26525, 52, 0, 0
779, 190, 1, 5, 0, 0, 0.08%, 0, 0, 1, 34.21, 26698, 52, 0, 0
784, 191, 1, 5, 0, 0, 0.08%, 0, 0, 1, 33.62, 26873, 52, 0, 0
789, 192, 1, 5, 0, 0, 0.08%, 0, 0, 1, 34.22, 27050, 52, 0, 0
795, 194, 0, 5, 0, 0, 0.08%, 0, 0, 1, 35.27, 27231, 52, 0, 0
800, 195, 1, 5, 0, 0, 0.08%, 0, 0, 1, 33.89, 27402, 52, 0, 0
805, 196, 0, 5, 0, 0, 0.08%, 0, 0, 1, 34.08, 27576, 52, 0, 0
810, 197, 1, 5, 0, 0, 0.08%, 0, 0, 1, 34.09, 27751, 52, 0, 0
815, 199, 1, 5, 0, 0, 0.08%, 0, 0, 1, 32.93, 27916, 52, 0, 0
820, 200, 0, 5, 0, 0, 0.08%, 0, 0, 1, 34.13, 28094, 52, 0, 0
825, 201, 1, 5, 0, 0, 0.08%, 0, 0, 1, 34.30, 28270, 52, 0, 0
830, 202, 1, 5, 0, 0, 0.08%, 0, 0, 1, 33.07, 28441, 52, 0, 0
836, 204, 1, 5, 0, 0, 0.08%, 0, 0, 1, 33.39, 28615, 52, 0, 0
841, 205, 0, 5, 0, 0, 0.08%, 0, 0, 1, 32.15, 28778, 52, 0, 0
846, 206, 1, 5, 0, 0, 0.08%, 0, 0, 1, 33.16, 28950, 52, 0, 0
851, 207, 1, 5, 0, 0, 0.08%, 0, 0, 1, 34.74, 29128, 52, 0, 0
856, 209, 1, 5, 0, 0, 0.08%, 0, 0, 1, 34.40, 29307, 52, 0, 0
861, 210, 0, 5, 0, 0, 0.08%, 0, 0, 1, 34.13, 29482, 52, 0, 0
867, 211, 1, 5, 0, 0, 0.08%, 0, 0, 1, 34.07, 29659, 52, 0, 0
872, 212, 1, 5, 0, 0, 0.08%, 0, 0, 1, 33.57, 29832, 52, 0, 0
877, 214, 0, 5, 0, 0, 0.08%, 0, 0, 1, 34.62, 30014, 52, 0, 0
882, 215, 1, 5, 0, 0, 0.08%, 0, 0, 1, 35.43, 30198, 52, 0, 0
887, 216, 1, 5, 0, 0, 0.08%, 0, 0, 1, 34.41, 30372, 52, 0, 0
892, 217, 1, 5, 0, 0, 0.08%, 0, 0, 1, 34.31, 30549, 52, 0, 0
897, 219, 1, 5, 0, 0, 0.08%, 0, 0, 1, 32.41, 30717, 52, 0, 0
