# relative_time, cycles_done, cur_item, corpus_count, pending_total, pending_favs, map_size, saved_crashes, saved_hangs, max_depth, execs_per_sec, total_execs, edges_found, total_crashes, servers_count
62, 1, 5, 10, 0, 0, 0.12%, 0, 0, 2, 15.31, 997, 77, 0, 0
67, 1, 6, 10, 0, 0, 0.12%, 0, 0, 2, 15.27, 1077, 77, 0, 0
73, 2, 5, 10, 0, 0, 0.12%, 0, 0, 2, 15.28, 1157, 77, 0, 0
78, 3, 1, 10, 0, 0, 0.12%, 0, 0, 2, 15.25, 1237, 77, 0, 0
83, 3, 8, 10, 0, 0, 0.12%, 0, 0, 2, 15.39, 1317, 77, 0, 0
88, 4, 1, 10, 0, 0, 0.12%, 0, 0, 2, 15.32, 1397, 77, 0, 0
93, 4, 1, 10, 0, 0, 0.12%, 0, 0, 2, 15.29, 1477, 77, 0, 0
99, 5, 5, 10, 0, 0, 0.12%, 0, 0, 2, 15.29, 1557, 77, 0, 0
104, 5, 0, 10, 0, 0, 0.12%, 0, 0, 2, 15.27, 1637, 77, 0, 0
109, 6, 5, 10, 0, 0, 0.12%, 0, 0, 2, 15.29, 1717, 77, 0, 0
114, 6, 5, 10, 0, 0, 0.12%, 0, 0, 2, 15.28, 1797, 77, 0, 0
120, 7, 8, 10, 0, 0, 0.12%, 0, 0, 2, 15.26, 1877, 77, 0, 0
125, 8, 1, 10, 0, 0, 0.12%, 0, 0, 2, 15.61, 1957, 77, 0, 0
130, 8, 1, 10, 0, 0, 0.12%, 0, 0, 2, 15.82, 2037, 77, 0, 0
135, 9, 1, 10, 0, 0, 0.12%, 0, 0, 2, 15.87, 2117, 77, 0, 0
140, 9, 0, 10, 0, 0, 0.12%, 0, 0, 2, 15.90, 2197, 77, 0, 0
145, 10, 1, 10, 0, 0, 0.12%, 0, 0, 2, 15.92, 2277, 77, 0, 0
150, 10, 5, 10, 0, 0, 0.12%, 0, 0, 2, 15.91, 2357, 77, 0, 0
155, 11, 1, 10, 0, 0, 0.12%, 0, 0, 2, 15.92, 2437, 77, 0, 0
160, 11, 1, 10, 0, 0, 0.12%, 0, 0, 2, 15.91, 2517, 77, 0, 0
165, 12, 8, 10, 0, 0, 0.12%, 0, 0, 2, 15.90, 2597, 77, 0, 0
170, 13, 1, 10, 0, 0, 0.12%, 0, 0, 2, 15.86, 2677, 77, 0, 0
175, 13, 1, 10, 0, 0, 0.12%, 0, 0, 2, 15.79, 2757, 77, 0, 0
180, 14, 1, 10, 0, 0, 0.12%, 0, 0, 2, 15.74, 2837, 77, 0, 0
185, 14, 5, 10, 0, 0, 0.12%, 0, 0, 2, 15.73, 2917, 77, 0, 0
190, 15, 1, 10, 0, 0, 0.12%, 0, 0, 2, 15.73, 2997, 77, 0, 0
195, 15, 1, 10, 0, 0, 0.12%, 0, 0, 2, 15.76, 3077, 77, 0, 0
201, 16, 9, 10, 0, 0, 0.12%, 0, 0, 2, 15.64, 3157, 77, 0, 0
206, 16, 1, 10, 0, 0, 0.12%, 0, 0, 2, 15.71, 3237, 77, 0, 0
211, 17, 0, 10, 0, 0, 0.12%, 0, 0, 2, 15.73, 3317, 77, 0, 0
216, 18, 1, 10, 0, 0, 0.12%, 0, 0, 2, 15.74, 3397, 77, 0, 0
221, 18, 8, 10, 0, 0, 0.12%, 0, 0, 2, 15.74, 3477, 77, 0, 0
226, 19, 6, 10, 0, 0, 0.12%, 0, 0, 2, 15.75, 3557, 77, 0, 0
231, 19, 0, 10, 0, 0, 0.12%, 0, 0, 2, 15.86, 3637, 77, 0, 0
236, 20, 5, 10, 0, 0, 0.12%, 0, 0, 2, 16.10, 3721, 77, 0, 0
241, 20, 7, 10, 0, 0, 0.12%, 0, 0, 2, 15.85, 3801, 77, 0, 0
246, 21, 1, 10, 0, 0, 0.12%, 0, 0, 2, 15.65, 3881, 77, 0, 0
252, 22, 5, 10, 0, 0, 0.12%, 0, 0, 2, 15.49, 3961, 77, 0, 0
257, 22, 1, 10, 0, 0, 0.12%, 0, 0, 2, 15.47, 4041, 77, 0, 0
262, 23, 1, 10, 0, 0, 0.12%, 0, 0, 2, 15.42, 4121, 77, 0, 0
267, 23, 5, 10, 0, 0, 0.12%, 0, 0, 2, 15.40, 4201, 77, 0, 0
272, 24, 5, 10, 0, 0, 0.12%, 0, 0, 2, 15.41, 4281, 77, 0, 0
277, 24, 1, 10, 0, 0, 0.12%, 0, 0, 2, 15.39, 4361, 77, 0, 0
283, 25, 5, 10, 0, 0, 0.12%, 0, 0, 2, 15.38, 4441, 77, 0, 0
288, 25, 5, 10, 0, 0, 0.12%, 0, 0, 2, 15.36, 4521, 77, 0, 0
293, 26, 5, 10, 0, 0, 0.12%, 0, 0, 2, 15.54, 4601, 77, 0, 0
298, 27, 5, 10, 0, 0, 0.12%, 0, 0, 2, 15.61, 4681, 77, 0, 0
303, 27, 8, 10, 0, 0, 0.12%, 0, 0, 2, 15.63, 4761, 77, 0, 0
308, 28, 1, 10, 0, 0, 0.12%, 0, 0, 2, 15.64, 4841, 77, 0, 0
313, 28, 9, 10, 0, 0, 0.12%, 0, 0, 2, 15.64, 4921, 77, 0, 0
319, 29, 5, 10, 0, 0, 0.12%, 0, 0, 2, 15.63, 5001, 77, 0, 0
324, 29, 5, 10, 0, 0, 0.12%, 0, 0, 2, 15.65, 5081, 77, 0, 0
329, 30, 1, 10, 0, 0, 0.12%, 0, 0, 2, 15.64, 5161, 77, 0, 0
334, 30, 1, 10, 0, 0, 0.12%, 0, 0, 2, 15.64, 5241, 77, 0, 0
339, 31, 5, 10, 0, 0, 0.12%, 0, 0, 2, 15.62, 5321, 77, 0, 0
344, 32, 1, 10, 0, 0, 0.12%, 0, 0, 2, 15.62, 5401, 77, 0, 0
349, 32, 0, 10, 0, 0, 0.12%, 0, 0, 2, 15.61, 5481, 77, 0, 0
355, 33, 5, 10, 0, 0, 0.12%, 0, 0, 2, 15.96, 5565, 77, 0, 0
360, 33, 5, 10, 0, 0, 0.12%, 0, 0, 2, 16.09, 5649, 77, 0, 0
365, 34, 5, 10, 0, 0, 0.12%, 0, 0, 2, 16.11, 5733, 77, 0, 0
370, 34, 5, 10, 0, 0, 0.12%, 0, 0, 2, 15.90, 5813, 77, 0, 0
375, 35, 5, 10, 0, 0, 0.12%, 0, 0, 2, 15.79, 5893, 77, 0, 0
380, 35, 1, 10, 0, 0, 0.12%, 0, 0, 2, 15.75, 5973, 77, 0, 0
385, 36, 1, 10, 0, 0, 0.12%, 0, 0, 2, 15.77, 6053, 77, 0, 0
390, 37, 1, 10, 0, 0, 0.12%, 0, 0, 2, 15.75, 6133, 77, 0, 0
395, 37, 5, 10, 0, 0, 0.12%, 0, 0, 2, 15.76, 6213, 77, 0, 0
400, 38, 5, 10, 0, 0, 0.12%, 0, 0, 2, 15.77, 6293, 77, 0, 0
406, 38, 6, 10, 0, 0, 0.12%, 0, 0, 2, 15.78, 6373, 77, 0, 0
411, 39, 1, 10, 0, 0, 0.12%, 0, 0, 2, 15.78, 6453, 77, 0, 0
416, 39, 7, 10, 0, 0, 0.12%, 0, 0, 2, 15.78, 6533, 77, 0, 0
421, 40, 9, 10, 0, 0, 0.12%, 0, 0, 2, 15.77, 6613, 77, 0, 0
426, 40, 7, 10, 0, 0, 0.12%, 0, 0, 2, 15.77, 6693, 77, 0, 0
431, 41, 8, 10, 0, 0, 0.12%, 0, 0, 2, 15.78, 6773, 77, 0, 0
436, 42, 6, 10, 0, 0, 0.12%, 0, 0, 2, 15.77, 6853, 77, 0, 0
441, 42, 7, 10, 0, 0, 0.12%, 0, 0, 2, 15.75, 6933, 77, 0, 0
446, 43, 0, 10, 0, 0, 0.12%, 0, 0, 2, 15.73, 7013, 77, 0, 0
451, 43, 5, 10, 0, 0, 0.12%, 0, 0, 2, 15.67, 7093, 77, 0, 0
456, 44, 5, 10, 0, 0, 0.12%, 0, 0, 2, 15.67, 7173, 77, 0, 0
461, 44, 5, 10, 0, 0, 0.12%, 0, 0, 2, 15.67, 7253, 77, 0, 0
467, 45, 8, 10, 0, 0, 0.12%, 0, 0, 2, 15.66, 7333, 77, 0, 0
472, 45, 5, 10, 0, 0, 0.12%, 0, 0, 2, 15.64, 7413, 77, 0, 0
477, 46, 7, 10, 0, 0, 0.12%, 0, 0, 2, 15.65, 7493, 77, 0, 0
482, 47, 1, 10, 0, 0, 0.12%, 0, 0, 2, 15.63, 7573, 77, 0, 0
487, 47, 8, 10, 0, 0, 0.12%, 0, 0, 2, 15.63, 7653, 77, 0, 0
492, 48, 8, 10, 0, 0, 0.12%, 0, 0, 2, 15.65, 7733, 77, 0, 0
497, 48, 7, 10, 0, 0, 0.12%, 0, 0, 2, 15.66, 7813, 77, 0, 0
502, 49, 9, 10, 0, 0, 0.12%, 0, 0, 2, 15.48, 7893, 77, 0, 0
508, 49, 9, 10, 0, 0, 0.12%, 0, 0, 2, 15.58, 7973, 77, 0, 0
513, 50, 8, 10, 0, 0, 0.12%, 0, 0, 2, 15.64, 8053, 77, 0, 0
518, 50, 0, 10, 0, 0, 0.12%, 0, 0, 2, 15.63, 8133, 77, 0, 0
523, 51, 6, 10, 0, 0, 0.12%, 0, 0, 2, 15.64, 8213, 77, 0, 0
528, 52, 5, 10, 0, 0, 0.12%, 0, 0, 2, 15.62, 8293, 77, 0, 0
533, 52, 5, 10, 0, 0, 0.12%, 0, 0, 2, 15.64, 8373, 77, 0, 0
538, 53, 5, 10, 0, 0, 0.12%, 0, 0, 2, 15.64, 8453, 77, 0, 0
543, 53, 7, 10, 0, 0, 0.12%, 0, 0, 2, 15.60, 8533, 77, 0, 0
549, 54, 8, 10, 0, 0, 0.12%, 0, 0, 2, 15.59, 8613, 77, 0, 0
554, 54, 7, 10, 0, 0, 0.12%, 0, 0, 2, 15.60, 8693, 77, 0, 0
559, 55, 6, 10, 0, 0, 0.12%, 0, 0, 2, 15.61, 8773, 77, 0, 0
564, 55, 5, 10, 0, 0, 0.12%, 0, 0, 2, 15.62, 8853, 77, 0, 0
569, 56, 5, 10, 0, 0, 0.12%, 0, 0, 2, 15.66, 8933, 77, 0, 0
574, 57, 5, 10, 0, 0, 0.12%, 0, 0, 2, 15.63, 9013, 77, 0, 0
579, 57, 1, 10, 0, 0, 0.12%, 0, 0, 2, 15.64, 9093, 77, 0, 0
584, 58, 5, 10, 0, 0, 0.12%, 0, 0, 2, 15.64, 9173, 77, 0, 0
589, 58, 5, 10, 0, 0, 0.12%, 0, 0, 2, 15.60, 9252, 77, 0, 0
595, 59, 6, 10, 0, 0, 0.12%, 0, 0, 2, 15.60, 9332, 77, 0, 0
600, 59, 1, 10, 0, 0, 0.12%, 0, 0, 2, 15.62, 9412, 77, 0, 0
605, 60, 0, 10, 0, 0, 0.12%, 0, 0, 2, 15.55, 9492, 77, 0, 0
610, 60, 7, 10, 0, 0, 0.12%, 0, 0, 2, 15.49, 9572, 77, 0, 0
615, 61, 7, 10, 0, 0, 0.12%, 0, 0, 2, 15.45, 9652, 77, 0, 0
620, 62, 5, 10, 0, 0, 0.12%, 0, 0, 2, 15.45, 9732, 77, 0, 0
626, 62, 1, 10, 0, 0, 0.12%, 0, 0, 2, 15.43, 9812, 77, 0, 0
631, 63, 5, 10, 0, 0, 0.12%, 0, 0, 2, 15.41, 9892, 77, 0, 0
636, 63, 1, 10, 0, 0, 0.12%, 0, 0, 2, 15.42, 9972, 77, 0, 0
641, 64, 6, 10, 0, 0, 0.12%, 0, 0, 2, 15.45, 10052, 77, 0, 0
646, 64, 7, 10, 0, 0, 0.12%, 0, 0, 2, 15.43, 10132, 77, 0, 0
651, 65, 1, 10, 0, 0, 0.12%, 0, 0, 2, 15.57, 10212, 77, 0, 0
657, 65, 1, 10, 0, 0, 0.12%, 0, 0, 2, 15.61, 10292, 77, 0, 0
662, 66, 5, 10, 0, 0, 0.12%, 0, 0, 2, 15.62, 10372, 77, 0, 0
667, 67, 7, 10, 0, 0, 0.12%, 0, 0, 2, 15.60, 10452, 77, 0, 0
672, 67, 1, 10, 0, 0, 0.12%, 0, 0, 2, 15.64, 10532, 77, 0, 0
677, 68, 8, 10, 0, 0, 0.12%, 0, 0, 2, 15.65, 10612, 77, 0, 0
682, 68, 5, 10, 0, 0, 0.12%, 0, 0, 2, 15.74, 10692, 77, 0, 0
687, 69, 1, 10, 0, 0, 0.12%, 0, 0, 2, 15.78, 10772, 77, 0, 0
692, 69, 5, 10, 0, 0, 0.12%, 0, 0, 2, 15.80, 10852, 77, 0, 0
697, 70, 1, 10, 0, 0, 0.12%, 0, 0, 2, 15.82, 10932, 77, 0, 0
702, 70, 1, 10, 0, 0, 0.12%, 0, 0, 2, 15.82, 11012, 77, 0, 0
707, 71, 8, 10, 0, 0, 0.12%, 0, 0, 2, 15.81, 11092, 77, 0, 0
712, 72, 1, 10, 0, 0, 0.12%, 0, 0, 2, 15.80, 11172, 77, 0, 0
718, 72, 5, 10, 0, 0, 0.12%, 0, 0, 2, 15.96, 11256, 77, 0, 0
723, 73, 5, 10, 0, 0, 0.12%, 0, 0, 2, 15.98, 11336, 77, 0, 0
728, 73, 8, 10, 0, 0, 0.12%, 0, 0, 2, 15.98, 11416, 77, 0, 0
733, 74, 1, 10, 0, 0, 0.12%, 0, 0, 2, 16.07, 11500, 77, 0, 0
738, 74, 1, 10, 0, 0, 0.12%, 0, 0, 2, 16.29, 11584, 77, 0, 0
743, 75, 5, 10, 0, 0, 0.12%, 0, 0, 2, 16.33, 11668, 77, 0, 0
748, 76, 9, 10, 0, 0, 0.12%, 0, 0, 2, 16.36, 11752, 77, 0, 0
753, 76, 1, 10, 0, 0, 0.12%, 0, 0, 2, 16.37, 11836, 77, 0, 0
759, 77, 1, 10, 0, 0, 0.12%, 0, 0, 2, 16.37, 11920, 77, 0, 0
764, 77, 1, 10, 0, 0, 0.12%, 0, 0, 2, 16.36, 12004, 77, 0, 0
769, 78, 6, 10, 0, 0, 0.12%, 0, 0, 2, 16.36, 12088, 77, 0, 0
774, 79, 5, 10, 0, 0, 0.12%, 0, 0, 2, 16.35, 12172, 77, 0, 0
779, 79, 8, 10, 0, 0, 0.12%, 0, 0, 2, 16.36, 12256, 77, 0, 0
784, 80, 8, 10, 0, 0, 0.12%, 0, 0, 2, 16.34, 12340, 77, 0, 0
789, 80, 5, 10, 0, 0, 0.12%, 0, 0, 2, 16.35, 12424, 77, 0, 0
795, 81, 9, 10, 0, 0, 0.12%, 0, 0, 2, 16.37, 12508, 77, 0, 0
800, 81, 5, 10, 0, 0, 0.12%, 0, 0, 2, 16.35, 12592, 77, 0, 0
805, 82, 5, 10, 0, 0, 0.12%, 0, 0, 2, 16.24, 12676, 77, 0, 0
810, 83, 1, 10, 0, 0, 0.12%, 0, 0, 2, 16.23, 12760, 77, 0, 0
815, 83, 5, 10, 0, 0, 0.12%, 0, 0, 2, 16.23, 12844, 77, 0, 0
820, 84, 5, 10, 0, 0, 0.12%, 0, 0, 2, 16.22, 12928, 77, 0, 0
826, 84, 5, 10, 0, 0, 0.12%, 0, 0, 2, 16.21, 13012, 77, 0, 0
831, 85, 7, 10, 0, 0, 0.12%, 0, 0, 2, 16.23, 13096, 77, 0, 0
836, 86, 9, 10, 0, 0, 0.12%, 0, 0, 2, 16.17, 13180, 77, 0, 0
841, 86, 5, 10, 0, 0, 0.12%, 0, 0, 2, 16.13, 13264, 77, 0, 0
846, 87, 1, 10, 0, 0, 0.12%, 0, 0, 2, 16.13, 13348, 77, 0, 0
852, 87, 7, 10, 0, 0, 0.12%, 0, 0, 2, 16.15, 13432, 77, 0, 0
857, 88, 1, 10, 0, 0, 0.12%, 0, 0, 2, 16.17, 13516, 77, 0, 0
862, 88, 0, 10, 0, 0, 0.12%, 0, 0, 2, 16.15, 13600, 77, 0, 0
867, 89, 1, 10, 0, 0, 0.12%, 0, 0, 2, 16.13, 13684, 77, 0, 0
872, 90, 0, 10, 0, 0, 0.12%, 0, 0, 2, 16.14, 13768, 77, 0, 0
878, 90, 8, 10, 0, 0, 0.12%, 0, 0, 2, 16.12, 13852, 77, 0, 0
883, 91, 1, 10, 0, 0, 0.12%, 0, 0, 2, 16.13, 13936, 77, 0, 0
888, 91, 7, 10, 0, 0, 0.12%, 0, 0, 2, 15.95, 14016, 77, 0, 0
893, 92, 7, 10, 0, 0, 0.12%, 0, 0, 2, 15.75, 14095, 77, 0, 0
896, 92, 6, 10, 0, 0, 0.12%, 0, 0, 2, 15.38, 14144, 77, 0, 0
