# relative_time, cycles_done, cur_item, corpus_count, pending_total, pending_favs, map_size, saved_crashes, saved_hangs, max_depth, execs_per_sec, total_execs, edges_found, total_crashes, servers_count
61, 7, 1, 5, 0, 0, 0.34%, 0, 0, 1, 10.52, 682, 220, 0, 0
66, 8, 1, 5, 0, 0, 0.34%, 0, 0, 1, 10.61, 736, 220, 0, 0
71, 8, 1, 5, 0, 0, 0.34%, 0, 0, 1, 10.60, 790, 220, 0, 0
76, 9, 1, 5, 0, 0, 0.34%, 0, 0, 1, 10.61, 844, 220, 0, 0
81, 10, 1, 5, 0, 0, 0.34%, 0, 0, 1, 10.74, 898, 220, 0, 0
86, 10, 1, 5, 0, 0, 0.34%, 0, 0, 1, 10.73, 952, 220, 0, 0
91, 11, 1, 5, 0, 0, 0.34%, 0, 0, 1, 10.69, 1006, 220, 0, 0
96, 12, 1, 5, 0, 0, 0.34%, 0, 0, 1, 10.67, 1060, 220, 0, 0
101, 12, 1, 5, 0, 0, 0.34%, 0, 0, 1, 10.61, 1114, 220, 0, 0
106, 13, 1, 5, 0, 0, 0.34%, 0, 0, 1, 10.57, 1168, 220, 0, 0
111, 14, 1, 5, 0, 0, 0.34%, 0, 0, 1, 10.53, 1222, 220, 0, 0
117, 14, 1, 5, 0, 0, 0.34%, 0, 0, 1, 10.54, 1275, 220, 0, 0
122, 15, 1, 5, 0, 0, 0.34%, 0, 0, 1, 10.53, 1329, 220, 0, 0
127, 15, 1, 5, 0, 0, 0.34%, 0, 0, 1, 9.93, 1380, 220, 0, 0
132, 16, 1, 5, 0, 0, 0.34%, 0, 0, 1, 9.69, 1429, 220, 0, 0
137, 17, 1, 5, 0, 0, 0.34%, 0, 0, 1, 10.33, 1483, 220, 0, 0
142, 17, 1, 5, 0, 0, 0.34%, 0, 0, 1, 10.56, 1537, 220, 0, 0
147, 18, 1, 5, 0, 0, 0.34%, 0, 0, 1, 10.59, 1591, 220, 0, 0
152, 19, 1, 5, 0, 0, 0.34%, 0, 0, 1, 10.58, 1645, 220, 0, 0
157, 19, 1, 5, 0, 0, 0.34%, 0, 0, 1, 10.52, 1699, 220, 0, 0
162, 20, 1, 5, 0, 0, 0.34%, 0, 0, 1, 10.64, 1753, 220, 0, 0
167, 21, 1, 5, 0, 0, 0.34%, 0, 0, 1, 10.69, 1807, 220, 0, 0
173, 21, 1, 5, 0, 0, 0.34%, 0, 0, 1, 10.63, 1861, 220, 0, 0
178, 22, 1, 5, 0, 0, 0.34%, 0, 0, 1, 10.62, 1915, 220, 0, 0
183, 22, 1, 5, 0, 0, 0.34%, 0, 0, 1, 10.61, 1969, 220, 0, 0
188, 23, 1, 5, 0, 0, 0.34%, 0, 0, 1, 10.61, 2023, 220, 0, 0
193, 24, 1, 5, 0, 0, 0.34%, 0, 0, 1, 10.62, 2077, 220, 0, 0
198, 24, 1, 5, 0, 0, 0.34%, 0, 0, 1, 10.60, 2131, 220, 0, 0
203, 25, 1, 5, 0, 0, 0.34%, 0, 0, 1, 10.58, 2185, 220, 0, 0
208, 26, 1, 5, 0, 0, 0.34%, 0, 0, 1, 10.57, 2239, 220, 0, 0
213, 26, 1, 5, 0, 0, 0.34%, 0, 0, 1, 10.56, 2293, 220, 0, 0
218, 27, 1, 5, 0, 0, 0.34%, 0, 0, 1, 10.55, 2347, 220, 0, 0
224, 28, 1, 5, 0, 0, 0.34%, 0, 0, 1, 10.60, 2401, 220, 0, 0
229, 28, 1, 5, 0, 0, 0.34%, 0, 0, 1, 10.52, 2454, 220, 0, 0
234, 29, 1, 5, 0, 0, 0.34%, 0, 0, 1, 10.47, 2508, 220, 0, 0
239, 30, 1, 5, 0, 0, 0.34%, 0, 0, 1, 10.50, 2562, 220, 0, 0
244, 30, 1, 5, 0, 0, 0.34%, 0, 0, 1, 10.61, 2616, 220, 0, 0
249, 31, 1, 5, 0, 0, 0.34%, 0, 0, 1, 10.64, 2670, 220, 0, 0
254, 31, 1, 5, 0, 0, 0.34%, 0, 0, 1, 10.60, 2724, 220, 0, 0
259, 32, 1, 5, 0, 0, 0.34%, 0, 0, 1, 10.60, 2778, 220, 0, 0
264, 33, 1, 5, 0, 0, 0.34%, 0, 0, 1, 10.61, 2832, 220, 0, 0
269, 33, 1, 5, 0, 0, 0.34%, 0, 0, 1, 10.55, 2886, 220, 0, 0
275, 34, 1, 5, 0, 0, 0.34%, 0, 0, 1, 10.52, 2940, 220, 0, 0
280, 35, 1, 5, 0, 0, 0.34%, 0, 0, 1, 10.44, 2994, 220, 0, 0
285, 35, 1, 5, 0, 0, 0.34%, 0, 0, 1, 10.60, 3048, 220, 0, 0
290, 36, 1, 5, 0, 0, 0.34%, 0, 0, 1, 10.71, 3104, 220, 0, 0
295, 37, 1, 5, 0, 0, 0.34%, 0, 0, 1, 10.74, 3158, 220, 0, 0
300, 37, 1, 5, 0, 0, 0.34%, 0, 0, 1, 10.73, 3212, 220, 0, 0
305, 38, 1, 5, 0, 0, 0.34%, 0, 0, 1, 10.79, 3269, 220, 0, 0
311, 39, 1, 5, 0, 0, 0.34%, 0, 0, 1, 10.80, 3326, 220, 0, 0
316, 39, 1, 5, 0, 0, 0.34%, 0, 0, 1, 10.69, 3380, 220, 0, 0
321, 40, 1, 5, 0, 0, 0.34%, 0, 0, 1, 10.62, 3434, 220, 0, 0
326, 41, 1, 5, 0, 0, 0.34%, 0, 0, 1, 10.62, 3488, 220, 0, 0
331, 41, 1, 5, 0, 0, 0.34%, 0, 0, 1, 10.61, 3542, 220, 0, 0
336, 42, 1, 5, 0, 0, 0.34%, 0, 0, 1, 10.62, 3596, 220, 0, 0
341, 43, 1, 5, 0, 0, 0.34%, 0, 0, 1, 10.62, 3650, 220, 0, 0
346, 43, 1, 5, 0, 0, 0.34%, 0, 0, 1, 10.61, 3704, 220, 0, 0
351, 44, 1, 5, 0, 0, 0.34%, 0, 0, 1, 10.57, 3758, 220, 0, 0
357, 44, 1, 5, 0, 0, 0.34%, 0, 0, 1, 10.48, 3812, 220, 0, 0
362, 45, 1, 5, 0, 0, 0.34%, 0, 0, 1, 10.53, 3866, 220, 0, 0
367, 46, 1, 5, 0, 0, 0.34%, 0, 0, 1, 10.56, 3920, 220, 0, 0
372, 46, 1, 5, 0, 0, 0.34%, 0, 0, 1, 10.56, 3974, 220, 0, 0
377, 47, 1, 5, 0, 0, 0.34%, 0, 0, 1, 10.57, 4028, 220, 0, 0
382, 48, 1, 5, 0, 0, 0.34%, 0, 0, 1, 10.58, 4082, 220, 0, 0
387, 48, 1, 5, 0, 0, 0.34%, 0, 0, 1, 10.64, 4136, 220, 0, 0
392, 49, 1, 5, 0, 0, 0.34%, 0, 0, 1, 10.57, 4190, 220, 0, 0
397, 50, 1, 5, 0, 0, 0.34%, 0, 0, 1, 10.50, 4244, 220, 0, 0
403, 50, 1, 5, 0, 0, 0.34%, 0, 0, 1, 10.46, 4298, 220, 0, 0
408, 51, 1, 5, 0, 0, 0.34%, 0, 0, 1, 10.51, 4352, 220, 0, 0
413, 52, 1, 5, 0, 0, 0.34%, 0, 0, 1, 10.56, 4406, 220, 0, 0
418, 52, 1, 5, 0, 0, 0.34%, 0, 0, 1, 10.60, 4460, 220, 0, 0
423, 53, 1, 5, 0, 0, 0.34%, 0, 0, 1, 10.64, 4514, 220, 0, 0
428, 53, 1, 5, 0, 0, 0.34%, 0, 0, 1, 10.64, 4568, 220, 0, 0
433, 54, 1, 5, 0, 0, 0.34%, 0, 0, 1, 10.70, 4622, 220, 0, 0
438, 55, 1, 5, 0, 0, 0.34%, 0, 0, 1, 10.64, 4676, 220, 0, 0
443, 55, 1, 5, 0, 0, 0.34%, 0, 0, 1, 10.52, 4730, 220, 0, 0
449, 56, 1, 5, 0, 0, 0.34%, 0, 0, 1, 10.49, 4784, 220, 0, 0
454, 57, 1, 5, 0, 0, 0.34%, 0, 0, 1, 10.48, 4838, 220, 0, 0
459, 57, 1, 5, 0, 0, 0.34%, 0, 0, 1, 10.49, 4892, 220, 0, 0
464, 58, 1, 5, 0, 0, 0.34%, 0, 0, 1, 10.55, 4946, 220, 0, 0
469, 59, 1, 5, 0, 0, 0.34%, 0, 0, 1, 10.57, 5000, 220, 0, 0
474, 59, 1, 5, 0, 0, 0.34%, 0, 0, 1, 10.58, 5054, 220, 0, 0
479, 60, 1, 5, 0, 0, 0.34%, 0, 0, 1, 10.65, 5108, 220, 0, 0
484, 61, 1, 5, 0, 0, 0.34%, 0, 0, 1, 10.77, 5165, 220, 0, 0
490, 61, 1, 5, 0, 0, 0.34%, 0, 0, 1, 10.81, 5222, 220, 0, 0
495, 62, 1, 5, 0, 0, 0.34%, 0, 0, 1, 10.64, 5276, 220, 0, 0
500, 63, 1, 5, 0, 0, 0.34%, 0, 0, 1, 10.56, 5330, 220, 0, 0
505, 63, 1, 5, 0, 0, 0.34%, 0, 0, 1, 10.57, 5384, 220, 0, 0
510, 64, 1, 5, 0, 0, 0.34%, 0, 0, 1, 10.65, 5438, 220, 0, 0
515, 64, 1, 5, 0, 0, 0.34%, 0, 0, 1, 10.54, 5492, 220, 0, 0
520, 65, 1, 5, 0, 0, 0.34%, 0, 0, 1, 10.53, 5546, 220, 0, 0
525, 66, 1, 5, 0, 0, 0.34%, 0, 0, 1, 10.65, 5600, 220, 0, 0
531, 66, 1, 5, 0, 0, 0.34%, 0, 0, 1, 10.65, 5654, 220, 0, 0
536, 67, 1, 5, 0, 0, 0.34%, 0, 0, 1, 10.68, 5708, 220, 0, 0
541, 68, 1, 5, 0, 0, 0.34%, 0, 0, 1, 10.65, 5762, 220, 0, 0
546, 68, 1, 5, 0, 0, 0.34%, 0, 0, 1, 10.60, 5816, 220, 0, 0
551, 69, 1, 5, 0, 0, 0.34%, 0, 0, 1, 10.67, 5870, 220, 0, 0
556, 70, 1, 5, 0, 0, 0.34%, 0, 0, 1, 10.67, 5924, 220, 0, 0
561, 70, 1, 5, 0, 0, 0.34%, 0, 0, 1, 10.61, 5978, 220, 0, 0
566, 71, 1, 5, 0, 0, 0.34%, 0, 0, 1, 10.62, 6032, 220, 0, 0
571, 72, 1, 5, 0, 0, 0.34%, 0, 0, 1, 10.60, 6086, 220, 0, 0
576, 72, 1, 5, 0, 0, 0.34%, 0, 0, 1, 10.18, 6138, 220, 0, 0
581, 73, 1, 5, 0, 0, 0.34%, 0, 0, 1, 9.62, 6186, 220, 0, 0
587, 73, 1, 5, 0, 0, 0.34%, 0, 0, 1, 10.17, 6240, 220, 0, 0
592, 74, 1, 5, 0, 0, 0.34%, 0, 0, 1, 10.45, 6294, 220, 0, 0
597, 75, 1, 5, 0, 0, 0.34%, 0, 0, 1, 10.52, 6348, 220, 0, 0
602, 75, 1, 5, 0, 0, 0.34%, 0, 0, 1, 10.45, 6402, 220, 0, 0
607, 76, 1, 5, 0, 0, 0.34%, 0, 0, 1, 10.40, 6456, 220, 0, 0
612, 77, 1, 5, 0, 0, 0.34%, 0, 0, 1, 10.52, 6510, 220, 0, 0
617, 77, 1, 5, 0, 0, 0.34%, 0, 0, 1, 10.71, 6564, 220, 0, 0
622, 78, 1, 5, 0, 0, 0.34%, 0, 0, 1, 10.75, 6618, 220, 0, 0
627, 78, 1, 5, 0, 0, 0.34%, 0, 0, 1, 10.66, 6672, 220, 0, 0
632, 79, 1, 5, 0, 0, 0.34%, 0, 0, 1, 10.66, 6726, 220, 0, 0
637, 80, 1, 5, 0, 0, 0.34%, 0, 0, 1, 10.77, 6780, 220, 0, 0
643, 80, 1, 5, 0, 0, 0.34%, 0, 0, 1, 10.80, 6837, 220, 0, 0
648, 81, 1, 5, 0, 0, 0.34%, 0, 0, 1, 10.80, 6894, 220, 0, 0
653, 82, 1, 5, 0, 0, 0.34%, 0, 0, 1, 10.78, 6948, 220, 0, 0
658, 82, 1, 5, 0, 0, 0.34%, 0, 0, 1, 10.79, 7002, 220, 0, 0
663, 83, 1, 5, 0, 0, 0.34%, 0, 0, 1, 10.77, 7056, 220, 0, 0
668, 84, 1, 5, 0, 0, 0.34%, 0, 0, 1, 10.73, 7110, 220, 0, 0
673, 84, 1, 5, 0, 0, 0.34%, 0, 0, 1, 10.61, 7164, 220, 0, 0
678, 85, 1, 5, 0, 0, 0.34%, 0, 0, 1, 10.58, 7218, 220, 0, 0
683, 86, 1, 5, 0, 0, 0.34%, 0, 0, 1, 10.56, 7272, 220, 0, 0
688, 86, 1, 5, 0, 0, 0.34%, 0, 0, 1, 10.63, 7326, 220, 0, 0
693, 87, 1, 5, 0, 0, 0.34%, 0, 0, 1, 10.70, 7380, 220, 0, 0
699, 88, 1, 5, 0, 0, 0.34%, 0, 0, 1, 10.68, 7434, 220, 0, 0
704, 88, 1, 5, 0, 0, 0.34%, 0, 0, 1, 10.67, 7488, 220, 0, 0
709, 89, 1, 5, 0, 0, 0.34%, 0, 0, 1, 10.70, 7542, 220, 0, 0
714, 89, 1, 5, 0, 0, 0.34%, 0, 0, 1, 10.77, 7596, 220, 0, 0
719, 90, 1, 5, 0, 0, 0.34%, 0, 0, 1, 10.78, 7650, 220, 0, 0
724, 91, 1, 5, 0, 0, 0.34%, 0, 0, 1, 10.80, 7704, 220, 0, 0
729, 91, 1, 5, 0, 0, 0.34%, 0, 0, 1, 10.72, 7758, 220, 0, 0
734, 92, 1, 5, 0, 0, 0.34%, 0, 0, 1, 10.73, 7812, 220, 0, 0
739, 93, 1, 5, 0, 0, 0.34%, 0, 0, 1, 10.65, 7866, 220, 0, 0
744, 93, 1, 5, 0, 0, 0.34%, 0, 0, 1, 10.61, 7920, 220, 0, 0
749, 94, 1, 5, 0, 0, 0.34%, 0, 0, 1, 10.60, 7974, 220, 0, 0
754, 95, 1, 5, 0, 0, 0.34%, 0, 0, 1, 10.58, 8028, 220, 0, 0
759, 95, 1, 5, 0, 0, 0.34%, 0, 0, 1, 10.72, 8082, 220, 0, 0
764, 96, 1, 5, 0, 0, 0.34%, 0, 0, 1, 10.75, 8136, 220, 0, 0
769, 96, 1, 5, 0, 0, 0.34%, 0, 0, 1, 9.76, 8184, 220, 0, 0
774, 97, 1, 5, 0, 0, 0.34%, 0, 0, 1, 9.48, 8232, 220, 0, 0
779, 98, 1, 5, 0, 0, 0.34%, 0, 0, 1, 9.41, 8280, 220, 0, 0
785, 98, 1, 5, 0, 0, 0.34%, 0, 0, 1, 9.40, 8328, 220, 0, 0
790, 99, 1, 5, 0, 0, 0.34%, 0, 0, 1, 9.39, 8376, 220, 0, 0
795, 99, 1, 5, 0, 0, 0.34%, 0, 0, 1, 9.45, 8424, 220, 0, 0
800, 100, 1, 5, 0, 0, 0.34%, 0, 0, 1, 10.10, 8476, 220, 0, 0
805, 101, 1, 5, 0, 0, 0.34%, 0, 0, 1, 10.38, 8530, 220, 0, 0
810, 101, 1, 5, 0, 0, 0.34%, 0, 0, 1, 10.45, 8584, 220, 0, 0
815, 102, 1, 5, 0, 0, 0.34%, 0, 0, 1, 10.65, 8640, 220, 0, 0
820, 103, 1, 5, 0, 0, 0.34%, 0, 0, 1, 10.72, 8694, 220, 0, 0
825, 103, 1, 5, 0, 0, 0.34%, 0, 0, 1, 10.75, 8748, 220, 0, 0
830, 104, 1, 5, 0, 0, 0.34%, 0, 0, 1, 10.77, 8802, 220, 0, 0
835, 104, 1, 5, 0, 0, 0.34%, 0, 0, 1, 10.78, 8856, 220, 0, 0
840, 105, 1, 5, 0, 0, 0.34%, 0, 0, 1, 10.75, 8910, 220, 0, 0
845, 106, 1, 5, 0, 0, 0.34%, 0, 0, 1, 10.63, 8964, 220, 0, 0
851, 106, 1, 5, 0, 0, 0.34%, 0, 0, 1, 10.44, 9018, 220, 0, 0
856, 107, 1, 5, 0, 0, 0.34%, 0, 0, 1, 10.36, 9072, 220, 0, 0
861, 108, 1, 5, 0, 0, 0.34%, 0, 0, 1, 10.60, 9126, 220, 0, 0
866, 108, 1, 5, 0, 0, 0.34%, 0, 0, 1, 10.74, 9183, 220, 0, 0
871, 109, 1, 5, 0, 0, 0.34%, 0, 0, 1, 10.65, 9237, 220, 0, 0
876, 110, 1, 5, 0, 0, 0.34%, 0, 0, 1, 10.55, 9291, 220, 0, 0
882, 110, 1, 5, 0, 0, 0.34%, 0, 0, 1, 10.55, 9345, 220, 0, 0
887, 111, 1, 5, 0, 0, 0.34%, 0, 0, 1, 10.68, 9399, 220, 0, 0
892, 112, 1, 5, 0, 0, 0.34%, 0, 0, 1, 10.58, 9454, 220, 0, 0
895, 112, 1, 5, 0, 0, 0.34%, 0, 0, 1, 10.52, 9488, 220, 0, 0
