# relative_time, cycles_done, cur_item, corpus_count, pending_total, pending_favs, map_size, saved_crashes, saved_hangs, max_depth, execs_per_sec, total_execs, edges_found, total_crashes, servers_count
62, 4, 5, 9, 0, 0, 0.12%, 0, 0, 2, 16.87, 1090, 76, 0, 0
67, 5, 7, 9, 0, 0, 0.12%, 0, 0, 2, 16.87, 1178, 76, 0, 0
73, 6, 1, 9, 0, 0, 0.12%, 0, 0, 2, 16.84, 1266, 76, 0, 0
78, 6, 6, 9, 0, 0, 0.12%, 0, 0, 2, 16.69, 1350, 76, 0, 0
83, 7, 5, 9, 0, 0, 0.12%, 0, 0, 2, 16.71, 1434, 76, 0, 0
88, 7, 1, 9, 0, 0, 0.12%, 0, 0, 2, 16.71, 1518, 76, 0, 0
93, 8, 7, 9, 0, 0, 0.12%, 0, 0, 2, 16.71, 1602, 76, 0, 0
98, 9, 6, 9, 0, 0, 0.12%, 0, 0, 2, 17.21, 1690, 76, 0, 0
103, 9, 7, 9, 0, 0, 0.12%, 0, 0, 2, 17.33, 1778, 76, 0, 0
108, 10, 6, 9, 0, 0, 0.12%, 0, 0, 2, 17.30, 1866, 76, 0, 0
113, 11, 1, 9, 0, 0, 0.12%, 0, 0, 2, 17.29, 1954, 76, 0, 0
118, 11, 1, 9, 0, 0, 0.12%, 0, 0, 2, 17.28, 2042, 76, 0, 0
123, 12, 6, 9, 0, 0, 0.12%, 0, 0, 2, 17.28, 2130, 76, 0, 0
128, 13, 6, 9, 0, 0, 0.12%, 0, 0, 2, 17.27, 2218, 76, 0, 0
133, 13, 7, 9, 0, 0, 0.12%, 0, 0, 2, 17.24, 2306, 76, 0, 0
139, 14, 0, 9, 0, 0, 0.12%, 0, 0, 2, 17.27, 2394, 76, 0, 0
144, 15, 5, 9, 0, 0, 0.12%, 0, 0, 2, 17.32, 2482, 76, 0, 0
149, 15, 7, 9, 0, 0, 0.12%, 0, 0, 2, 17.32, 2570, 76, 0, 0
154, 16, 6, 9, 0, 0, 0.12%, 0, 0, 2, 17.33, 2658, 76, 0, 0
159, 17, 7, 9, 0, 0, 0.12%, 0, 0, 2, 17.29, 2746, 76, 0, 0
164, 17, 7, 9, 0, 0, 0.12%, 0, 0, 2, 17.36, 2834, 76, 0, 0
169, 18, 5, 9, 0, 0, 0.12%, 0, 0, 2, 17.43, 2922, 76, 0, 0
174, 19, 7, 9, 0, 0, 0.12%, 0, 0, 2, 17.42, 3010, 76, 0, 0
179, 19, 7, 9, 0, 0, 0.12%, 0, 0, 2, 17.45, 3098, 76, 0, 0
184, 20, 7, 9, 0, 0, 0.12%, 0, 0, 2, 17.46, 3186, 76, 0, 0
189, 21, 5, 9, 0, 0, 0.12%, 0, 0, 2, 17.41, 3274, 76, 0, 0
194, 21, 7, 9, 0, 0, 0.12%, 0, 0, 2, 17.27, 3362, 76, 0, 0
199, 22, 7, 9, 0, 0, 0.12%, 0, 0, 2, 17.21, 3450, 76, 0, 0
204, 23, 6, 9, 0, 0, 0.12%, 0, 0, 2, 17.34, 3538, 76, 0, 0
210, 23, 7, 9, 0, 0, 0.12%, 0, 0, 2, 17.29, 3626, 76, 0, 0
215, 24, 7, 9, 0, 0, 0.12%, 0, 0, 2, 17.31, 3714, 76, 0, 0
220, 25, 8, 9, 0, 0, 0.12%, 0, 0, 2, 17.35, 3802, 76, 0, 0
225, 25, 1, 9, 0, 0, 0.12%, 0, 0, 2, 17.34, 3890, 76, 0, 0
230, 26, 7, 9, 0, 0, 0.12%, 0, 0, 2, 17.35, 3978, 76, 0, 0
235, 27, 7, 9, 0, 0, 0.12%, 0, 0, 2, 17.31, 4066, 76, 0, 0
240, 27, 0, 9, 0, 0, 0.12%, 0, 0, 2, 17.30, 4154, 76, 0, 0
245, 28, 7, 9, 0, 0, 0.12%, 0, 0, 2, 17.30, 4242, 76, 0, 0
250, 29, 5, 9, 0, 0, 0.12%, 0, 0, 2, 17.32, 4330, 76, 0, 0
255, 29, 5, 9, 0, 0, 0.12%, 0, 0, 2, 17.32, 4418, 76, 0, 0
260, 30, 7, 9, 0, 0, 0.12%, 0, 0, 2, 17.29, 4506, 76, 0, 0
265, 31, 6, 9, 0, 0, 0.12%, 0, 0, 2, 17.29, 4594, 76, 0, 0
271, 31, 1, 9, 0, 0, 0.12%, 0, 0, 2, 17.26, 4682, 76, 0, 0
276, 32, 6, 9, 0, 0, 0.12%, 0, 0, 2, 17.26, 4770, 76, 0, 0
281, 33, 5, 9, 0, 0, 0.12%, 0, 0, 2, 17.28, 4858, 76, 0, 0
286, 33, 8, 9, 0, 0, 0.12%, 0, 0, 2, 17.28, 4946, 76, 0, 0
291, 34, 7, 9, 0, 0, 0.12%, 0, 0, 2, 17.31, 5034, 76, 0, 0
296, 35, 6, 9, 0, 0, 0.12%, 0, 0, 2, 17.32, 5122, 76, 0, 0
301, 35, 6, 9, 0, 0, 0.12%, 0, 0, 2, 17.16, 5210, 76, 0, 0
306, 36, 1, 9, 0, 0, 0.12%, 0, 0, 2, 16.89, 5298, 76, 0, 0
312, 37, 0, 9, 0, 0, 0.12%, 0, 0, 2, 16.82, 5386, 76, 0, 0
317, 37, 5, 9, 0, 0, 0.12%, 0, 0, 2, 16.91, 5474, 76, 0, 0
322, 38, 7, 9, 0, 0, 0.12%, 0, 0, 2, 16.95, 5562, 76, 0, 0
327, 39, 7, 9, 0, 0, 0.12%, 0, 0, 2, 16.96, 5650, 76, 0, 0
332, 39, 0, 9, 0, 0, 0.12%, 0, 0, 2, 17.16, 5738, 76, 0, 0
337, 40, 0, 9, 0, 0, 0.12%, 0, 0, 2, 17.34, 5826, 76, 0, 0
342, 41, 7, 9, 0, 0, 0.12%, 0, 0, 2, 17.36, 5914, 76, 0, 0
347, 41, 1, 9, 0, 0, 0.12%, 0, 0, 2, 17.38, 6002, 76, 0, 0
353, 42, 1, 9, 0, 0, 0.12%, 0, 0, 2, 17.38, 6090, 76, 0, 0
358, 43, 6, 9, 0, 0, 0.12%, 0, 0, 2, 17.32, 6178, 76, 0, 0
363, 43, 5, 9, 0, 0, 0.12%, 0, 0, 2, 17.09, 6266, 76, 0, 0
368, 44, 5, 9, 0, 0, 0.12%, 0, 0, 2, 16.87, 6354, 76, 0, 0
373, 45, 1, 9, 0, 0, 0.12%, 0, 0, 2, 16.84, 6442, 76, 0, 0
378, 45, 1, 9, 0, 0, 0.12%, 0, 0, 2, 16.81, 6530, 76, 0, 0
383, 46, 7, 9, 0, 0, 0.12%, 0, 0, 2, 16.79, 6614, 76, 0, 0
389, 47, 7, 9, 0, 0, 0.12%, 0, 0, 2, 16.81, 6702, 76, 0, 0
394, 47, 6, 9, 0, 0, 0.12%, 0, 0, 2, 16.70, 6786, 76, 0, 0
399, 48, 7, 9, 0, 0, 0.12%, 0, 0, 2, 16.60, 6870, 76, 0, 0
404, 49, 6, 9, 0, 0, 0.12%, 0, 0, 2, 16.57, 6954, 76, 0, 0
409, 49, 7, 9, 0, 0, 0.12%, 0, 0, 2, 16.57, 7038, 76, 0, 0
414, 50, 6, 9, 0, 0, 0.12%, 0, 0, 2, 16.86, 7126, 76, 0, 0
419, 51, 7, 9, 0, 0, 0.12%, 0, 0, 2, 17.11, 7214, 76, 0, 0
424, 51, 1, 9, 0, 0, 0.12%, 0, 0, 2, 17.15, 7302, 76, 0, 0
430, 52, 6, 9, 0, 0, 0.12%, 0, 0, 2, 17.18, 7390, 76, 0, 0
435, 53, 5, 9, 0, 0, 0.12%, 0, 0, 2, 17.15, 7478, 76, 0, 0
440, 53, 6, 9, 0, 0, 0.12%, 0, 0, 2, 17.19, 7566, 76, 0, 0
445, 54, 5, 9, 0, 0, 0.12%, 0, 0, 2, 17.20, 7654, 76, 0, 0
450, 55, 7, 9, 0, 0, 0.12%, 0, 0, 2, 17.25, 7742, 76, 0, 0
455, 55, 5, 9, 0, 0, 0.12%, 0, 0, 2, 17.26, 7830, 76, 0, 0
460, 56, 8, 9, 0, 0, 0.12%, 0, 0, 2, 17.23, 7918, 76, 0, 0
465, 57, 5, 9, 0, 0, 0.12%, 0, 0, 2, 17.21, 8006, 76, 0, 0
470, 57, 1, 9, 0, 0, 0.12%, 0, 0, 2, 17.20, 8094, 76, 0, 0
476, 58, 7, 9, 0, 0, 0.12%, 0, 0, 2, 17.18, 8182, 76, 0, 0
481, 59, 1, 9, 0, 0, 0.12%, 0, 0, 2, 17.18, 8270, 76, 0, 0
486, 59, 7, 9, 0, 0, 0.12%, 0, 0, 2, 17.25, 8358, 76, 0, 0
491, 60, 6, 9, 0, 0, 0.12%, 0, 0, 2, 17.33, 8446, 76, 0, 0
496, 61, 1, 9, 0, 0, 0.12%, 0, 0, 2, 17.31, 8534, 76, 0, 0
501, 61, 7, 9, 0, 0, 0.12%, 0, 0, 2, 17.29, 8622, 76, 0, 0
506, 62, 5, 9, 0, 0, 0.12%, 0, 0, 2, 17.28, 8710, 76, 0, 0
511, 63, 5, 9, 0, 0, 0.12%, 0, 0, 2, 16.85, 8794, 76, 0, 0
516, 63, 6, 9, 0, 0, 0.12%, 0, 0, 2, 16.69, 8878, 76, 0, 0
521, 64, 1, 9, 0, 0, 0.12%, 0, 0, 2, 16.72, 8962, 76, 0, 0
526, 65, 1, 9, 0, 0, 0.12%, 0, 0, 2, 16.93, 9050, 76, 0, 0
532, 65, 7, 9, 0, 0, 0.12%, 0, 0, 2, 16.99, 9138, 76, 0, 0
537, 66, 7, 9, 0, 0, 0.12%, 0, 0, 2, 17.00, 9226, 76, 0, 0
542, 67, 5, 9, 0, 0, 0.12%, 0, 0, 2, 16.96, 9314, 76, 0, 0
547, 67, 6, 9, 0, 0, 0.12%, 0, 0, 2, 16.96, 9402, 76, 0, 0
552, 68, 7, 9, 0, 0, 0.12%, 0, 0, 2, 16.94, 9490, 76, 0, 0
557, 69, 7, 9, 0, 0, 0.12%, 0, 0, 2, 16.94, 9578, 76, 0, 0
563, 69, 7, 9, 0, 0, 0.12%, 0, 0, 2, 16.92, 9666, 76, 0, 0
568, 70, 0, 9, 0, 0, 0.12%, 0, 0, 2, 16.93, 9754, 76, 0, 0
573, 71, 5, 9, 0, 0, 0.12%, 0, 0, 2, 16.95, 9842, 76, 0, 0
578, 71, 7, 9, 0, 0, 0.12%, 0, 0, 2, 16.94, 9930, 76, 0, 0
583, 72, 5, 9, 0, 0, 0.12%, 0, 0, 2, 16.92, 10018, 76, 0, 0
589, 73, 7, 9, 0, 0, 0.12%, 0, 0, 2, 16.94, 10106, 76, 0, 0
594, 73, 6, 9, 0, 0, 0.12%, 0, 0, 2, 16.95, 10194, 76, 0, 0
599, 74, 6, 9, 0, 0, 0.12%, 0, 0, 2, 16.94, 10282, 76, 0, 0
604, 75, 0, 9, 0, 0, 0.12%, 0, 0, 2, 16.72, 10366, 76, 0, 0
609, 75, 5, 9, 0, 0, 0.12%, 0, 0, 2, 16.59, 10450, 76, 0, 0
614, 76, 5, 9, 0, 0, 0.12%, 0, 0, 2, 16.81, 10538, 76, 0, 0
620, 76, 1, 9, 0, 0, 0.12%, 0, 0, 2, 16.88, 10626, 76, 0, 0
625, 77, 7, 9, 0, 0, 0.12%, 0, 0, 2, 16.88, 10714, 76, 0, 0
630, 78, 1, 9, 0, 0, 0.12%, 0, 0, 2, 16.89, 10802, 76, 0, 0
635, 78, 8, 9, 0, 0, 0.12%, 0, 0, 2, 16.90, 10890, 76, 0, 0
640, 79, 7, 9, 0, 0, 0.12%, 0, 0, 2, 16.89, 10978, 76, 0, 0
646, 80, 1, 9, 0, 0, 0.12%, 0, 0, 2, 16.91, 11066, 76, 0, 0
651, 80, 1, 9, 0, 0, 0.12%, 0, 0, 2, 16.91, 11154, 76, 0, 0
656, 81, 8, 9, 0, 0, 0.12%, 0, 0, 2, 16.91, 11242, 76, 0, 0
661, 82, 7, 9, 0, 0, 0.12%, 0, 0, 2, 16.92, 11330, 76, 0, 0
666, 82, 7, 9, 0, 0, 0.12%, 0, 0, 2, 16.94, 11418, 76, 0, 0
672, 83, 6, 9, 0, 0, 0.12%, 0, 0, 2, 17.02, 11506, 76, 0, 0
677, 84, 1, 9, 0, 0, 0.12%, 0, 0, 2, 17.03, 11594, 76, 0, 0
682, 84, 7, 9, 0, 0, 0.12%, 0, 0, 2, 17.04, 11682, 76, 0, 0
687, 85, 0, 9, 0, 0, 0.12%, 0, 0, 2, 17.04, 11770, 76, 0, 0
692, 86, 7, 9, 0, 0, 0.12%, 0, 0, 2, 17.04, 11858, 76, 0, 0
697, 86, 5, 9, 0, 0, 0.12%, 0, 0, 2, 17.04, 11946, 76, 0, 0
703, 87, 1, 9, 0, 0, 0.12%, 0, 0, 2, 17.23, 12034, 76, 0, 0
708, 88, 8, 9, 0, 0, 0.12%, 0, 0, 2, 17.39, 12122, 76, 0, 0
713, 88, 6, 9, 0, 0, 0.12%, 0, 0, 2, 17.41, 12210, 76, 0, 0
718, 89, 1, 9, 0, 0, 0.12%, 0, 0, 2, 17.41, 12298, 76, 0, 0
723, 90, 1, 9, 0, 0, 0.12%, 0, 0, 2, 17.43, 12386, 76, 0, 0
728, 90, 0, 9, 0, 0, 0.12%, 0, 0, 2, 17.48, 12474, 76, 0, 0
733, 91, 1, 9, 0, 0, 0.12%, 0, 0, 2, 17.44, 12562, 76, 0, 0
738, 92, 1, 9, 0, 0, 0.12%, 0, 0, 2, 17.48, 12650, 76, 0, 0
743, 92, 1, 9, 0, 0, 0.12%, 0, 0, 2, 17.48, 12738, 76, 0, 0
748, 93, 7, 9, 0, 0, 0.12%, 0, 0, 2, 17.48, 12826, 76, 0, 0
753, 94, 1, 9, 0, 0, 0.12%, 0, 0, 2, 17.47, 12914, 76, 0, 0
758, 94, 6, 9, 0, 0, 0.12%, 0, 0, 2, 17.05, 13002, 76, 0, 0
763, 95, 1, 9, 0, 0, 0.12%, 0, 0, 2, 15.80, 13082, 76, 0, 0
769, 96, 7, 9, 0, 0, 0.12%, 0, 0, 2, 15.44, 13162, 76, 0, 0
774, 96, 1, 9, 0, 0, 0.12%, 0, 0, 2, 16.25, 13246, 76, 0, 0
779, 97, 1, 9, 0, 0, 0.12%, 0, 0, 2, 16.72, 13334, 76, 0, 0
784, 98, 7, 9, 0, 0, 0.12%, 0, 0, 2, 16.74, 13422, 76, 0, 0
789, 98, 6, 9, 0, 0, 0.12%, 0, 0, 2, 16.63, 13506, 76, 0, 0
794, 99, 1, 9, 0, 0, 0.12%, 0, 0, 2, 16.63, 13590, 76, 0, 0
799, 100, 1, 9, 0, 0, 0.12%, 0, 0, 2, 16.78, 13674, 76, 0, 0
804, 100, 5, 9, 0, 0, 0.12%, 0, 0, 2, 17.14, 13762, 76, 0, 0
810, 101, 6, 9, 0, 0, 0.12%, 0, 0, 2, 17.20, 13850, 76, 0, 0
815, 102, 5, 9, 0, 0, 0.12%, 0, 0, 2, 17.25, 13938, 76, 0, 0
820, 102, 5, 9, 0, 0, 0.12%, 0, 0, 2, 17.24, 14026, 76, 0, 0
825, 103, 0, 9, 0, 0, 0.12%, 0, 0, 2, 17.26, 14114, 76, 0, 0
830, 104, 5, 9, 0, 0, 0.12%, 0, 0, 2, 17.27, 14202, 76, 0, 0
835, 104, 5, 9, 0, 0, 0.12%, 0, 0, 2, 17.26, 14290, 76, 0, 0
840, 105, 5, 9, 0, 0, 0.12%, 0, 0, 2, 17.23, 14378, 76, 0, 0
845, 106, 7, 9, 0, 0, 0.12%, 0, 0, 2, 17.22, 14466, 76, 0, 0
850, 106, 6, 9, 0, 0, 0.12%, 0, 0, 2, 17.21, 14554, 76, 0, 0
855, 107, 7, 9, 0, 0, 0.12%, 0, 0, 2, 17.14, 14642, 76, 0, 0
861, 108, 1, 9, 0, 0, 0.12%, 0, 0, 2, 17.04, 14730, 76, 0, 0
866, 108, 7, 9, 0, 0, 0.12%, 0, 0, 2, 17.05, 14818, 76, 0, 0
871, 109, 5, 9, 0, 0, 0.12%, 0, 0, 2, 17.04, 14906, 76, 0, 0
876, 110, 1, 9, 0, 0, 0.12%, 0, 0, 2, 17.22, 14994, 76, 0, 0
881, 110, 1, 9, 0, 0, 0.12%, 0, 0, 2, 17.26, 15082, 76, 0, 0
886, 111, 6, 9, 0, 0, 0.12%, 0, 0, 2, 17.08, 15170, 76, 0, 0
892, 112, 5, 9, 0, 0, 0.12%, 0, 0, 2, 16.97, 15258, 76, 0, 0
896, 112, 1, 9, 0, 0, 0.12%, 0, 0, 2, 0.00, 15336, 76, 0, 0
