# relative_time, cycles_done, cur_item, corpus_count, pending_total, pending_favs, map_size, saved_crashes, saved_hangs, max_depth, execs_per_sec, total_execs, edges_found, total_crashes, servers_count
61, 15, 1, 5, 0, 0, 0.09%, 0, 0, 1, 35.14, 2182, 62, 0, 0
66, 16, 1, 5, 0, 0, 0.09%, 0, 0, 1, 35.23, 2363, 62, 0, 0
71, 17, 1, 5, 0, 0, 0.09%, 0, 0, 1, 35.24, 2543, 62, 0, 0
76, 19, 1, 5, 0, 0, 0.09%, 0, 0, 1, 35.23, 2723, 62, 0, 0
81, 20, 1, 5, 0, 0, 0.09%, 0, 0, 1, 35.21, 2906, 62, 0, 0
86, 21, 1, 5, 0, 0, 0.09%, 0, 0, 1, 35.23, 3087, 62, 0, 0
92, 23, 1, 5, 0, 0, 0.09%, 0, 0, 1, 35.23, 3268, 62, 0, 0
97, 24, 1, 5, 0, 0, 0.09%, 0, 0, 1, 35.23, 3448, 62, 0, 0
102, 25, 1, 5, 0, 0, 0.09%, 0, 0, 1, 35.23, 3629, 62, 0, 0
107, 26, 1, 5, 0, 0, 0.09%, 0, 0, 1, 35.24, 3811, 62, 0, 0
112, 28, 1, 5, 0, 0, 0.09%, 0, 0, 1, 35.25, 3992, 62, 0, 0
117, 29, 1, 5, 0, 0, 0.09%, 0, 0, 1, 35.23, 4171, 62, 0, 0
122, 30, 1, 5, 0, 0, 0.09%, 0, 0, 1, 34.85, 4351, 62, 0, 0
127, 32, 1, 5, 0, 0, 0.09%, 0, 0, 1, 34.77, 4527, 62, 0, 0
132, 33, 1, 5, 0, 0, 0.09%, 0, 0, 1, 34.81, 4704, 62, 0, 0
138, 34, 1, 5, 0, 0, 0.09%, 0, 0, 1, 34.74, 4880, 62, 0, 0
143, 35, 1, 5, 0, 0, 0.09%, 0, 0, 1, 34.84, 5059, 62, 0, 0
148, 37, 1, 5, 0, 0, 0.09%, 0, 0, 1, 34.89, 5237, 62, 0, 0
153, 38, 1, 5, 0, 0, 0.09%, 0, 0, 1, 34.97, 5417, 62, 0, 0
158, 39, 1, 5, 0, 0, 0.09%, 0, 0, 1, 34.92, 5597, 62, 0, 0
163, 40, 1, 5, 0, 0, 0.09%, 0, 0, 1, 34.92, 5777, 62, 0, 0
168, 42, 1, 5, 0, 0, 0.09%, 0, 0, 1, 34.89, 5954, 62, 0, 0
173, 43, 1, 5, 0, 0, 0.09%, 0, 0, 1, 34.89, 6130, 62, 0, 0
178, 44, 1, 5, 0, 0, 0.09%, 0, 0, 1, 34.86, 6307, 62, 0, 0
184, 46, 1, 5, 0, 0, 0.09%, 0, 0, 1, 35.04, 6488, 62, 0, 0
189, 47, 1, 5, 0, 0, 0.09%, 0, 0, 1, 35.11, 6666, 62, 0, 0
194, 48, 1, 5, 0, 0, 0.09%, 0, 0, 1, 35.06, 6842, 62, 0, 0
199, 49, 1, 5, 0, 0, 0.09%, 0, 0, 1, 35.16, 7022, 62, 0, 0
204, 51, 1, 5, 0, 0, 0.09%, 0, 0, 1, 35.16, 7205, 62, 0, 0
209, 52, 1, 5, 0, 0, 0.09%, 0, 0, 1, 35.19, 7384, 62, 0, 0
214, 53, 1, 5, 0, 0, 0.09%, 0, 0, 1, 35.19, 7563, 62, 0, 0
219, 55, 1, 5, 0, 0, 0.09%, 0, 0, 1, 35.23, 7744, 62, 0, 0
224, 56, 1, 5, 0, 0, 0.09%, 0, 0, 1, 35.16, 7921, 62, 0, 0
229, 57, 1, 5, 0, 0, 0.09%, 0, 0, 1, 34.97, 8098, 62, 0, 0
234, 58, 1, 5, 0, 0, 0.09%, 0, 0, 1, 34.99, 8274, 62, 0, 0
240, 60, 1, 5, 0, 0, 0.09%, 0, 0, 1, 35.04, 8453, 62, 0, 0
245, 61, 1, 5, 0, 0, 0.09%, 0, 0, 1, 35.11, 8635, 62, 0, 0
250, 62, 1, 5, 0, 0, 0.09%, 0, 0, 1, 35.03, 8814, 62, 0, 0
255, 63, 1, 5, 0, 0, 0.09%, 0, 0, 1, 34.91, 8989, 62, 0, 0
260, 65, 1, 5, 0, 0, 0.09%, 0, 0, 1, 34.89, 9166, 62, 0, 0
265, 66, 1, 5, 0, 0, 0.09%, 0, 0, 1, 34.97, 9348, 62, 0, 0
270, 67, 1, 5, 0, 0, 0.09%, 0, 0, 1, 34.93, 9528, 62, 0, 0
275, 69, 1, 5, 0, 0, 0.09%, 0, 0, 1, 34.93, 9709, 62, 0, 0
281, 70, 1, 5, 0, 0, 0.09%, 0, 0, 1, 34.95, 9890, 62, 0, 0
286, 71, 1, 5, 0, 0, 0.09%, 0, 0, 1, 34.92, 10070, 62, 0, 0
291, 72, 1, 5, 0, 0, 0.09%, 0, 0, 1, 34.91, 10246, 62, 0, 0
296, 74, 1, 5, 0, 0, 0.09%, 0, 0, 1, 34.89, 10422, 62, 0, 0
301, 75, 1, 5, 0, 0, 0.09%, 0, 0, 1, 34.91, 10601, 62, 0, 0
306, 76, 1, 5, 0, 0, 0.09%, 0, 0, 1, 34.98, 10781, 62, 0, 0
311, 78, 1, 5, 0, 0, 0.09%, 0, 0, 1, 35.05, 10963, 62, 0, 0
316, 79, 1, 5, 0, 0, 0.09%, 0, 0, 1, 35.02, 11140, 62, 0, 0
321, 80, 1, 5, 0, 0, 0.09%, 0, 0, 1, 35.00, 11320, 62, 0, 0
327, 81, 1, 5, 0, 0, 0.09%, 0, 0, 1, 35.00, 11499, 62, 0, 0
332, 83, 1, 5, 0, 0, 0.09%, 0, 0, 1, 35.06, 11679, 62, 0, 0
337, 84, 1, 5, 0, 0, 0.09%, 0, 0, 1, 35.01, 11858, 62, 0, 0
342, 85, 1, 5, 0, 0, 0.09%, 0, 0, 1, 35.03, 12037, 62, 0, 0
347, 87, 1, 5, 0, 0, 0.09%, 0, 0, 1, 35.12, 12219, 62, 0, 0
352, 88, 1, 5, 0, 0, 0.09%, 0, 0, 1, 35.17, 12399, 62, 0, 0
357, 89, 1, 5, 0, 0, 0.09%, 0, 0, 1, 35.14, 12577, 62, 0, 0
362, 90, 1, 5, 0, 0, 0.09%, 0, 0, 1, 35.24, 12756, 62, 0, 0
368, 92, 1, 5, 0, 0, 0.09%, 0, 0, 1, 35.32, 12937, 62, 0, 0
373, 93, 1, 5, 0, 0, 0.09%, 0, 0, 1, 35.35, 13119, 62, 0, 0
378, 94, 1, 5, 0, 0, 0.09%, 0, 0, 1, 35.32, 13301, 62, 0, 0
383, 96, 1, 5, 0, 0, 0.09%, 0, 0, 1, 35.32, 13483, 62, 0, 0
388, 97, 1, 5, 0, 0, 0.09%, 0, 0, 1, 35.42, 13665, 62, 0, 0
393, 98, 1, 5, 0, 0, 0.09%, 0, 0, 1, 35.47, 13847, 62, 0, 0
398, 99, 1, 5, 0, 0, 0.09%, 0, 0, 1, 35.36, 14030, 62, 0, 0
404, 101, 1, 5, 0, 0, 0.09%, 0, 0, 1, 35.40, 14214, 62, 0, 0
409, 102, 1, 5, 0, 0, 0.09%, 0, 0, 1, 35.30, 14395, 62, 0, 0
414, 103, 1, 5, 0, 0, 0.09%, 0, 0, 1, 35.31, 14576, 62, 0, 0
419, 105, 1, 5, 0, 0, 0.09%, 0, 0, 1, 35.28, 14757, 62, 0, 0
424, 106, 1, 5, 0, 0, 0.09%, 0, 0, 1, 35.04, 14933, 62, 0, 0
429, 107, 1, 5, 0, 0, 0.09%, 0, 0, 1, 35.03, 15109, 62, 0, 0
434, 108, 1, 5, 0, 0, 0.09%, 0, 0, 1, 35.08, 15285, 62, 0, 0
439, 110, 1, 5, 0, 0, 0.09%, 0, 0, 1, 35.16, 15468, 62, 0, 0
444, 111, 1, 5, 0, 0, 0.09%, 0, 0, 1, 35.14, 15650, 62, 0, 0
450, 112, 1, 5, 0, 0, 0.09%, 0, 0, 1, 35.18, 15831, 62, 0, 0
455, 114, 1, 5, 0, 0, 0.09%, 0, 0, 1, 35.10, 16013, 62, 0, 0
460, 115, 1, 5, 0, 0, 0.09%, 0, 0, 1, 35.11, 16189, 62, 0, 0
465, 116, 1, 5, 0, 0, 0.09%, 0, 0, 1, 35.09, 16370, 62, 0, 0
470, 117, 1, 5, 0, 0, 0.09%, 0, 0, 1, 35.14, 16546, 62, 0, 0
475, 119, 1, 5, 0, 0, 0.09%, 0, 0, 1, 35.27, 16729, 62, 0, 0
480, 120, 1, 5, 0, 0, 0.09%, 0, 0, 1, 35.27, 16909, 62, 0, 0
485, 121, 1, 5, 0, 0, 0.09%, 0, 0, 1, 35.11, 17092, 62, 0, 0
491, 123, 1, 5, 0, 0, 0.09%, 0, 0, 1, 35.26, 17274, 62, 0, 0
496, 124, 1, 5, 0, 0, 0.09%, 0, 0, 1, 35.25, 17456, 62, 0, 0
501, 125, 1, 5, 0, 0, 0.09%, 0, 0, 1, 35.30, 17639, 62, 0, 0
506, 127, 1, 5, 0, 0, 0.09%, 0, 0, 1, 35.25, 17818, 62, 0, 0
511, 128, 1, 5, 0, 0, 0.09%, 0, 0, 1, 35.23, 17998, 62, 0, 0
516, 129, 1, 5, 0, 0, 0.09%, 0, 0, 1, 35.27, 18179, 62, 0, 0
521, 130, 1, 5, 0, 0, 0.09%, 0, 0, 1, 35.25, 18362, 62, 0, 0
526, 132, 1, 5, 0, 0, 0.09%, 0, 0, 1, 35.25, 18539, 62, 0, 0
532, 133, 1, 5, 0, 0, 0.09%, 0, 0, 1, 35.31, 18721, 62, 0, 0
537, 134, 1, 5, 0, 0, 0.09%, 0, 0, 1, 35.41, 18905, 62, 0, 0
542, 136, 1, 5, 0, 0, 0.09%, 0, 0, 1, 35.34, 19086, 62, 0, 0
547, 137, 1, 5, 0, 0, 0.09%, 0, 0, 1, 35.40, 19270, 62, 0, 0
552, 138, 1, 5, 0, 0, 0.09%, 0, 0, 1, 35.38, 19454, 62, 0, 0
558, 139, 1, 5, 0, 0, 0.09%, 0, 0, 1, 35.36, 19637, 62, 0, 0
563, 141, 1, 5, 0, 0, 0.09%, 0, 0, 1, 35.29, 19814, 62, 0, 0
568, 142, 1, 5, 0, 0, 0.09%, 0, 0, 1, 35.20, 19991, 62, 0, 0
573, 143, 1, 5, 0, 0, 0.09%, 0, 0, 1, 35.01, 20166, 62, 0, 0
578, 145, 1, 5, 0, 0, 0.09%, 0, 0, 1, 34.97, 20346, 62, 0, 0
583, 146, 1, 5, 0, 0, 0.09%, 0, 0, 1, 34.98, 20527, 62, 0, 0
588, 147, 1, 5, 0, 0, 0.09%, 0, 0, 1, 34.76, 20706, 62, 0, 0
593, 148, 1, 5, 0, 0, 0.09%, 0, 0, 1, 34.84, 20885, 62, 0, 0
598, 150, 1, 5, 0, 0, 0.09%, 0, 0, 1, 34.94, 21065, 62, 0, 0
603, 151, 1, 5, 0, 0, 0.09%, 0, 0, 1, 34.98, 21240, 62, 0, 0
608, 152, 1, 5, 0, 0, 0.09%, 0, 0, 1, 35.03, 21420, 62, 0, 0
614, 154, 1, 5, 0, 0, 0.09%, 0, 0, 1, 35.37, 21601, 62, 0, 0
619, 155, 1, 5, 0, 0, 0.09%, 0, 0, 1, 35.43, 21785, 62, 0, 0
624, 156, 1, 5, 0, 0, 0.09%, 0, 0, 1, 35.38, 21967, 62, 0, 0
629, 157, 1, 5, 0, 0, 0.09%, 0, 0, 1, 35.28, 22146, 62, 0, 0
634, 159, 1, 5, 0, 0, 0.09%, 0, 0, 1, 35.14, 22326, 62, 0, 0
639, 160, 1, 5, 0, 0, 0.09%, 0, 0, 1, 35.14, 22505, 62, 0, 0
644, 161, 1, 5, 0, 0, 0.09%, 0, 0, 1, 35.12, 22684, 62, 0, 0
649, 163, 1, 5, 0, 0, 0.09%, 0, 0, 1, 35.16, 22864, 62, 0, 0
654, 164, 1, 5, 0, 0, 0.09%, 0, 0, 1, 35.08, 23042, 62, 0, 0
660, 165, 1, 5, 0, 0, 0.09%, 0, 0, 1, 34.96, 23218, 62, 0, 0
665, 166, 1, 5, 0, 0, 0.09%, 0, 0, 1, 34.95, 23399, 62, 0, 0
670, 168, 1, 5, 0, 0, 0.09%, 0, 0, 1, 34.93, 23574, 62, 0, 0
675, 169, 1, 5, 0, 0, 0.09%, 0, 0, 1, 34.83, 23754, 62, 0, 0
680, 170, 1, 5, 0, 0, 0.09%, 0, 0, 1, 34.96, 23930, 62, 0, 0
685, 171, 1, 5, 0, 0, 0.09%, 0, 0, 1, 35.19, 24111, 62, 0, 0
690, 173, 1, 5, 0, 0, 0.09%, 0, 0, 1, 35.26, 24294, 62, 0, 0
695, 174, 1, 5, 0, 0, 0.09%, 0, 0, 1, 35.31, 24478, 62, 0, 0
701, 175, 1, 5, 0, 0, 0.09%, 0, 0, 1, 35.25, 24659, 62, 0, 0
706, 177, 1, 5, 0, 0, 0.09%, 0, 0, 1, 35.20, 24838, 62, 0, 0
711, 178, 1, 5, 0, 0, 0.09%, 0, 0, 1, 35.16, 25014, 62, 0, 0
716, 179, 1, 5, 0, 0, 0.09%, 0, 0, 1, 35.16, 25197, 62, 0, 0
721, 180, 1, 5, 0, 0, 0.09%, 0, 0, 1, 35.06, 25377, 62, 0, 0
726, 182, 1, 5, 0, 0, 0.09%, 0, 0, 1, 35.05, 25555, 62, 0, 0
731, 183, 1, 5, 0, 0, 0.09%, 0, 0, 1, 34.97, 25735, 62, 0, 0
736, 184, 1, 5, 0, 0, 0.09%, 0, 0, 1, 34.98, 25910, 62, 0, 0
741, 186, 1, 5, 0, 0, 0.09%, 0, 0, 1, 34.97, 26089, 62, 0, 0
746, 187, 1, 5, 0, 0, 0.09%, 0, 0, 1, 34.96, 26268, 62, 0, 0
752, 188, 1, 5, 0, 0, 0.09%, 0, 0, 1, 35.02, 26448, 62, 0, 0
757, 189, 1, 5, 0, 0, 0.09%, 0, 0, 1, 34.97, 26624, 62, 0, 0
762, 191, 1, 5, 0, 0, 0.09%, 0, 0, 1, 34.98, 26805, 62, 0, 0
767, 192, 1, 5, 0, 0, 0.09%, 0, 0, 1, 35.02, 26986, 62, 0, 0
772, 193, 1, 5, 0, 0, 0.09%, 0, 0, 1, 35.20, 27166, 62, 0, 0
777, 195, 1, 5, 0, 0, 0.09%, 0, 0, 1, 35.24, 27347, 62, 0, 0
782, 196, 1, 5, 0, 0, 0.09%, 0, 0, 1, 35.22, 27528, 62, 0, 0
788, 197, 1, 5, 0, 0, 0.09%, 0, 0, 1, 35.27, 27712, 62, 0, 0
793, 198, 1, 5, 0, 0, 0.09%, 0, 0, 1, 35.26, 27896, 62, 0, 0
798, 200, 1, 5, 0, 0, 0.09%, 0, 0, 1, 35.26, 28077, 62, 0, 0
803, 201, 1, 5, 0, 0, 0.09%, 0, 0, 1, 34.95, 28253, 62, 0, 0
808, 202, 1, 5, 0, 0, 0.09%, 0, 0, 1, 34.80, 28433, 62, 0, 0
813, 204, 1, 5, 0, 0, 0.09%, 0, 0, 1, 34.81, 28609, 62, 0, 0
818, 205, 1, 5, 0, 0, 0.09%, 0, 0, 1, 34.97, 28785, 62, 0, 0
823, 206, 1, 5, 0, 0, 0.09%, 0, 0, 1, 35.12, 28964, 62, 0, 0
828, 207, 1, 5, 0, 0, 0.09%, 0, 0, 1, 35.15, 29142, 62, 0, 0
833, 209, 1, 5, 0, 0, 0.09%, 0, 0, 1, 35.14, 29319, 62, 0, 0
838, 210, 1, 5, 0, 0, 0.09%, 0, 0, 1, 35.16, 29496, 62, 0, 0
844, 211, 1, 5, 0, 0, 0.09%, 0, 0, 1, 35.35, 29678, 62, 0, 0
849, 212, 1, 5, 0, 0, 0.09%, 0, 0, 1, 35.03, 29856, 62, 0, 0
854, 214, 1, 5, 0, 0, 0.09%, 0, 0, 1, 34.82, 30031, 62, 0, 0
859, 215, 1, 5, 0, 0, 0.09%, 0, 0, 1, 34.88, 30208, 62, 0, 0
864, 216, 1, 5, 0, 0, 0.09%, 0, 0, 1, 34.88, 30387, 62, 0, 0
869, 218, 1, 5, 0, 0, 0.09%, 0, 0, 1, 34.93, 30564, 62, 0, 0
874, 219, 1, 5, 0, 0, 0.09%, 0, 0, 1, 35.06, 30745, 62, 0, 0
879, 220, 1, 5, 0, 0, 0.09%, 0, 0, 1, 33.86, 30922, 62, 0, 0
885, 221, 1, 5, 0, 0, 0.09%, 0, 0, 1, 32.76, 31090, 62, 0, 0
890, 223, 1, 5, 0, 0, 0.09%, 0, 0, 1, 32.55, 31258, 62, 0, 0
895, 224, 1, 5, 0, 0, 0.09%, 0, 0, 1, 32.78, 31426, 62, 0, 0
897, 224, 1, 5, 0, 0, 0.09%, 0, 0, 1, 32.09, 31497, 62, 0, 0
