# relative_time, cycles_done, cur_item, corpus_count, pending_total, pending_favs, map_size, saved_crashes, saved_hangs, max_depth, execs_per_sec, total_execs, edges_found, total_crashes, servers_count
61, 13, 1, 5, 0, 0, 0.29%, 0, 0, 1, 31.05, 1951, 190, 0, 0
66, 14, 1, 5, 0, 0, 0.29%, 0, 0, 1, 31.80, 2112, 190, 0, 0
71, 16, 1, 5, 0, 0, 0.29%, 0, 0, 1, 32.13, 2280, 190, 0, 0
76, 17, 1, 5, 0, 0, 0.29%, 0, 0, 1, 32.10, 2441, 190, 0, 0
81, 18, 1, 5, 0, 0, 0.29%, 0, 0, 1, 31.55, 2602, 190, 0, 0
87, 19, 1, 5, 0, 0, 0.29%, 0, 0, 1, 31.37, 2763, 190, 0, 0
92, 20, 1, 5, 0, 0, 0.29%, 0, 0, 1, 31.19, 2924, 190, 0, 0
97, 21, 1, 5, 0, 0, 0.29%, 0, 0, 1, 31.15, 3085, 190, 0, 0
102, 22, 1, 5, 0, 0, 0.29%, 0, 0, 1, 31.33, 3246, 190, 0, 0
107, 24, 1, 5, 0, 0, 0.29%, 0, 0, 1, 31.25, 3407, 190, 0, 0
112, 25, 1, 5, 0, 0, 0.29%, 0, 0, 1, 31.23, 3568, 190, 0, 0
117, 26, 1, 5, 0, 0, 0.29%, 0, 0, 1, 31.50, 3729, 190, 0, 0
123, 27, 1, 5, 0, 0, 0.29%, 0, 0, 1, 31.67, 3890, 190, 0, 0
128, 28, 1, 5, 0, 0, 0.29%, 0, 0, 1, 32.00, 4051, 190, 0, 0
133, 29, 1, 5, 0, 0, 0.29%, 0, 0, 1, 31.72, 4212, 190, 0, 0
138, 30, 1, 5, 0, 0, 0.29%, 0, 0, 1, 32.01, 4373, 190, 0, 0
143, 32, 1, 5, 0, 0, 0.29%, 0, 0, 1, 31.71, 4534, 190, 0, 0
148, 33, 1, 5, 0, 0, 0.29%, 0, 0, 1, 31.52, 4695, 190, 0, 0
153, 34, 1, 5, 0, 0, 0.29%, 0, 0, 1, 31.55, 4856, 190, 0, 0
158, 35, 1, 5, 0, 0, 0.29%, 0, 0, 1, 31.28, 5017, 190, 0, 0
163, 36, 1, 5, 0, 0, 0.29%, 0, 0, 1, 31.91, 5178, 190, 0, 0
168, 37, 1, 5, 0, 0, 0.29%, 0, 0, 1, 31.92, 5339, 190, 0, 0
173, 39, 1, 5, 0, 0, 0.29%, 0, 0, 1, 31.93, 5500, 190, 0, 0
178, 40, 1, 5, 0, 0, 0.29%, 0, 0, 1, 30.49, 5650, 190, 0, 0
183, 41, 1, 5, 0, 0, 0.29%, 0, 0, 1, 29.74, 5804, 190, 0, 0
189, 42, 1, 5, 0, 0, 0.29%, 0, 0, 1, 31.22, 5965, 190, 0, 0
194, 43, 1, 5, 0, 0, 0.29%, 0, 0, 1, 30.94, 6122, 190, 0, 0
199, 44, 1, 5, 0, 0, 0.29%, 0, 0, 1, 31.25, 6280, 190, 0, 0
204, 45, 1, 5, 0, 0, 0.29%, 0, 0, 1, 30.32, 6436, 190, 0, 0
209, 46, 1, 5, 0, 0, 0.29%, 0, 0, 1, 31.33, 6595, 190, 0, 0
214, 47, 1, 5, 0, 0, 0.29%, 0, 0, 1, 31.16, 6756, 190, 0, 0
219, 49, 1, 5, 0, 0, 0.29%, 0, 0, 1, 31.63, 6917, 190, 0, 0
224, 50, 1, 5, 0, 0, 0.29%, 0, 0, 1, 32.03, 7078, 190, 0, 0
229, 51, 1, 5, 0, 0, 0.29%, 0, 0, 1, 31.65, 7239, 190, 0, 0
234, 52, 1, 5, 0, 0, 0.29%, 0, 0, 1, 31.57, 7400, 190, 0, 0
239, 53, 1, 5, 0, 0, 0.29%, 0, 0, 1, 31.78, 7561, 190, 0, 0
244, 54, 1, 5, 0, 0, 0.29%, 0, 0, 1, 31.51, 7722, 190, 0, 0
249, 56, 1, 5, 0, 0, 0.29%, 0, 0, 1, 31.77, 7883, 190, 0, 0
255, 57, 1, 5, 0, 0, 0.29%, 0, 0, 1, 31.85, 8044, 190, 0, 0
260, 58, 1, 5, 0, 0, 0.29%, 0, 0, 1, 31.17, 8205, 190, 0, 0
265, 59, 1, 5, 0, 0, 0.29%, 0, 0, 1, 31.21, 8366, 190, 0, 0
270, 60, 1, 5, 0, 0, 0.29%, 0, 0, 1, 31.48, 8527, 190, 0, 0
275, 61, 1, 5, 0, 0, 0.29%, 0, 0, 1, 31.38, 8688, 190, 0, 0
280, 62, 1, 5, 0, 0, 0.29%, 0, 0, 1, 31.59, 8849, 190, 0, 0
285, 64, 1, 5, 0, 0, 0.29%, 0, 0, 1, 31.92, 9010, 190, 0, 0
290, 65, 1, 5, 0, 0, 0.29%, 0, 0, 1, 31.34, 9171, 190, 0, 0
295, 66, 1, 5, 0, 0, 0.29%, 0, 0, 1, 31.74, 9332, 190, 0, 0
300, 67, 1, 5, 0, 0, 0.29%, 0, 0, 1, 31.85, 9493, 190, 0, 0
306, 68, 1, 5, 0, 0, 0.29%, 0, 0, 1, 31.37, 9654, 190, 0, 0
311, 69, 1, 5, 0, 0, 0.29%, 0, 0, 1, 31.81, 9815, 190, 0, 0
316, 70, 1, 5, 0, 0, 0.29%, 0, 0, 1, 31.73, 9976, 190, 0, 0
321, 72, 1, 5, 0, 0, 0.29%, 0, 0, 1, 31.74, 10137, 190, 0, 0
326, 73, 1, 5, 0, 0, 0.29%, 0, 0, 1, 31.85, 10298, 190, 0, 0
331, 74, 1, 5, 0, 0, 0.29%, 0, 0, 1, 31.69, 10459, 190, 0, 0
336, 75, 1, 5, 0, 0, 0.29%, 0, 0, 1, 31.88, 10620, 190, 0, 0
341, 76, 1, 5, 0, 0, 0.29%, 0, 0, 1, 31.81, 10781, 190, 0, 0
346, 77, 1, 5, 0, 0, 0.29%, 0, 0, 1, 31.94, 10942, 190, 0, 0
351, 79, 1, 5, 0, 0, 0.29%, 0, 0, 1, 30.53, 11100, 190, 0, 0
356, 80, 1, 5, 0, 0, 0.29%, 0, 0, 1, 31.60, 11261, 190, 0, 0
361, 81, 1, 5, 0, 0, 0.29%, 0, 0, 1, 31.40, 11422, 190, 0, 0
367, 82, 1, 5, 0, 0, 0.29%, 0, 0, 1, 31.61, 11583, 190, 0, 0
372, 83, 1, 5, 0, 0, 0.29%, 0, 0, 1, 31.41, 11744, 190, 0, 0
377, 84, 1, 5, 0, 0, 0.29%, 0, 0, 1, 31.32, 11905, 190, 0, 0
382, 85, 1, 5, 0, 0, 0.29%, 0, 0, 1, 31.66, 12066, 190, 0, 0
387, 87, 1, 5, 0, 0, 0.29%, 0, 0, 1, 31.35, 12227, 190, 0, 0
392, 88, 1, 5, 0, 0, 0.29%, 0, 0, 1, 31.03, 12388, 190, 0, 0
397, 89, 1, 5, 0, 0, 0.29%, 0, 0, 1, 31.27, 12549, 190, 0, 0
403, 90, 1, 5, 0, 0, 0.29%, 0, 0, 1, 31.19, 12710, 190, 0, 0
408, 91, 1, 5, 0, 0, 0.29%, 0, 0, 1, 31.45, 12871, 190, 0, 0
413, 92, 1, 5, 0, 0, 0.29%, 0, 0, 1, 31.63, 13031, 190, 0, 0
418, 93, 1, 5, 0, 0, 0.29%, 0, 0, 1, 31.21, 13192, 190, 0, 0
423, 95, 1, 5, 0, 0, 0.29%, 0, 0, 1, 31.28, 13353, 190, 0, 0
428, 96, 1, 5, 0, 0, 0.29%, 0, 0, 1, 31.35, 13514, 190, 0, 0
433, 97, 1, 5, 0, 0, 0.29%, 0, 0, 1, 31.14, 13675, 190, 0, 0
438, 98, 1, 5, 0, 0, 0.29%, 0, 0, 1, 31.48, 13836, 190, 0, 0
444, 99, 1, 5, 0, 0, 0.29%, 0, 0, 1, 32.09, 14004, 190, 0, 0
449, 100, 1, 5, 0, 0, 0.29%, 0, 0, 1, 31.94, 14165, 190, 0, 0
454, 102, 1, 5, 0, 0, 0.29%, 0, 0, 1, 31.93, 14326, 190, 0, 0
459, 103, 1, 5, 0, 0, 0.29%, 0, 0, 1, 31.54, 14487, 190, 0, 0
464, 104, 1, 5, 0, 0, 0.29%, 0, 0, 1, 31.46, 14648, 190, 0, 0
469, 105, 1, 5, 0, 0, 0.29%, 0, 0, 1, 31.66, 14809, 190, 0, 0
474, 106, 1, 5, 0, 0, 0.29%, 0, 0, 1, 31.73, 14970, 190, 0, 0
479, 107, 1, 5, 0, 0, 0.29%, 0, 0, 1, 31.67, 15131, 190, 0, 0
484, 108, 1, 5, 0, 0, 0.29%, 0, 0, 1, 31.30, 15295, 190, 0, 0
490, 110, 1, 5, 0, 0, 0.29%, 0, 0, 1, 30.74, 15455, 190, 0, 0
495, 111, 1, 5, 0, 0, 0.29%, 0, 0, 1, 31.35, 15616, 190, 0, 0
500, 112, 1, 5, 0, 0, 0.29%, 0, 0, 1, 31.29, 15775, 190, 0, 0
505, 113, 1, 5, 0, 0, 0.29%, 0, 0, 1, 31.38, 15936, 190, 0, 0
510, 114, 1, 5, 0, 0, 0.29%, 0, 0, 1, 30.82, 16090, 190, 0, 0
515, 115, 1, 5, 0, 0, 0.29%, 0, 0, 1, 31.36, 16248, 190, 0, 0
520, 116, 1, 5, 0, 0, 0.29%, 0, 0, 1, 31.58, 16409, 190, 0, 0
525, 118, 1, 5, 0, 0, 0.29%, 0, 0, 1, 31.58, 16570, 190, 0, 0
530, 119, 1, 5, 0, 0, 0.29%, 0, 0, 1, 31.34, 16731, 190, 0, 0
536, 120, 1, 5, 0, 0, 0.29%, 0, 0, 1, 31.52, 16892, 190, 0, 0
541, 121, 1, 5, 0, 0, 0.29%, 0, 0, 1, 31.55, 17053, 190, 0, 0
546, 122, 1, 5, 0, 0, 0.29%, 0, 0, 1, 31.48, 17214, 190, 0, 0
551, 123, 1, 5, 0, 0, 0.29%, 0, 0, 1, 30.99, 17371, 190, 0, 0
556, 124, 1, 5, 0, 0, 0.29%, 0, 0, 1, 30.30, 17524, 190, 0, 0
561, 126, 1, 5, 0, 0, 0.29%, 0, 0, 1, 31.47, 17685, 190, 0, 0
566, 127, 1, 5, 0, 0, 0.29%, 0, 0, 1, 30.07, 17840, 190, 0, 0
571, 128, 1, 5, 0, 0, 0.29%, 0, 0, 1, 31.16, 18001, 190, 0, 0
576, 129, 1, 5, 0, 0, 0.29%, 0, 0, 1, 31.14, 18162, 190, 0, 0
581, 130, 1, 5, 0, 0, 0.29%, 0, 0, 1, 31.50, 18323, 190, 0, 0
587, 131, 1, 5, 0, 0, 0.29%, 0, 0, 1, 31.44, 18482, 190, 0, 0
592, 132, 1, 5, 0, 0, 0.29%, 0, 0, 1, 31.68, 18642, 190, 0, 0
597, 134, 1, 5, 0, 0, 0.29%, 0, 0, 1, 31.26, 18802, 190, 0, 0
602, 135, 1, 5, 0, 0, 0.29%, 0, 0, 1, 31.21, 18963, 190, 0, 0
607, 136, 1, 5, 0, 0, 0.29%, 0, 0, 1, 31.68, 19124, 190, 0, 0
612, 137, 1, 5, 0, 0, 0.29%, 0, 0, 1, 31.94, 19285, 190, 0, 0
617, 138, 1, 5, 0, 0, 0.29%, 0, 0, 1, 31.75, 19446, 190, 0, 0
622, 139, 1, 5, 0, 0, 0.29%, 0, 0, 1, 31.22, 19606, 190, 0, 0
627, 140, 1, 5, 0, 0, 0.29%, 0, 0, 1, 31.32, 19767, 190, 0, 0
632, 142, 1, 5, 0, 0, 0.29%, 0, 0, 1, 31.75, 19928, 190, 0, 0
638, 143, 1, 5, 0, 0, 0.29%, 0, 0, 1, 31.62, 20089, 190, 0, 0
643, 144, 1, 5, 0, 0, 0.29%, 0, 0, 1, 31.66, 20250, 190, 0, 0
648, 145, 1, 5, 0, 0, 0.29%, 0, 0, 1, 31.56, 20411, 190, 0, 0
653, 146, 1, 5, 0, 0, 0.29%, 0, 0, 1, 31.46, 20572, 190, 0, 0
658, 147, 1, 5, 0, 0, 0.29%, 0, 0, 1, 31.50, 20733, 190, 0, 0
663, 148, 1, 5, 0, 0, 0.29%, 0, 0, 1, 31.18, 20894, 190, 0, 0
668, 150, 1, 5, 0, 0, 0.29%, 0, 0, 1, 31.39, 21055, 190, 0, 0
673, 151, 1, 5, 0, 0, 0.29%, 0, 0, 1, 31.18, 21216, 190, 0, 0
678, 152, 1, 5, 0, 0, 0.29%, 0, 0, 1, 31.55, 21377, 190, 0, 0
684, 153, 1, 5, 0, 0, 0.29%, 0, 0, 1, 31.51, 21538, 190, 0, 0
689, 154, 1, 5, 0, 0, 0.29%, 0, 0, 1, 31.34, 21699, 190, 0, 0
694, 155, 1, 5, 0, 0, 0.29%, 0, 0, 1, 31.40, 21860, 190, 0, 0
699, 157, 1, 5, 0, 0, 0.29%, 0, 0, 1, 31.80, 22021, 190, 0, 0
704, 158, 1, 5, 0, 0, 0.29%, 0, 0, 1, 31.75, 22182, 190, 0, 0
709, 159, 1, 5, 0, 0, 0.29%, 0, 0, 1, 29.86, 22334, 190, 0, 0
714, 160, 1, 5, 0, 0, 0.29%, 0, 0, 1, 31.20, 22492, 190, 0, 0
719, 161, 1, 5, 0, 0, 0.29%, 0, 0, 1, 31.53, 22653, 190, 0, 0
724, 162, 1, 5, 0, 0, 0.29%, 0, 0, 1, 31.55, 22813, 190, 0, 0
729, 163, 1, 5, 0, 0, 0.29%, 0, 0, 1, 31.33, 22974, 190, 0, 0
734, 164, 1, 5, 0, 0, 0.29%, 0, 0, 1, 31.74, 23135, 190, 0, 0
740, 166, 1, 5, 0, 0, 0.29%, 0, 0, 1, 31.39, 23295, 190, 0, 0
745, 167, 1, 5, 0, 0, 0.29%, 0, 0, 1, 31.21, 23454, 190, 0, 0
750, 168, 1, 5, 0, 0, 0.29%, 0, 0, 1, 30.97, 23613, 190, 0, 0
755, 169, 1, 5, 0, 0, 0.29%, 0, 0, 1, 31.44, 23772, 190, 0, 0
760, 170, 1, 5, 0, 0, 0.29%, 0, 0, 1, 31.29, 23932, 190, 0, 0
765, 171, 1, 5, 0, 0, 0.29%, 0, 0, 1, 31.67, 24093, 190, 0, 0
770, 172, 1, 5, 0, 0, 0.29%, 0, 0, 1, 31.88, 24253, 190, 0, 0
775, 174, 1, 5, 0, 0, 0.29%, 0, 0, 1, 31.76, 24414, 190, 0, 0
780, 175, 1, 5, 0, 0, 0.29%, 0, 0, 1, 31.85, 24575, 190, 0, 0
785, 176, 1, 5, 0, 0, 0.29%, 0, 0, 1, 31.54, 24736, 190, 0, 0
790, 177, 1, 5, 0, 0, 0.29%, 0, 0, 1, 31.77, 24897, 190, 0, 0
796, 178, 1, 5, 0, 0, 0.29%, 0, 0, 1, 31.46, 25058, 190, 0, 0
801, 179, 1, 5, 0, 0, 0.29%, 0, 0, 1, 30.79, 25215, 190, 0, 0
806, 180, 1, 5, 0, 0, 0.29%, 0, 0, 1, 31.16, 25376, 190, 0, 0
811, 182, 1, 5, 0, 0, 0.29%, 0, 0, 1, 31.17, 25537, 190, 0, 0
816, 183, 1, 5, 0, 0, 0.29%, 0, 0, 1, 31.68, 25698, 190, 0, 0
821, 184, 1, 5, 0, 0, 0.29%, 0, 0, 1, 31.53, 25859, 190, 0, 0
826, 185, 1, 5, 0, 0, 0.29%, 0, 0, 1, 31.87, 26020, 190, 0, 0
831, 186, 1, 5, 0, 0, 0.29%, 0, 0, 1, 31.68, 26181, 190, 0, 0
836, 187, 1, 5, 0, 0, 0.29%, 0, 0, 1, 31.59, 26342, 190, 0, 0
841, 189, 1, 5, 0, 0, 0.29%, 0, 0, 1, 31.58, 26503, 190, 0, 0
847, 190, 1, 5, 0, 0, 0.29%, 0, 0, 1, 32.06, 26670, 190, 0, 0
852, 191, 1, 5, 0, 0, 0.29%, 0, 0, 1, 31.77, 26831, 190, 0, 0
857, 192, 1, 5, 0, 0, 0.29%, 0, 0, 1, 31.03, 26988, 190, 0, 0
862, 193, 1, 5, 0, 0, 0.29%, 0, 0, 1, 31.51, 27148, 190, 0, 0
867, 194, 1, 5, 0, 0, 0.29%, 0, 0, 1, 31.43, 27309, 190, 0, 0
872, 195, 1, 5, 0, 0, 0.29%, 0, 0, 1, 31.51, 27467, 190, 0, 0
877, 197, 1, 5, 0, 0, 0.29%, 0, 0, 1, 31.67, 27628, 190, 0, 0
882, 198, 1, 5, 0, 0, 0.29%, 0, 0, 1, 31.90, 27789, 190, 0, 0
887, 199, 1, 5, 0, 0, 0.29%, 0, 0, 1, 31.30, 27949, 190, 0, 0
892, 200, 1, 5, 0, 0, 0.29%, 0, 0, 1, 30.59, 28103, 190, 0, 0
897, 201, 1, 5, 0, 0, 0.29%, 0, 0, 1, 30.20, 28253, 190, 0, 0
