# relative_time, cycles_done, cur_item, corpus_count, pending_total, pending_favs, map_size, saved_crashes, saved_hangs, max_depth, execs_per_sec, total_execs, edges_found, total_crashes, servers_count
61, 17, 0, 5, 0, 0, 0.08%, 0, 0, 1, 39.00, 2531, 52, 0, 0
66, 19, 1, 5, 0, 0, 0.08%, 0, 0, 1, 39.00, 2731, 52, 0, 0
71, 20, 1, 5, 0, 0, 0.08%, 0, 0, 1, 39.35, 2932, 52, 0, 0
77, 22, 0, 5, 0, 0, 0.08%, 0, 0, 1, 40.80, 3139, 52, 0, 0
82, 23, 1, 5, 0, 0, 0.08%, 0, 0, 1, 41.12, 3346, 52, 0, 0
87, 25, 1, 5, 0, 0, 0.08%, 0, 0, 1, 41.16, 3553, 52, 0, 0
92, 26, 1, 5, 0, 0, 0.08%, 0, 0, 1, 41.15, 3760, 52, 0, 0
97, 28, 1, 5, 0, 0, 0.08%, 0, 0, 1, 41.10, 3967, 52, 0, 0
102, 29, 1, 5, 0, 0, 0.08%, 0, 0, 1, 41.18, 4173, 52, 0, 0
107, 30, 0, 5, 0, 0, 0.08%, 0, 0, 1, 41.12, 4380, 52, 0, 0
112, 32, 1, 5, 0, 0, 0.08%, 0, 0, 1, 41.06, 4587, 52, 0, 0
117, 33, 1, 5, 0, 0, 0.08%, 0, 0, 1, 41.08, 4794, 52, 0, 0
122, 35, 1, 5, 0, 0, 0.08%, 0, 0, 1, 41.15, 5000, 52, 0, 0
127, 36, 1, 5, 0, 0, 0.08%, 0, 0, 1, 41.04, 5206, 52, 0, 0
132, 38, 1, 5, 0, 0, 0.08%, 0, 0, 1, 41.18, 5413, 52, 0, 0
137, 39, 1, 5, 0, 0, 0.08%, 0, 0, 1, 42.03, 5629, 52, 0, 0
142, 41, 1, 5, 0, 0, 0.08%, 0, 0, 1, 42.16, 5845, 52, 0, 0
147, 42, 1, 5, 0, 0, 0.08%, 0, 0, 1, 42.25, 6061, 52, 0, 0
152, 44, 1, 5, 0, 0, 0.08%, 0, 0, 1, 42.32, 6277, 52, 0, 0
157, 46, 1, 5, 0, 0, 0.08%, 0, 0, 1, 41.77, 6492, 52, 0, 0
162, 47, 1, 5, 0, 0, 0.08%, 0, 0, 1, 41.47, 6699, 52, 0, 0
168, 49, 1, 5, 0, 0, 0.08%, 0, 0, 1, 41.49, 6915, 52, 0, 0
173, 50, 1, 5, 0, 0, 0.08%, 0, 0, 1, 41.40, 7122, 52, 0, 0
178, 52, 1, 5, 0, 0, 0.08%, 0, 0, 1, 41.41, 7329, 52, 0, 0
183, 53, 1, 5, 0, 0, 0.08%, 0, 0, 1, 41.41, 7545, 52, 0, 0
188, 55, 1, 5, 0, 0, 0.08%, 0, 0, 1, 41.33, 7760, 52, 0, 0
193, 56, 0, 5, 0, 0, 0.08%, 0, 0, 1, 41.44, 7976, 52, 0, 0
198, 58, 1, 5, 0, 0, 0.08%, 0, 0, 1, 41.33, 8183, 52, 0, 0
203, 59, 1, 5, 0, 0, 0.08%, 0, 0, 1, 41.35, 8390, 52, 0, 0
208, 61, 1, 5, 0, 0, 0.08%, 0, 0, 1, 42.33, 8606, 52, 0, 0
213, 62, 1, 5, 0, 0, 0.08%, 0, 0, 1, 42.45, 8822, 52, 0, 0
218, 64, 1, 5, 0, 0, 0.08%, 0, 0, 1, 42.51, 9038, 52, 0, 0
224, 65, 1, 5, 0, 0, 0.08%, 0, 0, 1, 42.55, 9254, 52, 0, 0
229, 67, 0, 5, 0, 0, 0.08%, 0, 0, 1, 42.55, 9470, 52, 0, 0
234, 68, 1, 5, 0, 0, 0.08%, 0, 0, 1, 42.41, 9686, 52, 0, 0
239, 70, 1, 5, 0, 0, 0.08%, 0, 0, 1, 42.37, 9902, 52, 0, 0
244, 71, 1, 5, 0, 0, 0.08%, 0, 0, 1, 42.29, 10118, 52, 0, 0
249, 73, 0, 5, 0, 0, 0.08%, 0, 0, 1, 41.91, 10333, 52, 0, 0
254, 75, 1, 5, 0, 0, 0.08%, 0, 0, 1, 42.23, 10549, 52, 0, 0
259, 76, 1, 5, 0, 0, 0.08%, 0, 0, 1, 42.32, 10765, 52, 0, 0
264, 78, 1, 5, 0, 0, 0.08%, 0, 0, 1, 42.33, 10981, 52, 0, 0
270, 79, 1, 5, 0, 0, 0.08%, 0, 0, 1, 42.27, 11197, 52, 0, 0
275, 81, 1, 5, 0, 0, 0.08%, 0, 0, 1, 42.21, 11413, 52, 0, 0
280, 82, 1, 5, 0, 0, 0.08%, 0, 0, 1, 42.32, 11629, 52, 0, 0
285, 84, 0, 5, 0, 0, 0.08%, 0, 0, 1, 42.35, 11845, 52, 0, 0
290, 85, 1, 5, 0, 0, 0.08%, 0, 0, 1, 42.37, 12061, 52, 0, 0
295, 87, 1, 5, 0, 0, 0.08%, 0, 0, 1, 42.37, 12277, 52, 0, 0
300, 88, 1, 5, 0, 0, 0.08%, 0, 0, 1, 42.36, 12493, 52, 0, 0
305, 90, 1, 5, 0, 0, 0.08%, 0, 0, 1, 42.31, 12709, 52, 0, 0
310, 91, 1, 5, 0, 0, 0.08%, 0, 0, 1, 41.42, 12916, 52, 0, 0
315, 93, 1, 5, 0, 0, 0.08%, 0, 0, 1, 41.16, 13123, 52, 0, 0
320, 94, 1, 5, 0, 0, 0.08%, 0, 0, 1, 41.08, 13330, 52, 0, 0
325, 96, 1, 5, 0, 0, 0.08%, 0, 0, 1, 41.17, 13537, 52, 0, 0
331, 97, 1, 5, 0, 0, 0.08%, 0, 0, 1, 41.84, 13753, 52, 0, 0
336, 99, 1, 5, 0, 0, 0.08%, 0, 0, 1, 41.14, 13960, 52, 0, 0
341, 100, 0, 5, 0, 0, 0.08%, 0, 0, 1, 41.03, 14167, 52, 0, 0
346, 102, 1, 5, 0, 0, 0.08%, 0, 0, 1, 41.04, 14374, 52, 0, 0
351, 103, 1, 5, 0, 0, 0.08%, 0, 0, 1, 41.77, 14590, 52, 0, 0
356, 105, 1, 5, 0, 0, 0.08%, 0, 0, 1, 41.52, 14806, 52, 0, 0
361, 106, 1, 5, 0, 0, 0.08%, 0, 0, 1, 41.53, 15022, 52, 0, 0
366, 108, 1, 5, 0, 0, 0.08%, 0, 0, 1, 41.76, 15238, 52, 0, 0
372, 110, 1, 5, 0, 0, 0.08%, 0, 0, 1, 41.93, 15454, 52, 0, 0
377, 111, 1, 5, 0, 0, 0.08%, 0, 0, 1, 41.35, 15661, 52, 0, 0
382, 113, 1, 5, 0, 0, 0.08%, 0, 0, 1, 41.30, 15876, 52, 0, 0
387, 114, 1, 5, 0, 0, 0.08%, 0, 0, 1, 41.27, 16083, 52, 0, 0
392, 116, 0, 5, 0, 0, 0.08%, 0, 0, 1, 41.30, 16290, 52, 0, 0
397, 117, 1, 5, 0, 0, 0.08%, 0, 0, 1, 41.18, 16497, 52, 0, 0
402, 119, 1, 5, 0, 0, 0.08%, 0, 0, 1, 41.49, 16713, 52, 0, 0
407, 120, 1, 5, 0, 0, 0.08%, 0, 0, 1, 41.18, 16920, 52, 0, 0
412, 122, 1, 5, 0, 0, 0.08%, 0, 0, 1, 41.10, 17127, 52, 0, 0
417, 123, 1, 5, 0, 0, 0.08%, 0, 0, 1, 41.07, 17334, 52, 0, 0
422, 125, 0, 5, 0, 0, 0.08%, 0, 0, 1, 41.99, 17550, 52, 0, 0
427, 126, 1, 5, 0, 0, 0.08%, 0, 0, 1, 42.19, 17766, 52, 0, 0
433, 128, 1, 5, 0, 0, 0.08%, 0, 0, 1, 42.29, 17982, 52, 0, 0
438, 129, 1, 5, 0, 0, 0.08%, 0, 0, 1, 42.17, 18198, 52, 0, 0
443, 131, 1, 5, 0, 0, 0.08%, 0, 0, 1, 41.32, 18405, 52, 0, 0
448, 132, 1, 5, 0, 0, 0.08%, 0, 0, 1, 41.16, 18612, 52, 0, 0
453, 134, 1, 5, 0, 0, 0.08%, 0, 0, 1, 41.15, 18819, 52, 0, 0
458, 135, 1, 5, 0, 0, 0.08%, 0, 0, 1, 41.33, 19026, 52, 0, 0
463, 137, 1, 5, 0, 0, 0.08%, 0, 0, 1, 41.43, 19242, 52, 0, 0
468, 138, 1, 5, 0, 0, 0.08%, 0, 0, 1, 41.39, 19449, 52, 0, 0
473, 140, 1, 5, 0, 0, 0.08%, 0, 0, 1, 41.30, 19656, 52, 0, 0
478, 141, 1, 5, 0, 0, 0.08%, 0, 0, 1, 41.29, 19863, 52, 0, 0
483, 143, 1, 5, 0, 0, 0.08%, 0, 0, 1, 40.92, 20069, 52, 0, 0
488, 144, 1, 5, 0, 0, 0.08%, 0, 0, 1, 41.31, 20284, 52, 0, 0
493, 146, 0, 5, 0, 0, 0.08%, 0, 0, 1, 41.19, 20491, 52, 0, 0
498, 147, 0, 5, 0, 0, 0.08%, 0, 0, 1, 41.17, 20698, 52, 0, 0
503, 149, 1, 5, 0, 0, 0.08%, 0, 0, 1, 41.13, 20905, 52, 0, 0
508, 150, 1, 5, 0, 0, 0.08%, 0, 0, 1, 41.24, 21112, 52, 0, 0
513, 151, 1, 5, 0, 0, 0.08%, 0, 0, 1, 41.36, 21319, 52, 0, 0
519, 153, 1, 5, 0, 0, 0.08%, 0, 0, 1, 41.06, 21533, 52, 0, 0
524, 154, 0, 5, 0, 0, 0.08%, 0, 0, 1, 41.31, 21740, 52, 0, 0
529, 156, 1, 5, 0, 0, 0.08%, 0, 0, 1, 41.34, 21947, 52, 0, 0
534, 157, 1, 5, 0, 0, 0.08%, 0, 0, 1, 41.26, 22154, 52, 0, 0
539, 159, 1, 5, 0, 0, 0.08%, 0, 0, 1, 41.38, 22370, 52, 0, 0
544, 160, 0, 5, 0, 0, 0.08%, 0, 0, 1, 41.30, 22577, 52, 0, 0
549, 162, 1, 5, 0, 0, 0.08%, 0, 0, 1, 40.86, 22784, 52, 0, 0
554, 163, 1, 5, 0, 0, 0.08%, 0, 0, 1, 40.54, 22989, 52, 0, 0
559, 165, 1, 5, 0, 0, 0.08%, 0, 0, 1, 40.50, 23196, 52, 0, 0
564, 166, 1, 5, 0, 0, 0.08%, 0, 0, 1, 40.45, 23402, 52, 0, 0
569, 168, 1, 5, 0, 0, 0.08%, 0, 0, 1, 40.44, 23607, 52, 0, 0
574, 169, 1, 5, 0, 0, 0.08%, 0, 0, 1, 40.69, 23814, 52, 0, 0
579, 171, 1, 5, 0, 0, 0.08%, 0, 0, 1, 41.93, 24030, 52, 0, 0
585, 172, 0, 5, 0, 0, 0.08%, 0, 0, 1, 42.33, 24246, 52, 0, 0
590, 174, 1, 5, 0, 0, 0.08%, 0, 0, 1, 42.39, 24462, 52, 0, 0
595, 175, 0, 5, 0, 0, 0.08%, 0, 0, 1, 42.00, 24677, 52, 0, 0
600, 177, 1, 5, 0, 0, 0.08%, 0, 0, 1, 40.87, 24883, 52, 0, 0
605, 178, 1, 5, 0, 0, 0.08%, 0, 0, 1, 40.74, 25088, 52, 0, 0
610, 180, 0, 5, 0, 0, 0.08%, 0, 0, 1, 41.17, 25295, 52, 0, 0
615, 181, 1, 5, 0, 0, 0.08%, 0, 0, 1, 41.35, 25511, 52, 0, 0
620, 183, 1, 5, 0, 0, 0.08%, 0, 0, 1, 41.42, 25727, 52, 0, 0
625, 185, 1, 5, 0, 0, 0.08%, 0, 0, 1, 41.49, 25943, 52, 0, 0
631, 186, 1, 5, 0, 0, 0.08%, 0, 0, 1, 41.45, 26159, 52, 0, 0
636, 188, 0, 5, 0, 0, 0.08%, 0, 0, 1, 41.53, 26375, 52, 0, 0
641, 189, 1, 5, 0, 0, 0.08%, 0, 0, 1, 41.55, 26591, 52, 0, 0
646, 191, 0, 5, 0, 0, 0.08%, 0, 0, 1, 41.70, 26807, 52, 0, 0
651, 192, 1, 5, 0, 0, 0.08%, 0, 0, 1, 42.07, 27023, 52, 0, 0
657, 194, 1, 5, 0, 0, 0.08%, 0, 0, 1, 42.16, 27239, 52, 0, 0
662, 195, 0, 5, 0, 0, 0.08%, 0, 0, 1, 42.11, 27455, 52, 0, 0
667, 197, 1, 5, 0, 0, 0.08%, 0, 0, 1, 42.16, 27671, 52, 0, 0
672, 198, 1, 5, 0, 0, 0.08%, 0, 0, 1, 42.26, 27887, 52, 0, 0
677, 200, 1, 5, 0, 0, 0.08%, 0, 0, 1, 42.36, 28103, 52, 0, 0
682, 201, 1, 5, 0, 0, 0.08%, 0, 0, 1, 42.30, 28319, 52, 0, 0
687, 203, 1, 5, 0, 0, 0.08%, 0, 0, 1, 42.29, 28535, 52, 0, 0
692, 205, 1, 5, 0, 0, 0.08%, 0, 0, 1, 42.25, 28751, 52, 0, 0
697, 206, 1, 5, 0, 0, 0.08%, 0, 0, 1, 42.03, 28967, 52, 0, 0
703, 208, 1, 5, 0, 0, 0.08%, 0, 0, 1, 41.88, 29181, 52, 0, 0
708, 209, 1, 5, 0, 0, 0.08%, 0, 0, 1, 41.93, 29397, 52, 0, 0
713, 211, 1, 5, 0, 0, 0.08%, 0, 0, 1, 41.94, 29613, 52, 0, 0
718, 212, 1, 5, 0, 0, 0.08%, 0, 0, 1, 42.06, 29829, 52, 0, 0
723, 214, 0, 5, 0, 0, 0.08%, 0, 0, 1, 42.15, 30045, 52, 0, 0
728, 215, 0, 5, 0, 0, 0.08%, 0, 0, 1, 41.71, 30261, 52, 0, 0
733, 217, 1, 5, 0, 0, 0.08%, 0, 0, 1, 41.43, 30468, 52, 0, 0
739, 218, 1, 5, 0, 0, 0.08%, 0, 0, 1, 41.69, 30684, 52, 0, 0
744, 220, 1, 5, 0, 0, 0.08%, 0, 0, 1, 42.10, 30900, 52, 0, 0
749, 221, 1, 5, 0, 0, 0.08%, 0, 0, 1, 42.27, 31116, 52, 0, 0
754, 223, 1, 5, 0, 0, 0.08%, 0, 0, 1, 42.35, 31332, 52, 0, 0
759, 225, 1, 5, 0, 0, 0.08%, 0, 0, 1, 42.15, 31548, 52, 0, 0
764, 226, 1, 5, 0, 0, 0.08%, 0, 0, 1, 41.75, 31764, 52, 0, 0
769, 228, 1, 5, 0, 0, 0.08%, 0, 0, 1, 41.15, 31971, 52, 0, 0
774, 229, 1, 5, 0, 0, 0.08%, 0, 0, 1, 41.05, 32177, 52, 0, 0
779, 231, 1, 5, 0, 0, 0.08%, 0, 0, 1, 41.03, 32384, 52, 0, 0
784, 232, 1, 5, 0, 0, 0.08%, 0, 0, 1, 41.03, 32591, 52, 0, 0
789, 233, 0, 5, 0, 0, 0.08%, 0, 0, 1, 41.14, 32798, 52, 0, 0
794, 235, 1, 5, 0, 0, 0.08%, 0, 0, 1, 41.25, 33005, 52, 0, 0
799, 236, 0, 5, 0, 0, 0.08%, 0, 0, 1, 41.28, 33212, 52, 0, 0
804, 238, 0, 5, 0, 0, 0.08%, 0, 0, 1, 41.34, 33419, 52, 0, 0
809, 239, 1, 5, 0, 0, 0.08%, 0, 0, 1, 41.33, 33626, 52, 0, 0
814, 241, 1, 5, 0, 0, 0.08%, 0, 0, 1, 40.43, 33833, 52, 0, 0
820, 242, 0, 5, 0, 0, 0.08%, 0, 0, 1, 40.23, 34038, 52, 0, 0
825, 244, 1, 5, 0, 0, 0.08%, 0, 0, 1, 41.73, 34254, 52, 0, 0
830, 245, 1, 5, 0, 0, 0.08%, 0, 0, 1, 42.17, 34470, 52, 0, 0
835, 247, 1, 5, 0, 0, 0.08%, 0, 0, 1, 42.20, 34686, 52, 0, 0
840, 248, 1, 5, 0, 0, 0.08%, 0, 0, 1, 42.30, 34902, 52, 0, 0
845, 250, 1, 5, 0, 0, 0.08%, 0, 0, 1, 41.38, 35117, 52, 0, 0
850, 252, 0, 5, 0, 0, 0.08%, 0, 0, 1, 41.29, 35324, 52, 0, 0
856, 253, 0, 5, 0, 0, 0.08%, 0, 0, 1, 41.78, 35540, 52, 0, 0
861, 255, 1, 5, 0, 0, 0.08%, 0, 0, 1, 42.35, 35756, 52, 0, 0
866, 256, 1, 5, 0, 0, 0.08%, 0, 0, 1, 42.41, 35972, 52, 0, 0
871, 258, 1, 5, 0, 0, 0.08%, 0, 0, 1, 42.38, 36188, 52, 0, 0
876, 259, 0, 5, 0, 0, 0.08%, 0, 0, 1, 41.90, 36404, 52, 0, 0
881, 261, 1, 5, 0, 0, 0.08%, 0, 0, 1, 41.36, 36610, 52, 0, 0
886, 262, 1, 5, 0, 0, 0.08%, 0, 0, 1, 41.26, 36817, 52, 0, 0
891, 264, 1, 5, 0, 0, 0.08%, 0, 0, 1, 41.31, 37024, 52, 0, 0
896, 265, 1, 5, 0, 0, 0.08%, 0, 0, 1, 41.23, 37231, 52, 0, 0
897, 266, 1, 5, 0, 0, 0.08%, 0, 0, 1, 0.00, 37284, 52, 0, 0
