# relative_time, cycles_done, cur_item, corpus_count, pending_total, pending_favs, map_size, saved_crashes, saved_hangs, max_depth, execs_per_sec, total_execs, edges_found, total_crashes, servers_count
60, 10, 1, 5, 0, 0, 0.02%, 1, 0, 1, 60.06, 3701, 12, 3, 0
65, 11, 1, 5, 0, 0, 0.02%, 1, 0, 1, 61.27, 4010, 12, 3, 0
71, 12, 1, 5, 0, 0, 0.02%, 1, 0, 1, 57.98, 4294, 12, 6, 0
76, 12, 1, 5, 0, 0, 0.02%, 1, 0, 1, 61.07, 4587, 12, 8, 0
81, 13, 1, 5, 0, 0, 0.02%, 1, 0, 1, 62.84, 4900, 12, 9, 0
86, 14, 1, 5, 0, 0, 0.02%, 1, 0, 1, 61.99, 5214, 12, 9, 0
91, 15, 1, 5, 0, 0, 0.02%, 1, 0, 1, 58.51, 5485, 12, 12, 0
96, 16, 1, 5, 0, 0, 0.02%, 1, 0, 1, 60.60, 5796, 12, 12, 0
101, 17, 1, 5, 0, 0, 0.02%, 1, 0, 1, 59.98, 6087, 12, 13, 0
106, 18, 1, 5, 0, 0, 0.02%, 1, 0, 1, 59.04, 6384, 12, 14, 0
111, 18, 1, 5, 0, 0, 0.02%, 1, 0, 1, 57.73, 6674, 12, 16, 0
116, 19, 1, 5, 0, 0, 0.02%, 1, 0, 1, 60.29, 6985, 12, 16, 0
121, 20, 1, 5, 0, 0, 0.02%, 1, 0, 1, 60.95, 7284, 12, 17, 0
126, 21, 1, 5, 0, 0, 0.02%, 1, 0, 1, 62.66, 7603, 12, 17, 0
132, 22, 1, 5, 0, 0, 0.02%, 1, 0, 1, 62.16, 7919, 12, 18, 0
137, 23, 1, 5, 0, 0, 0.02%, 1, 0, 1, 63.76, 8244, 12, 18, 0
142, 24, 1, 5, 0, 0, 0.02%, 1, 0, 1, 63.95, 8569, 12, 18, 0
147, 25, 1, 5, 0, 0, 0.02%, 1, 0, 1, 63.87, 8884, 12, 19, 0
152, 26, 1, 5, 0, 0, 0.02%, 1, 0, 1, 64.63, 9200, 12, 20, 0
157, 27, 1, 5, 0, 0, 0.02%, 1, 0, 1, 64.86, 9528, 12, 20, 0
162, 27, 1, 5, 0, 0, 0.02%, 1, 0, 1, 60.61, 9831, 12, 20, 0
167, 28, 1, 5, 0, 0, 0.02%, 1, 0, 1, 57.85, 10119, 12, 21, 0
172, 29, 1, 5, 0, 0, 0.02%, 1, 0, 1, 59.96, 10415, 12, 22, 0
177, 30, 1, 5, 0, 0, 0.02%, 1, 0, 1, 61.90, 10730, 12, 23, 0
182, 31, 1, 5, 0, 0, 0.02%, 1, 0, 1, 60.39, 11031, 12, 23, 0
187, 32, 1, 5, 0, 0, 0.02%, 1, 0, 1, 59.96, 11319, 12, 24, 0
192, 33, 1, 5, 0, 0, 0.02%, 1, 0, 1, 59.96, 11626, 12, 24, 0
197, 33, 1, 5, 0, 0, 0.02%, 1, 0, 1, 59.41, 11914, 12, 25, 0
202, 34, 1, 5, 0, 0, 0.02%, 1, 0, 1, 59.58, 12218, 12, 25, 0
208, 35, 1, 5, 0, 0, 0.02%, 1, 0, 1, 61.03, 12514, 12, 26, 0
213, 36, 1, 5, 0, 0, 0.02%, 1, 0, 1, 64.40, 12803, 12, 28, 0
218, 37, 1, 5, 0, 0, 0.02%, 1, 0, 1, 64.26, 13117, 12, 29, 0
223, 38, 1, 5, 0, 0, 0.02%, 1, 0, 1, 64.80, 13448, 12, 29, 0
228, 39, 1, 5, 0, 0, 0.02%, 1, 0, 1, 64.17, 13763, 12, 30, 0
233, 40, 1, 5, 0, 0, 0.02%, 1, 0, 1, 62.09, 14071, 12, 31, 0
238, 40, 1, 5, 0, 0, 0.02%, 1, 0, 1, 59.29, 14342, 12, 34, 0
243, 41, 1, 5, 0, 0, 0.02%, 1, 0, 1, 61.52, 14652, 12, 35, 0
248, 42, 1, 5, 0, 0, 0.02%, 1, 0, 1, 63.23, 14965, 12, 36, 0
253, 43, 1, 5, 0, 0, 0.02%, 1, 0, 1, 64.78, 15284, 12, 37, 0
258, 44, 1, 5, 0, 0, 0.02%, 1, 0, 1, 64.13, 15614, 12, 37, 0
263, 45, 1, 5, 0, 0, 0.02%, 1, 0, 1, 64.81, 15946, 12, 37, 0
269, 46, 1, 5, 0, 0, 0.02%, 1, 0, 1, 60.80, 16253, 12, 40, 0
274, 47, 1, 5, 0, 0, 0.02%, 1, 0, 1, 61.28, 16558, 12, 42, 0
279, 48, 1, 5, 0, 0, 0.02%, 1, 0, 1, 65.00, 16859, 12, 44, 0
284, 48, 1, 5, 0, 0, 0.02%, 1, 0, 1, 64.72, 17184, 12, 44, 0
289, 49, 1, 5, 0, 0, 0.02%, 1, 0, 1, 63.78, 17504, 12, 45, 0
294, 50, 1, 5, 0, 0, 0.02%, 1, 0, 1, 64.38, 17829, 12, 45, 0
299, 51, 1, 5, 0, 0, 0.02%, 1, 0, 1, 60.92, 18130, 12, 46, 0
304, 52, 1, 5, 0, 0, 0.02%, 1, 0, 1, 47.16, 18366, 12, 47, 0
309, 53, 1, 5, 0, 0, 0.02%, 1, 0, 1, 56.39, 18643, 12, 48, 0
314, 54, 1, 5, 0, 0, 0.02%, 1, 0, 1, 60.78, 18955, 12, 48, 0
320, 54, 1, 5, 0, 0, 0.02%, 1, 0, 1, 63.03, 19280, 12, 48, 0
325, 55, 1, 5, 0, 0, 0.02%, 1, 0, 1, 64.85, 19599, 12, 49, 0
330, 56, 1, 5, 0, 0, 0.02%, 1, 0, 1, 64.86, 19927, 12, 49, 0
335, 57, 1, 5, 0, 0, 0.02%, 1, 0, 1, 65.21, 20265, 12, 49, 0
340, 58, 1, 5, 0, 0, 0.02%, 1, 0, 1, 64.69, 20581, 12, 50, 0
345, 59, 1, 5, 0, 0, 0.02%, 1, 0, 1, 65.18, 20912, 12, 50, 0
350, 60, 1, 5, 0, 0, 0.02%, 1, 0, 1, 61.42, 21216, 12, 52, 0
355, 61, 1, 5, 0, 0, 0.02%, 1, 0, 1, 59.37, 21519, 12, 53, 0
360, 62, 1, 5, 0, 0, 0.02%, 1, 0, 1, 61.16, 21827, 12, 54, 0
366, 63, 1, 5, 0, 0, 0.02%, 1, 0, 1, 56.97, 22092, 12, 56, 0
371, 63, 1, 5, 0, 0, 0.02%, 1, 0, 1, 62.44, 22411, 12, 56, 0
376, 64, 1, 5, 0, 0, 0.02%, 1, 0, 1, 64.83, 22743, 12, 56, 0
381, 65, 1, 5, 0, 0, 0.02%, 1, 0, 1, 65.50, 23078, 12, 56, 0
386, 66, 1, 5, 0, 0, 0.02%, 1, 0, 1, 8.47, 23402, 12, 57, 0
391, 67, 1, 5, 0, 0, 0.02%, 1, 0, 1, 11.95, 23696, 12, 59, 0
396, 68, 1, 5, 0, 0, 0.02%, 1, 0, 1, 65.12, 24033, 12, 59, 0
401, 69, 1, 5, 0, 0, 0.02%, 1, 0, 1, 65.39, 24363, 12, 59, 0
406, 70, 1, 5, 0, 0, 0.02%, 1, 0, 1, 65.53, 24694, 12, 59, 0
411, 71, 1, 5, 0, 0, 0.02%, 1, 0, 1, 64.98, 25010, 12, 60, 0
416, 72, 1, 5, 0, 0, 0.02%, 1, 0, 1, 65.37, 25344, 12, 60, 0
421, 73, 1, 5, 0, 0, 0.02%, 1, 0, 1, 64.33, 25679, 12, 60, 0
427, 74, 1, 5, 0, 0, 0.02%, 1, 0, 1, 62.63, 25991, 12, 60, 0
432, 75, 1, 5, 0, 0, 0.02%, 1, 0, 1, 61.77, 26303, 12, 60, 0
437, 75, 1, 5, 0, 0, 0.02%, 1, 0, 1, 61.37, 26615, 12, 60, 0
442, 76, 1, 5, 0, 0, 0.02%, 1, 0, 1, 60.73, 26913, 12, 61, 0
447, 77, 1, 5, 0, 0, 0.02%, 1, 0, 1, 60.84, 27224, 12, 61, 0
452, 78, 1, 5, 0, 0, 0.02%, 1, 0, 1, 59.75, 27496, 12, 64, 0
457, 79, 1, 5, 0, 0, 0.02%, 1, 0, 1, 60.58, 27805, 12, 64, 0
462, 80, 1, 5, 0, 0, 0.02%, 1, 0, 1, 59.93, 28097, 12, 65, 0
467, 81, 1, 5, 0, 0, 0.02%, 1, 0, 1, 61.29, 28409, 12, 65, 0
472, 81, 1, 5, 0, 0, 0.02%, 1, 0, 1, 61.65, 28721, 12, 65, 0
477, 82, 1, 5, 0, 0, 0.02%, 1, 0, 1, 61.81, 29033, 12, 65, 0
482, 83, 1, 5, 0, 0, 0.02%, 1, 0, 1, 62.27, 29345, 12, 65, 0
487, 84, 1, 5, 0, 0, 0.02%, 1, 0, 1, 63.33, 29660, 12, 66, 0
492, 85, 1, 5, 0, 0, 0.02%, 1, 0, 1, 65.21, 29977, 12, 67, 0
498, 86, 1, 5, 0, 0, 0.02%, 1, 0, 1, 63.35, 30310, 12, 68, 0
503, 87, 1, 5, 0, 0, 0.02%, 1, 0, 1, 65.00, 30624, 12, 69, 0
508, 88, 1, 5, 0, 0, 0.02%, 1, 0, 1, 60.45, 30924, 12, 71, 0
513, 89, 1, 5, 0, 0, 0.02%, 1, 0, 1, 61.80, 31235, 12, 71, 0
518, 90, 1, 5, 0, 0, 0.02%, 1, 0, 1, 62.80, 31545, 12, 72, 0
523, 90, 1, 5, 0, 0, 0.02%, 1, 0, 1, 63.89, 31870, 12, 72, 0
528, 91, 1, 5, 0, 0, 0.02%, 1, 0, 1, 64.42, 32198, 12, 72, 0
533, 92, 1, 5, 0, 0, 0.02%, 1, 0, 1, 64.23, 32521, 12, 73, 0
538, 93, 1, 5, 0, 0, 0.02%, 1, 0, 1, 63.56, 32842, 12, 74, 0
543, 94, 1, 5, 0, 0, 0.02%, 1, 0, 1, 64.47, 33172, 12, 74, 0
549, 95, 1, 5, 0, 0, 0.02%, 1, 0, 1, 64.33, 33497, 12, 74, 0
554, 96, 1, 5, 0, 0, 0.02%, 1, 0, 1, 63.65, 33822, 12, 74, 0
559, 97, 1, 5, 0, 0, 0.02%, 1, 0, 1, 63.19, 34147, 12, 74, 0
564, 98, 1, 5, 0, 0, 0.02%, 1, 0, 1, 60.81, 34438, 12, 76, 0
569, 99, 1, 5, 0, 0, 0.02%, 1, 0, 1, 60.47, 34734, 12, 77, 0
574, 100, 1, 5, 0, 0, 0.02%, 1, 0, 1, 63.59, 35059, 12, 77, 0
579, 100, 1, 5, 0, 0, 0.02%, 1, 0, 1, 63.29, 35378, 12, 78, 0
584, 101, 1, 5, 0, 0, 0.02%, 1, 0, 1, 64.24, 35703, 12, 78, 0
589, 102, 1, 5, 0, 0, 0.02%, 1, 0, 1, 64.36, 36028, 12, 78, 0
594, 103, 1, 5, 0, 0, 0.02%, 1, 0, 1, 64.53, 36353, 12, 78, 0
600, 104, 1, 5, 0, 0, 0.02%, 1, 0, 1, 61.73, 36670, 12, 79, 0
605, 105, 1, 5, 0, 0, 0.02%, 1, 0, 1, 60.82, 36970, 12, 80, 0
610, 106, 1, 5, 0, 0, 0.02%, 1, 0, 1, 60.75, 37278, 12, 80, 0
615, 107, 1, 5, 0, 0, 0.02%, 1, 0, 1, 60.96, 37590, 12, 80, 0
620, 108, 1, 5, 0, 0, 0.02%, 1, 0, 1, 61.49, 37902, 12, 80, 0
625, 109, 1, 5, 0, 0, 0.02%, 1, 0, 1, 63.01, 38226, 12, 80, 0
630, 109, 1, 5, 0, 0, 0.02%, 1, 0, 1, 60.13, 38524, 12, 81, 0
635, 110, 1, 5, 0, 0, 0.02%, 1, 0, 1, 59.86, 38830, 12, 82, 0
640, 111, 1, 5, 0, 0, 0.02%, 1, 0, 1, 61.23, 39142, 12, 82, 0
645, 112, 1, 5, 0, 0, 0.02%, 1, 0, 1, 63.32, 39467, 12, 82, 0
650, 113, 1, 5, 0, 0, 0.02%, 1, 0, 1, 61.59, 39769, 12, 83, 0
656, 114, 1, 5, 0, 0, 0.02%, 1, 0, 1, 60.46, 40067, 12, 84, 0
661, 115, 1, 5, 0, 0, 0.02%, 1, 0, 1, 60.71, 40372, 12, 85, 0
666, 116, 1, 5, 0, 0, 0.02%, 1, 0, 1, 59.96, 40669, 12, 86, 0
671, 116, 1, 5, 0, 0, 0.02%, 1, 0, 1, 60.75, 40980, 12, 86, 0
676, 117, 1, 5, 0, 0, 0.02%, 1, 0, 1, 61.18, 41292, 12, 86, 0
681, 118, 1, 5, 0, 0, 0.02%, 1, 0, 1, 61.27, 41604, 12, 86, 0
686, 119, 1, 5, 0, 0, 0.02%, 1, 0, 1, 59.01, 41893, 12, 88, 0
691, 120, 1, 5, 0, 0, 0.02%, 1, 0, 1, 58.48, 42177, 12, 91, 0
696, 121, 1, 5, 0, 0, 0.02%, 1, 0, 1, 57.11, 42450, 12, 94, 0
701, 122, 1, 5, 0, 0, 0.02%, 1, 0, 1, 60.42, 42755, 12, 95, 0
706, 122, 1, 5, 0, 0, 0.02%, 1, 0, 1, 60.94, 43058, 12, 96, 0
711, 123, 1, 5, 0, 0, 0.02%, 1, 0, 1, 61.75, 43370, 12, 96, 0
716, 124, 1, 5, 0, 0, 0.02%, 1, 0, 1, 59.59, 43651, 12, 98, 0
722, 125, 1, 5, 0, 0, 0.02%, 1, 0, 1, 60.65, 43960, 12, 98, 0
727, 126, 1, 5, 0, 0, 0.02%, 1, 0, 1, 60.88, 44271, 12, 98, 0
732, 127, 1, 5, 0, 0, 0.02%, 1, 0, 1, 60.99, 44583, 12, 98, 0
737, 128, 1, 5, 0, 0, 0.02%, 1, 0, 1, 60.78, 44893, 12, 98, 0
742, 129, 1, 5, 0, 0, 0.02%, 1, 0, 1, 60.75, 45194, 12, 99, 0
747, 129, 1, 5, 0, 0, 0.02%, 1, 0, 1, 59.90, 45499, 12, 100, 0
752, 130, 1, 5, 0, 0, 0.02%, 1, 0, 1, 63.27, 45824, 12, 100, 0
757, 131, 1, 5, 0, 0, 0.02%, 1, 0, 1, 64.29, 46150, 12, 100, 0
762, 132, 1, 5, 0, 0, 0.02%, 1, 0, 1, 61.76, 46455, 12, 102, 0
768, 133, 1, 5, 0, 0, 0.02%, 1, 0, 1, 62.86, 46774, 12, 103, 0
773, 134, 1, 5, 0, 0, 0.02%, 1, 0, 1, 63.68, 47099, 12, 103, 0
778, 135, 1, 5, 0, 0, 0.02%, 1, 0, 1, 59.24, 47392, 12, 105, 0
783, 136, 1, 5, 0, 0, 0.02%, 1, 0, 1, 60.71, 47704, 12, 105, 0
788, 137, 1, 5, 0, 0, 0.02%, 1, 0, 1, 61.07, 48005, 12, 106, 0
793, 137, 1, 5, 0, 0, 0.02%, 1, 0, 1, 61.09, 48316, 12, 106, 0
798, 138, 1, 5, 0, 0, 0.02%, 1, 0, 1, 60.27, 48608, 12, 107, 0
803, 139, 1, 5, 0, 0, 0.02%, 1, 0, 1, 58.73, 48909, 12, 108, 0
809, 140, 1, 5, 0, 0, 0.02%, 1, 0, 1, 60.96, 49225, 12, 108, 0
814, 141, 1, 5, 0, 0, 0.02%, 1, 0, 1, 60.87, 49536, 12, 108, 0
819, 142, 1, 5, 0, 0, 0.02%, 1, 0, 1, 60.70, 49846, 12, 108, 0
824, 143, 1, 5, 0, 0, 0.02%, 1, 0, 1, 60.94, 50156, 12, 108, 0
829, 144, 1, 5, 0, 0, 0.02%, 1, 0, 1, 61.23, 50468, 12, 108, 0
834, 144, 1, 5, 0, 0, 0.02%, 1, 0, 1, 60.56, 50771, 12, 109, 0
839, 145, 1, 5, 0, 0, 0.02%, 1, 0, 1, 61.03, 51082, 12, 109, 0
844, 146, 1, 5, 0, 0, 0.02%, 1, 0, 1, 60.59, 51373, 12, 111, 0
849, 147, 1, 5, 0, 0, 0.02%, 1, 0, 1, 61.42, 51685, 12, 111, 0
855, 148, 1, 5, 0, 0, 0.02%, 1, 0, 1, 61.03, 51990, 12, 112, 0
860, 149, 1, 5, 0, 0, 0.02%, 1, 0, 1, 61.87, 52302, 12, 112, 0
865, 150, 1, 5, 0, 0, 0.02%, 1, 0, 1, 61.47, 52614, 12, 112, 0
870, 151, 1, 5, 0, 0, 0.02%, 1, 0, 1, 61.27, 52926, 12, 112, 0
875, 152, 1, 5, 0, 0, 0.02%, 1, 0, 1, 61.33, 53238, 12, 112, 0
880, 152, 1, 5, 0, 0, 0.02%, 1, 0, 1, 60.53, 53545, 12, 113, 0
885, 153, 1, 5, 0, 0, 0.02%, 1, 0, 1, 60.83, 53857, 12, 113, 0
890, 154, 1, 5, 0, 0, 0.02%, 1, 0, 1, 61.92, 54157, 12, 114, 0
895, 155, 1, 5, 0, 0, 0.02%, 1, 0, 1, 60.36, 54472, 12, 114, 0
898, 155, 1, 5, 0, 0, 0.02%, 1, 0, 1, 59.36, 54601, 12, 114, 0
