# relative_time, cycles_done, cur_item, corpus_count, pending_total, pending_favs, map_size, saved_crashes, saved_hangs, max_depth, execs_per_sec, total_execs, edges_found, total_crashes, servers_count
61, 0, 1, 5, 0, 0, 0.24%, 1, 0, 1, 0.31, 80, 159, 30, 0
67, 0, 1, 5, 0, 0, 0.24%, 1, 0, 1, 3.81, 85, 159, 33, 0
73, 0, 1, 5, 0, 0, 0.24%, 1, 0, 1, 0.67, 92, 159, 38, 0
78, 0, 1, 5, 0, 0, 0.24%, 1, 0, 1, 0.75, 95, 159, 41, 0
84, 0, 1, 5, 0, 0, 0.24%, 1, 0, 1, 0.70, 97, 159, 43, 0
89, 0, 1, 5, 0, 0, 0.24%, 1, 0, 1, 0.77, 100, 159, 46, 0
95, 0, 1, 5, 0, 0, 0.24%, 1, 0, 1, 1.07, 105, 159, 51, 0
101, 0, 1, 5, 0, 0, 0.24%, 1, 0, 1, 1.05, 108, 159, 54, 0
107, 0, 1, 5, 0, 0, 0.24%, 1, 0, 1, 1.05, 112, 159, 57, 0
115, 0, 1, 5, 0, 0, 0.24%, 1, 0, 1, 1.04, 116, 159, 60, 0
120, 0, 1, 5, 0, 0, 0.24%, 1, 0, 1, 0.97, 118, 159, 62, 0
126, 0, 1, 5, 0, 0, 0.24%, 1, 0, 1, 1.15, 124, 159, 65, 0
131, 0, 1, 5, 0, 0, 0.24%, 1, 0, 1, 1.10, 129, 159, 68, 0
139, 0, 1, 5, 0, 0, 0.24%, 1, 0, 1, 1.00, 131, 159, 70, 0
146, 0, 1, 5, 0, 0, 0.24%, 1, 0, 1, 0.58, 145, 159, 73, 0
154, 0, 1, 5, 0, 0, 0.24%, 1, 0, 1, 2.05, 159, 159, 76, 0
160, 1, 1, 5, 0, 0, 0.24%, 1, 0, 1, 3.03, 173, 159, 80, 0
166, 1, 1, 5, 0, 0, 0.24%, 1, 0, 1, 0.26, 177, 159, 83, 0
171, 1, 1, 5, 0, 0, 0.24%, 1, 0, 1, 0.37, 181, 159, 86, 0
177, 1, 1, 5, 0, 0, 0.24%, 1, 0, 1, 2.71, 188, 159, 90, 0
182, 1, 1, 5, 0, 0, 0.24%, 1, 0, 1, 4.38, 195, 159, 94, 0
190, 1, 1, 5, 0, 0, 0.24%, 1, 0, 1, 0.28, 198, 159, 97, 0
196, 1, 1, 5, 0, 0, 0.24%, 1, 0, 1, 1.76, 205, 159, 102, 0
204, 1, 1, 5, 0, 0, 0.24%, 1, 0, 1, 2.94, 215, 159, 107, 0
211, 1, 1, 5, 0, 0, 0.24%, 1, 0, 1, 0.28, 217, 159, 109, 0
218, 1, 1, 5, 0, 0, 0.24%, 1, 0, 1, 0.30, 226, 159, 114, 0
224, 1, 1, 5, 0, 0, 0.24%, 1, 0, 1, 2.62, 231, 159, 117, 0
230, 1, 1, 5, 0, 0, 0.24%, 1, 0, 1, 0.38, 233, 159, 119, 0
238, 1, 1, 5, 0, 0, 0.24%, 1, 0, 1, 0.38, 236, 159, 121, 0
243, 1, 1, 5, 0, 0, 0.24%, 1, 0, 1, 4.20, 245, 159, 124, 0
251, 1, 1, 5, 0, 0, 0.24%, 1, 0, 1, 0.25, 254, 159, 128, 0
257, 1, 1, 5, 0, 0, 0.24%, 1, 0, 1, 2.63, 260, 159, 131, 0
263, 1, 1, 5, 0, 0, 0.24%, 1, 0, 1, 2.20, 270, 159, 135, 0
270, 1, 1, 5, 0, 0, 0.24%, 1, 0, 1, 2.49, 279, 159, 138, 0
275, 1, 1, 5, 0, 0, 0.24%, 1, 0, 1, 3.32, 292, 159, 142, 0
281, 1, 1, 5, 0, 0, 0.24%, 1, 0, 1, 0.51, 299, 159, 145, 0
289, 1, 1, 5, 0, 0, 0.24%, 1, 0, 1, 0.49, 302, 159, 147, 0
297, 1, 1, 5, 0, 0, 0.24%, 1, 0, 1, 0.25, 309, 159, 153, 0
305, 2, 1, 5, 0, 0, 0.24%, 1, 0, 1, 0.36, 317, 159, 158, 0
312, 2, 1, 5, 0, 0, 0.24%, 1, 0, 1, 0.35, 319, 159, 160, 0
317, 2, 1, 5, 0, 0, 0.24%, 1, 0, 1, 0.53, 323, 159, 163, 0
322, 2, 1, 5, 0, 0, 0.24%, 1, 0, 1, 0.54, 326, 159, 165, 0
328, 2, 1, 5, 0, 0, 0.24%, 1, 0, 1, 0.56, 329, 159, 167, 0
336, 2, 1, 5, 0, 0, 0.24%, 1, 0, 1, 0.63, 337, 159, 170, 0
341, 2, 1, 5, 0, 0, 0.24%, 1, 0, 1, 2.72, 343, 159, 173, 0
346, 2, 1, 5, 0, 0, 0.24%, 1, 0, 1, 0.31, 353, 159, 176, 0
352, 2, 1, 5, 0, 0, 0.24%, 1, 0, 1, 0.32, 355, 159, 178, 0
360, 2, 1, 5, 0, 0, 0.24%, 1, 0, 1, 0.28, 360, 159, 182, 0
368, 2, 1, 5, 0, 0, 0.24%, 1, 0, 1, 0.43, 364, 159, 186, 0
375, 2, 1, 5, 0, 0, 0.24%, 1, 0, 1, 0.49, 368, 159, 190, 0
381, 2, 1, 5, 0, 0, 0.24%, 1, 0, 1, 0.32, 373, 159, 193, 0
387, 2, 1, 5, 0, 0, 0.24%, 1, 0, 1, 1.83, 378, 159, 195, 0
393, 2, 1, 5, 0, 0, 0.24%, 1, 0, 1, 0.27, 389, 159, 200, 0
400, 2, 1, 5, 0, 0, 0.24%, 1, 0, 1, 2.07, 394, 159, 203, 0
407, 2, 1, 5, 0, 0, 0.24%, 1, 0, 1, 0.38, 398, 159, 206, 0
415, 2, 1, 5, 0, 0, 0.24%, 1, 0, 1, 0.42, 403, 159, 209, 0
421, 2, 1, 5, 0, 0, 0.24%, 1, 0, 1, 0.60, 410, 159, 214, 0
426, 2, 1, 5, 0, 0, 0.24%, 1, 0, 1, 3.87, 416, 159, 218, 0
434, 2, 1, 5, 0, 0, 0.24%, 1, 0, 1, 0.26, 418, 159, 220, 0
440, 2, 1, 5, 0, 0, 0.24%, 1, 0, 1, 0.28, 423, 159, 223, 0
445, 2, 1, 5, 0, 0, 0.24%, 1, 0, 1, 0.40, 429, 159, 229, 0
451, 2, 1, 5, 0, 0, 0.24%, 1, 0, 1, 0.25, 433, 159, 233, 0
457, 2, 1, 5, 0, 0, 0.24%, 1, 0, 1, 1.91, 438, 159, 236, 0
462, 2, 1, 5, 0, 0, 0.24%, 1, 0, 1, 2.61, 450, 159, 241, 0
469, 3, 1, 5, 0, 0, 0.24%, 1, 0, 1, 0.47, 456, 159, 244, 0
475, 3, 1, 5, 0, 0, 0.24%, 1, 0, 1, 0.44, 460, 159, 247, 0
483, 3, 1, 5, 0, 0, 0.24%, 1, 0, 1, 0.50, 467, 159, 249, 0
490, 3, 1, 5, 0, 0, 0.24%, 1, 0, 1, 0.52, 472, 159, 252, 0
497, 3, 1, 5, 0, 0, 0.24%, 1, 0, 1, 0.37, 480, 159, 256, 0
505, 3, 1, 5, 0, 0, 0.24%, 1, 0, 1, 0.40, 483, 159, 259, 0
513, 3, 1, 5, 0, 0, 0.24%, 1, 0, 1, 0.46, 487, 159, 262, 0
518, 3, 1, 5, 0, 0, 0.24%, 1, 0, 1, 0.48, 490, 159, 265, 0
524, 3, 1, 5, 0, 0, 0.24%, 1, 0, 1, 0.56, 494, 159, 268, 0
531, 3, 1, 5, 0, 0, 0.24%, 1, 0, 1, 0.59, 498, 159, 272, 0
537, 3, 1, 5, 0, 0, 0.24%, 1, 0, 1, 0.28, 502, 159, 275, 0
543, 3, 1, 5, 0, 0, 0.24%, 1, 0, 1, 0.29, 504, 159, 277, 0
551, 3, 1, 5, 0, 0, 0.24%, 1, 0, 1, 0.25, 511, 159, 281, 0
557, 3, 1, 5, 0, 0, 0.24%, 1, 0, 1, 0.28, 514, 159, 283, 0
565, 3, 1, 5, 0, 0, 0.24%, 1, 0, 1, 0.27, 521, 159, 287, 0
571, 3, 1, 5, 0, 0, 0.24%, 1, 0, 1, 0.28, 523, 159, 289, 0
578, 3, 1, 5, 0, 0, 0.24%, 1, 0, 1, 1.97, 528, 159, 292, 0
583, 3, 1, 5, 0, 0, 0.24%, 1, 0, 1, 0.30, 530, 159, 294, 0
590, 3, 1, 5, 0, 0, 0.24%, 1, 0, 1, 0.59, 543, 159, 297, 0
595, 3, 1, 5, 0, 0, 0.24%, 1, 0, 1, 0.79, 551, 159, 300, 0
601, 3, 1, 5, 0, 0, 0.24%, 1, 0, 1, 0.91, 557, 159, 304, 0
607, 3, 1, 5, 0, 0, 0.24%, 1, 0, 1, 0.90, 561, 159, 307, 0
613, 3, 1, 5, 0, 0, 0.24%, 1, 0, 1, 1.06, 567, 159, 311, 0
618, 3, 1, 5, 0, 0, 0.24%, 1, 0, 1, 1.10, 571, 159, 314, 0
626, 3, 1, 5, 0, 0, 0.24%, 1, 0, 1, 1.33, 580, 159, 319, 0
632, 3, 1, 5, 0, 0, 0.24%, 1, 0, 1, 1.21, 582, 159, 321, 0
637, 3, 1, 5, 0, 0, 0.24%, 1, 0, 1, 7.25, 588, 159, 324, 0
643, 3, 1, 5, 0, 0, 0.24%, 1, 0, 1, 0.34, 590, 159, 326, 0
649, 4, 1, 5, 0, 0, 0.24%, 1, 0, 1, 0.25, 594, 159, 329, 0
655, 4, 1, 5, 0, 0, 0.24%, 1, 0, 1, 0.32, 598, 159, 332, 0
661, 4, 1, 5, 0, 0, 0.24%, 1, 0, 1, 2.10, 602, 159, 336, 0
669, 4, 1, 5, 0, 0, 0.24%, 1, 0, 1, 0.42, 606, 159, 339, 0
675, 4, 1, 5, 0, 0, 0.24%, 1, 0, 1, 0.34, 610, 159, 343, 0
681, 4, 1, 5, 0, 0, 0.24%, 1, 0, 1, 0.34, 612, 159, 345, 0
688, 4, 1, 5, 0, 0, 0.24%, 1, 0, 1, 0.33, 614, 159, 347, 0
694, 4, 1, 5, 0, 0, 0.24%, 1, 0, 1, 0.36, 616, 159, 349, 0
699, 4, 1, 5, 0, 0, 0.24%, 1, 0, 1, 0.45, 623, 159, 353, 0
705, 4, 1, 5, 0, 0, 0.24%, 1, 0, 1, 0.42, 626, 159, 356, 0
712, 4, 1, 5, 0, 0, 0.24%, 1, 0, 1, 0.25, 632, 159, 362, 0
719, 4, 1, 5, 0, 0, 0.24%, 1, 0, 1, 1.82, 637, 159, 365, 0
724, 4, 1, 5, 0, 0, 0.24%, 1, 0, 1, 1.66, 640, 159, 367, 0
731, 4, 1, 5, 0, 0, 0.24%, 1, 0, 1, 0.28, 647, 159, 371, 0
738, 4, 1, 5, 0, 0, 0.24%, 1, 0, 1, 3.78, 655, 159, 375, 0
746, 4, 1, 5, 0, 0, 0.24%, 1, 0, 1, 0.25, 657, 159, 377, 0
752, 4, 1, 5, 0, 0, 0.24%, 1, 0, 1, 3.20, 666, 159, 381, 0
757, 4, 1, 5, 0, 0, 0.24%, 1, 0, 1, 0.58, 668, 159, 383, 0
763, 4, 1, 5, 0, 0, 0.24%, 1, 0, 1, 0.60, 672, 159, 385, 0
770, 4, 1, 5, 0, 0, 0.24%, 1, 0, 1, 0.37, 678, 159, 388, 0
775, 4, 1, 5, 0, 0, 0.24%, 1, 0, 1, 12.99, 690, 159, 392, 0
780, 4, 1, 5, 0, 0, 0.24%, 1, 0, 1, 0.88, 695, 159, 397, 0
786, 4, 1, 5, 0, 0, 0.24%, 1, 0, 1, 1.04, 705, 159, 399, 0
793, 4, 1, 5, 0, 0, 0.24%, 1, 0, 1, 1.01, 711, 159, 402, 0
799, 4, 1, 5, 0, 0, 0.24%, 1, 0, 1, 1.05, 716, 159, 405, 0
805, 4, 1, 5, 0, 0, 0.24%, 1, 0, 1, 1.15, 720, 159, 409, 0
811, 4, 1, 5, 0, 0, 0.24%, 1, 0, 1, 1.06, 722, 159, 411, 0
818, 4, 1, 5, 0, 0, 0.24%, 1, 0, 1, 1.11, 727, 159, 415, 0
823, 5, 1, 5, 0, 0, 0.24%, 1, 0, 1, 1.35, 733, 159, 420, 0
828, 5, 1, 5, 0, 0, 0.24%, 1, 0, 1, 1.44, 738, 159, 424, 0
833, 5, 1, 5, 0, 0, 0.24%, 1, 0, 1, 1.62, 743, 159, 429, 0
840, 5, 1, 5, 0, 0, 0.24%, 1, 0, 1, 1.45, 748, 159, 433, 0
848, 5, 1, 5, 0, 0, 0.24%, 1, 0, 1, 0.26, 752, 159, 437, 0
854, 5, 1, 5, 0, 0, 0.24%, 1, 0, 1, 0.27, 754, 159, 439, 0
860, 5, 1, 5, 0, 0, 0.24%, 1, 0, 1, 0.47, 757, 159, 442, 0
865, 5, 1, 5, 0, 0, 0.24%, 1, 0, 1, 3.07, 762, 159, 445, 0
873, 5, 1, 5, 0, 0, 0.24%, 1, 0, 1, 0.52, 765, 159, 447, 0
880, 5, 1, 5, 0, 0, 0.24%, 1, 0, 1, 0.26, 769, 159, 450, 0
888, 5, 1, 5, 0, 0, 0.24%, 1, 0, 1, 0.26, 771, 159, 452, 0
895, 5, 1, 5, 0, 0, 0.24%, 1, 0, 1, 0.26, 773, 159, 454, 0
895, 5, 1, 5, 0, 0, 0.24%, 1, 0, 1, 2.88, 775, 159, 454, 0
