# relative_time, cycles_done, cur_item, corpus_count, pending_total, pending_favs, map_size, saved_crashes, saved_hangs, max_depth, execs_per_sec, total_execs, edges_found, total_crashes, servers_count
61, 0, 1, 12, 9, 2, 0.15%, 0, 0, 2, 28.25, 1822, 98, 0, 0
66, 0, 1, 12, 9, 2, 0.15%, 0, 0, 2, 29.01, 1971, 98, 0, 0
71, 0, 1, 12, 9, 2, 0.15%, 0, 0, 2, 29.59, 2122, 98, 0, 0
76, 0, 1, 12, 9, 2, 0.15%, 0, 0, 2, 29.34, 2272, 98, 0, 0
81, 0, 1, 12, 9, 2, 0.15%, 0, 0, 2, 28.92, 2416, 98, 0, 0
86, 0, 1, 12, 9, 2, 0.15%, 0, 0, 2, 30.55, 2575, 98, 0, 0
92, 0, 1, 12, 9, 2, 0.15%, 0, 0, 2, 31.17, 2734, 98, 0, 0
97, 0, 1, 12, 9, 2, 0.15%, 0, 0, 2, 29.41, 2879, 98, 0, 0
102, 0, 1, 12, 9, 2, 0.15%, 0, 0, 2, 29.31, 3037, 98, 0, 0
107, 0, 1, 12, 9, 2, 0.15%, 0, 0, 2, 28.09, 3178, 98, 0, 0
112, 0, 1, 12, 9, 2, 0.15%, 0, 0, 2, 29.06, 3326, 98, 0, 0
117, 0, 1, 12, 9, 2, 0.15%, 0, 0, 2, 30.48, 3476, 98, 0, 0
122, 0, 1, 12, 9, 2, 0.15%, 0, 0, 2, 29.27, 3622, 98, 0, 0
127, 0, 1, 12, 9, 2, 0.15%, 0, 0, 2, 30.43, 3779, 98, 0, 0
132, 0, 1, 12, 9, 2, 0.15%, 0, 0, 2, 29.50, 3925, 98, 0, 0
137, 0, 1, 12, 9, 2, 0.15%, 0, 0, 2, 28.17, 4071, 98, 0, 0
142, 0, 1, 12, 9, 2, 0.15%, 0, 0, 2, 29.38, 4222, 98, 0, 0
147, 0, 1, 12, 9, 2, 0.15%, 0, 0, 2, 28.65, 4365, 98, 0, 0
153, 0, 1, 12, 9, 2, 0.15%, 0, 0, 2, 28.44, 4513, 98, 0, 0
158, 0, 1, 12, 9, 2, 0.15%, 0, 0, 2, 29.51, 4662, 98, 0, 0
163, 0, 1, 12, 9, 2, 0.15%, 0, 0, 2, 31.06, 4826, 98, 0, 0
168, 0, 1, 12, 9, 2, 0.15%, 0, 0, 2, 30.68, 4984, 98, 0, 0
173, 0, 1, 12, 9, 2, 0.15%, 0, 0, 2, 30.51, 5139, 98, 0, 0
178, 0, 1, 12, 9, 2, 0.15%, 0, 0, 2, 28.29, 5281, 98, 0, 0
183, 0, 11, 12, 5, 4, 0.15%, 0, 0, 2, 22.97, 5378, 98, 0, 0
188, 0, 7, 12, 1, 0, 0.15%, 0, 0, 2, 21.15, 5484, 98, 0, 0
194, 1, 7, 12, 1, 0, 0.15%, 0, 0, 2, 21.31, 5596, 98, 0, 0
199, 1, 7, 12, 1, 0, 0.15%, 0, 0, 2, 21.07, 5699, 98, 0, 0
204, 2, 1, 12, 1, 0, 0.15%, 0, 0, 2, 27.05, 5842, 98, 0, 0
209, 2, 8, 12, 0, 0, 0.15%, 0, 0, 2, 23.05, 5958, 98, 0, 0
214, 2, 0, 12, 0, 0, 0.15%, 0, 0, 2, 24.94, 6089, 98, 0, 0
219, 3, 9, 12, 0, 0, 0.15%, 0, 0, 2, 21.98, 6208, 98, 0, 0
225, 3, 1, 12, 0, 0, 0.15%, 0, 0, 2, 22.87, 6326, 98, 0, 0
230, 4, 1, 12, 0, 0, 0.15%, 0, 0, 2, 22.57, 6443, 98, 0, 0
235, 4, 8, 12, 0, 0, 0.15%, 0, 0, 2, 22.04, 6558, 98, 0, 0
240, 5, 9, 12, 0, 0, 0.15%, 0, 0, 2, 22.96, 6673, 98, 0, 0
245, 5, 9, 12, 0, 0, 0.15%, 0, 0, 2, 25.05, 6799, 98, 0, 0
250, 5, 0, 12, 0, 0, 0.15%, 0, 0, 2, 21.23, 6896, 98, 0, 0
255, 6, 9, 12, 0, 0, 0.15%, 0, 0, 2, 21.22, 7004, 98, 0, 0
260, 6, 9, 12, 0, 0, 0.15%, 0, 0, 2, 24.11, 7128, 98, 0, 0
265, 7, 6, 12, 0, 0, 0.15%, 0, 0, 2, 22.76, 7245, 98, 0, 0
271, 7, 6, 12, 0, 0, 0.15%, 0, 0, 2, 25.62, 7382, 98, 0, 0
276, 8, 6, 12, 0, 0, 0.15%, 0, 0, 2, 24.25, 7499, 98, 0, 0
281, 8, 9, 12, 0, 0, 0.15%, 0, 0, 2, 22.93, 7615, 98, 0, 0
286, 9, 6, 12, 0, 0, 0.15%, 0, 0, 2, 24.44, 7744, 98, 0, 0
291, 9, 9, 12, 0, 0, 0.15%, 0, 0, 2, 21.51, 7848, 98, 0, 0
296, 9, 9, 12, 0, 0, 0.15%, 0, 0, 2, 23.49, 7971, 98, 0, 0
301, 10, 5, 12, 0, 0, 0.15%, 0, 0, 2, 21.77, 8082, 98, 0, 0
306, 10, 7, 12, 0, 0, 0.15%, 0, 0, 2, 20.30, 8177, 98, 0, 0
311, 11, 5, 12, 0, 0, 0.15%, 0, 0, 2, 22.16, 8291, 98, 0, 0
317, 11, 9, 12, 0, 0, 0.15%, 0, 0, 2, 23.46, 8412, 98, 0, 0
322, 12, 7, 12, 0, 0, 0.15%, 0, 0, 2, 19.49, 8507, 98, 0, 0
327, 12, 9, 12, 0, 0, 0.15%, 0, 0, 2, 20.96, 8607, 98, 0, 0
332, 12, 1, 12, 0, 0, 0.15%, 0, 0, 2, 22.40, 8723, 98, 0, 0
337, 13, 0, 12, 0, 0, 0.15%, 0, 0, 2, 23.00, 8834, 98, 0, 0
342, 13, 9, 12, 0, 0, 0.15%, 0, 0, 2, 21.82, 8942, 98, 0, 0
348, 14, 5, 12, 0, 0, 0.15%, 0, 0, 2, 22.99, 9061, 98, 0, 0
353, 14, 6, 12, 0, 0, 0.15%, 0, 0, 2, 22.60, 9176, 98, 0, 0
358, 14, 7, 12, 0, 0, 0.15%, 0, 0, 2, 23.03, 9296, 98, 0, 0
363, 15, 0, 12, 0, 0, 0.15%, 0, 0, 2, 21.73, 9399, 98, 0, 0
368, 15, 6, 12, 0, 0, 0.15%, 0, 0, 2, 25.09, 9530, 98, 0, 0
373, 16, 0, 12, 0, 0, 0.15%, 0, 0, 2, 25.85, 9658, 98, 0, 0
378, 16, 0, 12, 0, 0, 0.15%, 0, 0, 2, 21.54, 9758, 98, 0, 0
383, 17, 7, 12, 0, 0, 0.15%, 0, 0, 2, 22.40, 9871, 98, 0, 0
388, 17, 5, 12, 0, 0, 0.15%, 0, 0, 2, 22.00, 9983, 98, 0, 0
394, 17, 1, 12, 0, 0, 0.15%, 0, 0, 2, 22.40, 10098, 98, 0, 0
399, 18, 6, 12, 0, 0, 0.15%, 0, 0, 2, 21.17, 10208, 98, 0, 0
404, 18, 6, 12, 0, 0, 0.15%, 0, 0, 2, 24.60, 10338, 98, 0, 0
409, 19, 0, 12, 0, 0, 0.15%, 0, 0, 2, 23.39, 10452, 98, 0, 0
414, 19, 5, 12, 0, 0, 0.15%, 0, 0, 2, 23.23, 10567, 98, 0, 0
419, 20, 8, 12, 0, 0, 0.15%, 0, 0, 2, 22.23, 10684, 98, 0, 0
424, 20, 5, 12, 0, 0, 0.15%, 0, 0, 2, 25.74, 10815, 98, 0, 0
429, 21, 9, 12, 0, 0, 0.15%, 0, 0, 2, 20.80, 10918, 98, 0, 0
434, 21, 5, 12, 0, 0, 0.15%, 0, 0, 2, 21.43, 11032, 98, 0, 0
440, 21, 5, 12, 0, 0, 0.15%, 0, 0, 2, 21.73, 11149, 98, 0, 0
445, 22, 5, 12, 0, 0, 0.15%, 0, 0, 2, 21.84, 11256, 98, 0, 0
450, 22, 6, 12, 0, 0, 0.15%, 0, 0, 2, 21.94, 11369, 98, 0, 0
455, 23, 5, 12, 0, 0, 0.15%, 0, 0, 2, 25.50, 11497, 98, 0, 0
460, 23, 0, 12, 0, 0, 0.15%, 0, 0, 2, 22.71, 11611, 98, 0, 0
465, 23, 6, 12, 0, 0, 0.15%, 0, 0, 2, 21.55, 11713, 98, 0, 0
470, 24, 1, 12, 0, 0, 0.15%, 0, 0, 2, 22.37, 11825, 98, 0, 0
475, 24, 9, 12, 0, 0, 0.15%, 0, 0, 2, 22.53, 11935, 98, 0, 0
480, 25, 1, 12, 0, 0, 0.15%, 0, 0, 2, 23.51, 12052, 98, 0, 0
486, 25, 0, 12, 0, 0, 0.15%, 0, 0, 2, 20.72, 12158, 98, 0, 0
491, 25, 7, 12, 0, 0, 0.15%, 0, 0, 2, 19.21, 12251, 98, 0, 0
496, 26, 9, 12, 0, 0, 0.15%, 0, 0, 2, 20.99, 12359, 98, 0, 0
501, 26, 0, 12, 0, 0, 0.15%, 0, 0, 2, 20.43, 12461, 98, 0, 0
506, 27, 0, 12, 0, 0, 0.15%, 0, 0, 2, 20.60, 12561, 98, 0, 0
511, 27, 5, 12, 0, 0, 0.15%, 0, 0, 2, 21.18, 12671, 98, 0, 0
516, 27, 9, 12, 0, 0, 0.15%, 0, 0, 2, 23.42, 12787, 98, 0, 0
521, 28, 5, 12, 0, 0, 0.15%, 0, 0, 2, 20.69, 12885, 98, 0, 0
527, 28, 1, 12, 0, 0, 0.15%, 0, 0, 2, 21.93, 13002, 98, 0, 0
532, 29, 1, 12, 0, 0, 0.15%, 0, 0, 2, 22.56, 13114, 98, 0, 0
537, 29, 0, 12, 0, 0, 0.15%, 0, 0, 2, 21.29, 13223, 98, 0, 0
542, 29, 0, 12, 0, 0, 0.15%, 0, 0, 2, 22.59, 13342, 98, 0, 0
547, 30, 9, 12, 0, 0, 0.15%, 0, 0, 2, 21.71, 13447, 98, 0, 0
552, 30, 1, 12, 0, 0, 0.15%, 0, 0, 2, 24.50, 13578, 98, 0, 0
557, 31, 9, 12, 0, 0, 0.15%, 0, 0, 2, 22.47, 13695, 98, 0, 0
562, 31, 7, 12, 0, 0, 0.15%, 0, 0, 2, 19.74, 13793, 98, 0, 0
567, 32, 9, 12, 0, 0, 0.15%, 0, 0, 2, 22.74, 13911, 98, 0, 0
573, 32, 7, 12, 0, 0, 0.15%, 0, 0, 2, 19.49, 14008, 98, 0, 0
578, 32, 1, 12, 0, 0, 0.15%, 0, 0, 2, 22.57, 14118, 98, 0, 0
583, 33, 5, 12, 0, 0, 0.15%, 0, 0, 2, 22.01, 14233, 98, 0, 0
588, 33, 7, 12, 0, 0, 0.15%, 0, 0, 2, 20.14, 14337, 98, 0, 0
593, 34, 5, 12, 0, 0, 0.15%, 0, 0, 2, 22.09, 14457, 98, 0, 0
598, 34, 9, 12, 0, 0, 0.15%, 0, 0, 2, 23.36, 14578, 98, 0, 0
603, 34, 9, 12, 0, 0, 0.15%, 0, 0, 2, 23.72, 14701, 98, 0, 0
608, 35, 5, 12, 0, 0, 0.15%, 0, 0, 2, 21.88, 14811, 98, 0, 0
614, 35, 0, 12, 0, 0, 0.15%, 0, 0, 2, 22.60, 14937, 98, 0, 0
619, 36, 1, 12, 0, 0, 0.15%, 0, 0, 2, 22.25, 15047, 98, 0, 0
624, 36, 1, 12, 0, 0, 0.15%, 0, 0, 2, 25.46, 15180, 98, 0, 0
629, 37, 0, 12, 0, 0, 0.15%, 0, 0, 2, 21.59, 15288, 98, 0, 0
634, 37, 7, 12, 0, 0, 0.15%, 0, 0, 2, 19.27, 15387, 98, 0, 0
639, 38, 6, 12, 0, 0, 0.15%, 0, 0, 2, 22.98, 15509, 98, 0, 0
645, 38, 5, 12, 0, 0, 0.15%, 0, 0, 2, 19.58, 15607, 98, 0, 0
650, 38, 0, 12, 0, 0, 0.15%, 0, 0, 2, 23.95, 15732, 98, 0, 0
655, 39, 10, 12, 0, 0, 0.15%, 0, 0, 2, 22.65, 15846, 98, 0, 0
660, 39, 5, 12, 0, 0, 0.15%, 0, 0, 2, 25.92, 15978, 98, 0, 0
665, 40, 1, 12, 0, 0, 0.15%, 0, 0, 2, 25.54, 16107, 98, 0, 0
670, 40, 7, 12, 0, 0, 0.15%, 0, 0, 2, 19.83, 16202, 98, 0, 0
675, 41, 1, 12, 0, 0, 0.15%, 0, 0, 2, 23.70, 16328, 98, 0, 0
680, 41, 5, 12, 0, 0, 0.15%, 0, 0, 2, 23.86, 16441, 98, 0, 0
685, 42, 1, 12, 0, 0, 0.15%, 0, 0, 2, 27.15, 16579, 98, 0, 0
690, 42, 5, 12, 0, 0, 0.15%, 0, 0, 2, 23.42, 16696, 98, 0, 0
695, 42, 0, 12, 0, 0, 0.15%, 0, 0, 2, 25.44, 16824, 98, 0, 0
701, 43, 1, 12, 0, 0, 0.15%, 0, 0, 2, 23.76, 16937, 98, 0, 0
706, 43, 6, 12, 0, 0, 0.15%, 0, 0, 2, 22.75, 17051, 98, 0, 0
711, 44, 1, 12, 0, 0, 0.15%, 0, 0, 2, 23.05, 17170, 98, 0, 0
716, 44, 6, 12, 0, 0, 0.15%, 0, 0, 2, 23.17, 17290, 98, 0, 0
721, 45, 1, 12, 0, 0, 0.15%, 0, 0, 2, 24.04, 17414, 98, 0, 0
726, 45, 1, 12, 0, 0, 0.15%, 0, 0, 2, 24.74, 17535, 98, 0, 0
731, 45, 6, 12, 0, 0, 0.15%, 0, 0, 2, 21.93, 17645, 98, 0, 0
736, 46, 7, 12, 0, 0, 0.15%, 0, 0, 2, 19.57, 17747, 98, 0, 0
742, 46, 6, 12, 0, 0, 0.15%, 0, 0, 2, 20.55, 17853, 98, 0, 0
747, 47, 7, 12, 0, 0, 0.15%, 0, 0, 2, 20.91, 17961, 98, 0, 0
752, 47, 9, 12, 0, 0, 0.15%, 0, 0, 2, 20.94, 18066, 98, 0, 0
757, 47, 0, 12, 0, 0, 0.15%, 0, 0, 2, 23.09, 18183, 98, 0, 0
762, 48, 6, 12, 0, 0, 0.15%, 0, 0, 2, 22.74, 18299, 98, 0, 0
767, 48, 7, 12, 0, 0, 0.15%, 0, 0, 2, 21.30, 18411, 98, 0, 0
772, 49, 11, 12, 0, 0, 0.15%, 0, 0, 2, 21.64, 18518, 98, 0, 0
777, 49, 6, 12, 0, 0, 0.15%, 0, 0, 2, 20.15, 18623, 98, 0, 0
783, 50, 11, 12, 0, 0, 0.15%, 0, 0, 2, 23.31, 18743, 98, 0, 0
788, 50, 7, 12, 0, 0, 0.15%, 0, 0, 2, 18.82, 18839, 98, 0, 0
793, 50, 8, 12, 0, 0, 0.15%, 0, 0, 2, 19.32, 18936, 98, 0, 0
798, 51, 1, 12, 0, 0, 0.15%, 0, 0, 2, 21.20, 19047, 98, 0, 0
803, 51, 6, 12, 0, 0, 0.15%, 0, 0, 2, 23.33, 19168, 98, 0, 0
809, 52, 7, 12, 0, 0, 0.15%, 0, 0, 2, 23.14, 19293, 98, 0, 0
814, 52, 7, 12, 0, 0, 0.15%, 0, 0, 2, 22.52, 19410, 98, 0, 0
819, 53, 8, 12, 0, 0, 0.15%, 0, 0, 2, 21.46, 19516, 98, 0, 0
824, 53, 7, 12, 0, 0, 0.15%, 0, 0, 2, 19.69, 19620, 98, 0, 0
829, 53, 6, 12, 0, 0, 0.15%, 0, 0, 2, 23.36, 19741, 98, 0, 0
834, 54, 9, 12, 0, 0, 0.15%, 0, 0, 2, 21.17, 19843, 98, 0, 0
839, 54, 9, 12, 0, 0, 0.15%, 0, 0, 2, 20.84, 19948, 98, 0, 0
844, 55, 5, 12, 0, 0, 0.15%, 0, 0, 2, 19.28, 20041, 98, 0, 0
850, 55, 9, 12, 0, 0, 0.15%, 0, 0, 2, 20.52, 20151, 98, 0, 0
855, 55, 5, 12, 0, 0, 0.15%, 0, 0, 2, 22.01, 20261, 98, 0, 0
860, 56, 0, 12, 0, 0, 0.15%, 0, 0, 2, 21.92, 20366, 98, 0, 0
865, 56, 0, 12, 0, 0, 0.15%, 0, 0, 2, 21.69, 20476, 98, 0, 0
870, 57, 7, 12, 0, 0, 0.15%, 0, 0, 2, 22.19, 20585, 98, 0, 0
875, 57, 0, 12, 0, 0, 0.15%, 0, 0, 2, 23.24, 20708, 98, 0, 0
880, 57, 1, 12, 0, 0, 0.15%, 0, 0, 2, 24.69, 20834, 98, 0, 0
885, 58, 1, 12, 0, 0, 0.15%, 0, 0, 2, 20.68, 20929, 98, 0, 0
891, 58, 11, 12, 0, 0, 0.15%, 0, 0, 2, 22.70, 21047, 98, 0, 0
896, 59, 6, 12, 0, 0, 0.15%, 0, 0, 2, 23.86, 21167, 98, 0, 0
897, 59, 5, 12, 0, 0, 0.15%, 0, 0, 2, 22.10, 21195, 98, 0, 0
