# relative_time, cycles_done, cur_item, corpus_count, pending_total, pending_favs, map_size, saved_crashes, saved_hangs, max_depth, execs_per_sec, total_execs, edges_found, total_crashes, servers_count
61, 11, 1, 5, 0, 0, 0.27%, 0, 0, 1, 26.71, 1653, 179, 0, 0
66, 12, 1, 5, 0, 0, 0.27%, 0, 0, 1, 26.51, 1791, 179, 0, 0
71, 13, 1, 5, 0, 0, 0.27%, 0, 0, 1, 27.05, 1929, 179, 0, 0
76, 14, 1, 5, 0, 0, 0.27%, 0, 0, 1, 26.52, 2061, 179, 0, 0
81, 15, 1, 5, 0, 0, 0.27%, 0, 0, 1, 26.70, 2199, 179, 0, 0
86, 16, 1, 5, 0, 0, 0.27%, 0, 0, 1, 26.59, 2337, 179, 0, 0
92, 17, 1, 5, 0, 0, 0.27%, 0, 0, 1, 26.43, 2469, 179, 0, 0
97, 18, 1, 5, 0, 0, 0.27%, 0, 0, 1, 26.59, 2607, 179, 0, 0
102, 19, 1, 5, 0, 0, 0.27%, 0, 0, 1, 26.72, 2745, 179, 0, 0
107, 20, 1, 5, 0, 0, 0.27%, 0, 0, 1, 26.61, 2883, 179, 0, 0
112, 21, 1, 5, 0, 0, 0.27%, 0, 0, 1, 26.35, 3015, 179, 0, 0
117, 22, 1, 5, 0, 0, 0.27%, 0, 0, 1, 26.54, 3153, 179, 0, 0
122, 23, 1, 5, 0, 0, 0.27%, 0, 0, 1, 26.95, 3291, 179, 0, 0
127, 24, 1, 5, 0, 0, 0.27%, 0, 0, 1, 26.73, 3429, 179, 0, 0
133, 25, 1, 5, 0, 0, 0.27%, 0, 0, 1, 27.17, 3567, 179, 0, 0
138, 26, 1, 5, 0, 0, 0.27%, 0, 0, 1, 27.03, 3705, 179, 0, 0
143, 27, 1, 5, 0, 0, 0.27%, 0, 0, 1, 26.71, 3843, 179, 0, 0
148, 28, 1, 5, 0, 0, 0.27%, 0, 0, 1, 27.12, 3981, 179, 0, 0
153, 29, 1, 5, 0, 0, 0.27%, 0, 0, 1, 27.19, 4119, 179, 0, 0
158, 30, 1, 5, 0, 0, 0.27%, 0, 0, 1, 27.01, 4257, 179, 0, 0
163, 31, 1, 5, 0, 0, 0.27%, 0, 0, 1, 26.61, 4395, 179, 0, 0
168, 32, 1, 5, 0, 0, 0.27%, 0, 0, 1, 26.61, 4533, 179, 0, 0
173, 33, 1, 5, 0, 0, 0.27%, 0, 0, 1, 26.18, 4665, 179, 0, 0
179, 33, 1, 5, 0, 0, 0.27%, 0, 0, 1, 25.82, 4797, 179, 0, 0
184, 34, 1, 5, 0, 0, 0.27%, 0, 0, 1, 25.73, 4929, 179, 0, 0
189, 35, 1, 5, 0, 0, 0.27%, 0, 0, 1, 26.69, 5067, 179, 0, 0
194, 36, 1, 5, 0, 0, 0.27%, 0, 0, 1, 26.66, 5205, 179, 0, 0
199, 37, 1, 5, 0, 0, 0.27%, 0, 0, 1, 27.05, 5343, 179, 0, 0
204, 38, 1, 5, 0, 0, 0.27%, 0, 0, 1, 26.74, 5481, 179, 0, 0
210, 39, 1, 5, 0, 0, 0.27%, 0, 0, 1, 26.63, 5619, 179, 0, 0
215, 40, 1, 5, 0, 0, 0.27%, 0, 0, 1, 26.66, 5757, 179, 0, 0
220, 41, 1, 5, 0, 0, 0.27%, 0, 0, 1, 26.71, 5894, 179, 0, 0
225, 42, 1, 5, 0, 0, 0.27%, 0, 0, 1, 26.70, 6032, 179, 0, 0
230, 43, 1, 5, 0, 0, 0.27%, 0, 0, 1, 26.52, 6170, 179, 0, 0
235, 44, 1, 5, 0, 0, 0.27%, 0, 0, 1, 26.93, 6308, 179, 0, 0
240, 45, 1, 5, 0, 0, 0.27%, 0, 0, 1, 27.04, 6445, 179, 0, 0
245, 46, 1, 5, 0, 0, 0.27%, 0, 0, 1, 27.38, 6583, 179, 0, 0
251, 47, 1, 5, 0, 0, 0.27%, 0, 0, 1, 26.83, 6721, 179, 0, 0
256, 48, 1, 5, 0, 0, 0.27%, 0, 0, 1, 27.10, 6859, 179, 0, 0
261, 49, 1, 5, 0, 0, 0.27%, 0, 0, 1, 26.68, 6997, 179, 0, 0
266, 50, 1, 5, 0, 0, 0.27%, 0, 0, 1, 26.49, 7135, 179, 0, 0
271, 51, 1, 5, 0, 0, 0.27%, 0, 0, 1, 26.50, 7273, 179, 0, 0
276, 52, 1, 5, 0, 0, 0.27%, 0, 0, 1, 27.12, 7411, 179, 0, 0
281, 53, 1, 5, 0, 0, 0.27%, 0, 0, 1, 27.11, 7549, 179, 0, 0
287, 54, 1, 5, 0, 0, 0.27%, 0, 0, 1, 27.21, 7687, 179, 0, 0
292, 55, 1, 5, 0, 0, 0.27%, 0, 0, 1, 26.91, 7825, 179, 0, 0
297, 56, 1, 5, 0, 0, 0.27%, 0, 0, 1, 26.44, 7957, 179, 0, 0
302, 57, 1, 5, 0, 0, 0.27%, 0, 0, 1, 26.55, 8095, 179, 0, 0
307, 58, 1, 5, 0, 0, 0.27%, 0, 0, 1, 26.64, 8233, 179, 0, 0
312, 59, 1, 5, 0, 0, 0.27%, 0, 0, 1, 26.19, 8364, 179, 0, 0
317, 60, 1, 5, 0, 0, 0.27%, 0, 0, 1, 26.66, 8502, 179, 0, 0
322, 61, 1, 5, 0, 0, 0.27%, 0, 0, 1, 26.43, 8640, 179, 0, 0
328, 62, 1, 5, 0, 0, 0.27%, 0, 0, 1, 26.69, 8778, 179, 0, 0
333, 63, 1, 5, 0, 0, 0.27%, 0, 0, 1, 26.71, 8916, 179, 0, 0
338, 64, 1, 5, 0, 0, 0.27%, 0, 0, 1, 26.85, 9054, 179, 0, 0
343, 65, 1, 5, 0, 0, 0.27%, 0, 0, 1, 27.43, 9192, 179, 0, 0
348, 66, 1, 5, 0, 0, 0.27%, 0, 0, 1, 27.23, 9330, 179, 0, 0
353, 67, 1, 5, 0, 0, 0.27%, 0, 0, 1, 27.51, 9468, 179, 0, 0
358, 68, 1, 5, 0, 0, 0.27%, 0, 0, 1, 27.43, 9606, 179, 0, 0
363, 69, 1, 5, 0, 0, 0.27%, 0, 0, 1, 27.01, 9744, 179, 0, 0
368, 70, 1, 5, 0, 0, 0.27%, 0, 0, 1, 26.55, 9882, 179, 0, 0
373, 71, 1, 5, 0, 0, 0.27%, 0, 0, 1, 26.80, 10020, 179, 0, 0
379, 72, 1, 5, 0, 0, 0.27%, 0, 0, 1, 26.86, 10158, 179, 0, 0
384, 73, 1, 5, 0, 0, 0.27%, 0, 0, 1, 26.97, 10296, 179, 0, 0
389, 74, 1, 5, 0, 0, 0.27%, 0, 0, 1, 27.12, 10434, 179, 0, 0
394, 75, 1, 5, 0, 0, 0.27%, 0, 0, 1, 26.72, 10572, 179, 0, 0
399, 76, 1, 5, 0, 0, 0.27%, 0, 0, 1, 26.41, 10704, 179, 0, 0
404, 77, 1, 5, 0, 0, 0.27%, 0, 0, 1, 26.32, 10836, 179, 0, 0
409, 78, 1, 5, 0, 0, 0.27%, 0, 0, 1, 25.86, 10968, 179, 0, 0
414, 79, 1, 5, 0, 0, 0.27%, 0, 0, 1, 25.42, 11098, 179, 0, 0
419, 79, 1, 5, 0, 0, 0.27%, 0, 0, 1, 26.17, 11230, 179, 0, 0
424, 80, 1, 5, 0, 0, 0.27%, 0, 0, 1, 26.61, 11368, 179, 0, 0
430, 81, 1, 5, 0, 0, 0.27%, 0, 0, 1, 26.68, 11506, 179, 0, 0
435, 82, 1, 5, 0, 0, 0.27%, 0, 0, 1, 26.47, 11638, 179, 0, 0
440, 83, 1, 5, 0, 0, 0.27%, 0, 0, 1, 26.68, 11776, 179, 0, 0
445, 84, 1, 5, 0, 0, 0.27%, 0, 0, 1, 26.77, 11914, 179, 0, 0
450, 85, 1, 5, 0, 0, 0.27%, 0, 0, 1, 26.49, 12052, 179, 0, 0
455, 86, 1, 5, 0, 0, 0.27%, 0, 0, 1, 26.35, 12184, 179, 0, 0
460, 87, 1, 5, 0, 0, 0.27%, 0, 0, 1, 27.11, 12322, 179, 0, 0
465, 88, 1, 5, 0, 0, 0.27%, 0, 0, 1, 27.38, 12460, 179, 0, 0
470, 89, 1, 5, 0, 0, 0.27%, 0, 0, 1, 26.77, 12598, 179, 0, 0
476, 90, 1, 5, 0, 0, 0.27%, 0, 0, 1, 26.50, 12736, 179, 0, 0
481, 91, 1, 5, 0, 0, 0.27%, 0, 0, 1, 26.79, 12874, 179, 0, 0
486, 92, 1, 5, 0, 0, 0.27%, 0, 0, 1, 26.77, 13012, 179, 0, 0
491, 93, 1, 5, 0, 0, 0.27%, 0, 0, 1, 26.91, 13150, 179, 0, 0
496, 94, 1, 5, 0, 0, 0.27%, 0, 0, 1, 26.57, 13288, 179, 0, 0
501, 95, 1, 5, 0, 0, 0.27%, 0, 0, 1, 26.51, 13426, 179, 0, 0
507, 96, 1, 5, 0, 0, 0.27%, 0, 0, 1, 26.53, 13564, 179, 0, 0
512, 97, 1, 5, 0, 0, 0.27%, 0, 0, 1, 26.87, 13702, 179, 0, 0
517, 98, 1, 5, 0, 0, 0.27%, 0, 0, 1, 26.66, 13840, 179, 0, 0
522, 99, 1, 5, 0, 0, 0.27%, 0, 0, 1, 27.03, 13978, 179, 0, 0
527, 100, 1, 5, 0, 0, 0.27%, 0, 0, 1, 26.87, 14116, 179, 0, 0
532, 101, 1, 5, 0, 0, 0.27%, 0, 0, 1, 26.85, 14254, 179, 0, 0
537, 102, 1, 5, 0, 0, 0.27%, 0, 0, 1, 26.22, 14386, 179, 0, 0
543, 103, 1, 5, 0, 0, 0.27%, 0, 0, 1, 26.62, 14524, 179, 0, 0
548, 104, 1, 5, 0, 0, 0.27%, 0, 0, 1, 26.51, 14662, 179, 0, 0
553, 105, 1, 5, 0, 0, 0.27%, 0, 0, 1, 26.42, 14799, 179, 0, 0
558, 106, 1, 5, 0, 0, 0.27%, 0, 0, 1, 26.70, 14937, 179, 0, 0
563, 107, 1, 5, 0, 0, 0.27%, 0, 0, 1, 27.19, 15075, 179, 0, 0
568, 108, 1, 5, 0, 0, 0.27%, 0, 0, 1, 27.31, 15213, 179, 0, 0
573, 109, 1, 5, 0, 0, 0.27%, 0, 0, 1, 27.28, 15351, 179, 0, 0
578, 110, 1, 5, 0, 0, 0.27%, 0, 0, 1, 27.21, 15489, 179, 0, 0
583, 111, 1, 5, 0, 0, 0.27%, 0, 0, 1, 27.18, 15627, 179, 0, 0
589, 112, 1, 5, 0, 0, 0.27%, 0, 0, 1, 27.23, 15765, 179, 0, 0
594, 113, 1, 5, 0, 0, 0.27%, 0, 0, 1, 27.50, 15903, 179, 0, 0
599, 114, 1, 5, 0, 0, 0.27%, 0, 0, 1, 27.19, 16041, 179, 0, 0
604, 115, 1, 5, 0, 0, 0.27%, 0, 0, 1, 26.64, 16178, 179, 0, 0
609, 116, 1, 5, 0, 0, 0.27%, 0, 0, 1, 26.76, 16316, 179, 0, 0
614, 117, 1, 5, 0, 0, 0.27%, 0, 0, 1, 26.82, 16454, 179, 0, 0
619, 118, 1, 5, 0, 0, 0.27%, 0, 0, 1, 25.90, 16586, 179, 0, 0
624, 119, 1, 5, 0, 0, 0.27%, 0, 0, 1, 26.42, 16724, 179, 0, 0
630, 120, 1, 5, 0, 0, 0.27%, 0, 0, 1, 26.54, 16862, 179, 0, 0
635, 121, 1, 5, 0, 0, 0.27%, 0, 0, 1, 26.55, 17000, 179, 0, 0
640, 122, 1, 5, 0, 0, 0.27%, 0, 0, 1, 26.45, 17138, 179, 0, 0
645, 123, 1, 5, 0, 0, 0.27%, 0, 0, 1, 26.38, 17270, 179, 0, 0
650, 124, 1, 5, 0, 0, 0.27%, 0, 0, 1, 26.62, 17408, 179, 0, 0
655, 125, 1, 5, 0, 0, 0.27%, 0, 0, 1, 27.02, 17546, 179, 0, 0
661, 126, 1, 5, 0, 0, 0.27%, 0, 0, 1, 26.63, 17684, 179, 0, 0
666, 127, 1, 5, 0, 0, 0.27%, 0, 0, 1, 26.56, 17822, 179, 0, 0
671, 128, 1, 5, 0, 0, 0.27%, 0, 0, 1, 26.63, 17960, 179, 0, 0
676, 129, 1, 5, 0, 0, 0.27%, 0, 0, 1, 27.00, 18098, 179, 0, 0
681, 129, 1, 5, 0, 0, 0.27%, 0, 0, 1, 26.62, 18236, 179, 0, 0
686, 130, 1, 5, 0, 0, 0.27%, 0, 0, 1, 26.50, 18374, 179, 0, 0
691, 131, 1, 5, 0, 0, 0.27%, 0, 0, 1, 26.22, 18506, 179, 0, 0
697, 132, 1, 5, 0, 0, 0.27%, 0, 0, 1, 26.75, 18644, 179, 0, 0
702, 133, 1, 5, 0, 0, 0.27%, 0, 0, 1, 27.04, 18782, 179, 0, 0
707, 134, 1, 5, 0, 0, 0.27%, 0, 0, 1, 26.96, 18920, 179, 0, 0
712, 135, 1, 5, 0, 0, 0.27%, 0, 0, 1, 26.41, 19052, 179, 0, 0
717, 136, 1, 5, 0, 0, 0.27%, 0, 0, 1, 26.28, 19184, 179, 0, 0
722, 137, 1, 5, 0, 0, 0.27%, 0, 0, 1, 26.14, 19316, 179, 0, 0
727, 138, 1, 5, 0, 0, 0.27%, 0, 0, 1, 25.75, 19448, 179, 0, 0
732, 139, 1, 5, 0, 0, 0.27%, 0, 0, 1, 26.59, 19586, 179, 0, 0
737, 140, 1, 5, 0, 0, 0.27%, 0, 0, 1, 26.12, 19720, 179, 0, 0
743, 141, 1, 5, 0, 0, 0.27%, 0, 0, 1, 26.37, 19858, 179, 0, 0
748, 142, 1, 5, 0, 0, 0.27%, 0, 0, 1, 26.63, 19996, 179, 0, 0
753, 143, 1, 5, 0, 0, 0.27%, 0, 0, 1, 27.10, 20134, 179, 0, 0
758, 144, 1, 5, 0, 0, 0.27%, 0, 0, 1, 27.08, 20272, 179, 0, 0
763, 145, 1, 5, 0, 0, 0.27%, 0, 0, 1, 27.00, 20410, 179, 0, 0
768, 146, 1, 5, 0, 0, 0.27%, 0, 0, 1, 27.13, 20548, 179, 0, 0
773, 147, 1, 5, 0, 0, 0.27%, 0, 0, 1, 27.19, 20686, 179, 0, 0
778, 148, 1, 5, 0, 0, 0.27%, 0, 0, 1, 27.21, 20824, 179, 0, 0
784, 149, 1, 5, 0, 0, 0.27%, 0, 0, 1, 26.70, 20962, 179, 0, 0
789, 150, 1, 5, 0, 0, 0.27%, 0, 0, 1, 26.42, 21099, 179, 0, 0
794, 151, 1, 5, 0, 0, 0.27%, 0, 0, 1, 26.72, 21237, 179, 0, 0
799, 152, 1, 5, 0, 0, 0.27%, 0, 0, 1, 27.14, 21375, 179, 0, 0
804, 153, 1, 5, 0, 0, 0.27%, 0, 0, 1, 27.34, 21513, 179, 0, 0
809, 154, 1, 5, 0, 0, 0.27%, 0, 0, 1, 27.71, 21657, 179, 0, 0
814, 155, 1, 5, 0, 0, 0.27%, 0, 0, 1, 26.79, 21795, 179, 0, 0
819, 156, 1, 5, 0, 0, 0.27%, 0, 0, 1, 26.41, 21927, 179, 0, 0
824, 157, 1, 5, 0, 0, 0.27%, 0, 0, 1, 26.38, 22059, 179, 0, 0
830, 158, 1, 5, 0, 0, 0.27%, 0, 0, 1, 26.57, 22197, 179, 0, 0
835, 159, 1, 5, 0, 0, 0.27%, 0, 0, 1, 26.80, 22335, 179, 0, 0
840, 160, 1, 5, 0, 0, 0.27%, 0, 0, 1, 26.84, 22473, 179, 0, 0
845, 161, 1, 5, 0, 0, 0.27%, 0, 0, 1, 26.65, 22610, 179, 0, 0
850, 162, 1, 5, 0, 0, 0.27%, 0, 0, 1, 26.99, 22748, 179, 0, 0
855, 163, 1, 5, 0, 0, 0.27%, 0, 0, 1, 27.01, 22886, 179, 0, 0
860, 164, 1, 5, 0, 0, 0.27%, 0, 0, 1, 27.13, 23024, 179, 0, 0
865, 165, 1, 5, 0, 0, 0.27%, 0, 0, 1, 27.16, 23162, 179, 0, 0
870, 166, 1, 5, 0, 0, 0.27%, 0, 0, 1, 27.17, 23300, 179, 0, 0
876, 167, 1, 5, 0, 0, 0.27%, 0, 0, 1, 27.33, 23438, 179, 0, 0
881, 168, 1, 5, 0, 0, 0.27%, 0, 0, 1, 26.86, 23576, 179, 0, 0
886, 169, 1, 5, 0, 0, 0.27%, 0, 0, 1, 26.49, 23714, 179, 0, 0
891, 170, 1, 5, 0, 0, 0.27%, 0, 0, 1, 26.68, 23852, 179, 0, 0
896, 171, 1, 5, 0, 0, 0.27%, 0, 0, 1, 26.52, 23989, 179, 0, 0
897, 171, 1, 5, 0, 0, 0.27%, 0, 0, 1, 26.07, 24005, 179, 0, 0
