# relative_time, cycles_done, cur_item, corpus_count, pending_total, pending_favs, map_size, saved_crashes, saved_hangs, max_depth, execs_per_sec, total_execs, edges_found, total_crashes, servers_count
60, 11, 1, 5, 0, 0, 0.08%, 0, 0, 1, 27.45, 1693, 52, 0, 0
65, 12, 1, 5, 0, 0, 0.08%, 0, 0, 1, 27.47, 1831, 52, 0, 0
70, 13, 1, 5, 0, 0, 0.08%, 0, 0, 1, 27.48, 1969, 52, 0, 0
75, 14, 1, 5, 0, 0, 0.08%, 0, 0, 1, 27.47, 2107, 52, 0, 0
80, 15, 0, 5, 0, 0, 0.08%, 0, 0, 1, 27.48, 2245, 52, 0, 0
85, 16, 1, 5, 0, 0, 0.08%, 0, 0, 1, 27.57, 2383, 52, 0, 0
90, 17, 1, 5, 0, 0, 0.08%, 0, 0, 1, 27.74, 2527, 52, 0, 0
95, 18, 1, 5, 0, 0, 0.08%, 0, 0, 1, 27.24, 2665, 52, 0, 0
100, 19, 1, 5, 0, 0, 0.08%, 0, 0, 1, 27.17, 2803, 52, 0, 0
106, 20, 1, 5, 0, 0, 0.08%, 0, 0, 1, 27.13, 2941, 52, 0, 0
111, 21, 1, 5, 0, 0, 0.08%, 0, 0, 1, 27.14, 3079, 52, 0, 0
116, 22, 1, 5, 0, 0, 0.08%, 0, 0, 1, 27.10, 3217, 52, 0, 0
121, 23, 0, 5, 0, 0, 0.08%, 0, 0, 1, 27.31, 3355, 52, 0, 0
126, 24, 0, 5, 0, 0, 0.08%, 0, 0, 1, 27.38, 3493, 52, 0, 0
131, 25, 1, 5, 0, 0, 0.08%, 0, 0, 1, 27.33, 3631, 52, 0, 0
136, 26, 0, 5, 0, 0, 0.08%, 0, 0, 1, 27.37, 3769, 52, 0, 0
141, 27, 1, 5, 0, 0, 0.08%, 0, 0, 1, 27.35, 3907, 52, 0, 0
146, 28, 1, 5, 0, 0, 0.08%, 0, 0, 1, 27.37, 4045, 52, 0, 0
151, 29, 1, 5, 0, 0, 0.08%, 0, 0, 1, 27.67, 4189, 52, 0, 0
156, 30, 1, 5, 0, 0, 0.08%, 0, 0, 1, 27.76, 4333, 52, 0, 0
162, 31, 1, 5, 0, 0, 0.08%, 0, 0, 1, 27.77, 4477, 52, 0, 0
167, 32, 1, 5, 0, 0, 0.08%, 0, 0, 1, 27.75, 4621, 52, 0, 0
172, 33, 1, 5, 0, 0, 0.08%, 0, 0, 1, 27.69, 4765, 52, 0, 0
177, 34, 1, 5, 0, 0, 0.08%, 0, 0, 1, 27.27, 4903, 52, 0, 0
182, 35, 1, 5, 0, 0, 0.08%, 0, 0, 1, 26.97, 5041, 52, 0, 0
187, 36, 1, 5, 0, 0, 0.08%, 0, 0, 1, 26.83, 5179, 52, 0, 0
192, 37, 0, 5, 0, 0, 0.08%, 0, 0, 1, 26.96, 5317, 52, 0, 0
197, 38, 1, 5, 0, 0, 0.08%, 0, 0, 1, 27.14, 5455, 52, 0, 0
203, 39, 1, 5, 0, 0, 0.08%, 0, 0, 1, 27.26, 5593, 52, 0, 0
208, 40, 1, 5, 0, 0, 0.08%, 0, 0, 1, 27.18, 5731, 52, 0, 0
213, 41, 0, 5, 0, 0, 0.08%, 0, 0, 1, 27.32, 5869, 52, 0, 0
218, 42, 0, 5, 0, 0, 0.08%, 0, 0, 1, 27.35, 6007, 52, 0, 0
223, 43, 1, 5, 0, 0, 0.08%, 0, 0, 1, 27.35, 6145, 52, 0, 0
228, 44, 1, 5, 0, 0, 0.08%, 0, 0, 1, 27.35, 6283, 52, 0, 0
233, 45, 1, 5, 0, 0, 0.08%, 0, 0, 1, 27.32, 6421, 52, 0, 0
238, 46, 1, 5, 0, 0, 0.08%, 0, 0, 1, 27.27, 6559, 52, 0, 0
243, 47, 1, 5, 0, 0, 0.08%, 0, 0, 1, 27.10, 6697, 52, 0, 0
248, 48, 1, 5, 0, 0, 0.08%, 0, 0, 1, 27.04, 6835, 52, 0, 0
253, 49, 0, 5, 0, 0, 0.08%, 0, 0, 1, 27.06, 6973, 52, 0, 0
258, 50, 1, 5, 0, 0, 0.08%, 0, 0, 1, 26.97, 7111, 52, 0, 0
263, 51, 0, 5, 0, 0, 0.08%, 0, 0, 1, 26.96, 7249, 52, 0, 0
269, 52, 1, 5, 0, 0, 0.08%, 0, 0, 1, 26.94, 7387, 52, 0, 0
274, 53, 1, 5, 0, 0, 0.08%, 0, 0, 1, 27.20, 7525, 52, 0, 0
279, 54, 1, 5, 0, 0, 0.08%, 0, 0, 1, 27.22, 7663, 52, 0, 0
284, 55, 0, 5, 0, 0, 0.08%, 0, 0, 1, 27.29, 7801, 52, 0, 0
289, 56, 0, 5, 0, 0, 0.08%, 0, 0, 1, 27.33, 7939, 52, 0, 0
294, 57, 1, 5, 0, 0, 0.08%, 0, 0, 1, 27.28, 8077, 52, 0, 0
299, 58, 0, 5, 0, 0, 0.08%, 0, 0, 1, 27.26, 8215, 52, 0, 0
304, 59, 1, 5, 0, 0, 0.08%, 0, 0, 1, 27.19, 8353, 52, 0, 0
309, 60, 1, 5, 0, 0, 0.08%, 0, 0, 1, 27.01, 8491, 52, 0, 0
314, 61, 0, 5, 0, 0, 0.08%, 0, 0, 1, 26.86, 8629, 52, 0, 0
319, 62, 1, 5, 0, 0, 0.08%, 0, 0, 1, 26.87, 8767, 52, 0, 0
324, 63, 1, 5, 0, 0, 0.08%, 0, 0, 1, 26.59, 8904, 52, 0, 0
330, 64, 1, 5, 0, 0, 0.08%, 0, 0, 1, 24.94, 9029, 52, 0, 0
335, 65, 1, 5, 0, 0, 0.08%, 0, 0, 1, 24.58, 9154, 52, 0, 0
340, 66, 1, 5, 0, 0, 0.08%, 0, 0, 1, 24.59, 9279, 52, 0, 0
345, 66, 1, 5, 0, 0, 0.08%, 0, 0, 1, 24.58, 9404, 52, 0, 0
350, 67, 1, 5, 0, 0, 0.08%, 0, 0, 1, 24.58, 9529, 52, 0, 0
355, 68, 1, 5, 0, 0, 0.08%, 0, 0, 1, 24.55, 9654, 52, 0, 0
360, 69, 1, 5, 0, 0, 0.08%, 0, 0, 1, 24.55, 9779, 52, 0, 0
365, 70, 1, 5, 0, 0, 0.08%, 0, 0, 1, 25.77, 9908, 52, 0, 0
370, 71, 0, 5, 0, 0, 0.08%, 0, 0, 1, 26.97, 10046, 52, 0, 0
375, 72, 0, 5, 0, 0, 0.08%, 0, 0, 1, 27.28, 10184, 52, 0, 0
380, 73, 1, 5, 0, 0, 0.08%, 0, 0, 1, 27.34, 10322, 52, 0, 0
385, 74, 1, 5, 0, 0, 0.08%, 0, 0, 1, 27.33, 10460, 52, 0, 0
390, 75, 1, 5, 0, 0, 0.08%, 0, 0, 1, 27.34, 10598, 52, 0, 0
395, 76, 1, 5, 0, 0, 0.08%, 0, 0, 1, 27.33, 10736, 52, 0, 0
400, 77, 1, 5, 0, 0, 0.08%, 0, 0, 1, 27.40, 10874, 52, 0, 0
406, 78, 1, 5, 0, 0, 0.08%, 0, 0, 1, 27.40, 11012, 52, 0, 0
411, 79, 1, 5, 0, 0, 0.08%, 0, 0, 1, 27.33, 11150, 52, 0, 0
416, 80, 1, 5, 0, 0, 0.08%, 0, 0, 1, 27.34, 11288, 52, 0, 0
421, 81, 1, 5, 0, 0, 0.08%, 0, 0, 1, 27.31, 11426, 52, 0, 0
426, 82, 1, 5, 0, 0, 0.08%, 0, 0, 1, 27.30, 11564, 52, 0, 0
431, 83, 1, 5, 0, 0, 0.08%, 0, 0, 1, 27.29, 11702, 52, 0, 0
436, 84, 1, 5, 0, 0, 0.08%, 0, 0, 1, 27.28, 11840, 52, 0, 0
441, 85, 1, 5, 0, 0, 0.08%, 0, 0, 1, 27.30, 11978, 52, 0, 0
446, 86, 1, 5, 0, 0, 0.08%, 0, 0, 1, 27.18, 12116, 52, 0, 0
451, 87, 1, 5, 0, 0, 0.08%, 0, 0, 1, 27.13, 12254, 52, 0, 0
456, 88, 1, 5, 0, 0, 0.08%, 0, 0, 1, 27.11, 12392, 52, 0, 0
461, 89, 0, 5, 0, 0, 0.08%, 0, 0, 1, 27.11, 12530, 52, 0, 0
466, 90, 1, 5, 0, 0, 0.08%, 0, 0, 1, 27.13, 12668, 52, 0, 0
471, 91, 1, 5, 0, 0, 0.08%, 0, 0, 1, 27.12, 12806, 52, 0, 0
477, 92, 1, 5, 0, 0, 0.08%, 0, 0, 1, 27.16, 12944, 52, 0, 0
482, 93, 1, 5, 0, 0, 0.08%, 0, 0, 1, 27.27, 13082, 52, 0, 0
487, 94, 1, 5, 0, 0, 0.08%, 0, 0, 1, 27.24, 13220, 52, 0, 0
492, 95, 1, 5, 0, 0, 0.08%, 0, 0, 1, 27.08, 13358, 52, 0, 0
497, 96, 1, 5, 0, 0, 0.08%, 0, 0, 1, 27.01, 13496, 52, 0, 0
502, 97, 0, 5, 0, 0, 0.08%, 0, 0, 1, 27.04, 13634, 52, 0, 0
507, 98, 1, 5, 0, 0, 0.08%, 0, 0, 1, 27.08, 13772, 52, 0, 0
512, 99, 1, 5, 0, 0, 0.08%, 0, 0, 1, 27.47, 13910, 52, 0, 0
517, 100, 1, 5, 0, 0, 0.08%, 0, 0, 1, 27.53, 14048, 52, 0, 0
522, 101, 1, 5, 0, 0, 0.08%, 0, 0, 1, 27.57, 14186, 52, 0, 0
527, 102, 0, 5, 0, 0, 0.08%, 0, 0, 1, 27.61, 14330, 52, 0, 0
532, 103, 1, 5, 0, 0, 0.08%, 0, 0, 1, 27.60, 14468, 52, 0, 0
537, 104, 0, 5, 0, 0, 0.08%, 0, 0, 1, 27.45, 14606, 52, 0, 0
542, 105, 1, 5, 0, 0, 0.08%, 0, 0, 1, 27.20, 14744, 52, 0, 0
547, 106, 1, 5, 0, 0, 0.08%, 0, 0, 1, 27.10, 14882, 52, 0, 0
553, 107, 1, 5, 0, 0, 0.08%, 0, 0, 1, 27.15, 15020, 52, 0, 0
558, 108, 1, 5, 0, 0, 0.08%, 0, 0, 1, 27.43, 15158, 52, 0, 0
563, 109, 0, 5, 0, 0, 0.08%, 0, 0, 1, 27.59, 15302, 52, 0, 0
568, 110, 1, 5, 0, 0, 0.08%, 0, 0, 1, 27.83, 15446, 52, 0, 0
573, 111, 0, 5, 0, 0, 0.08%, 0, 0, 1, 27.99, 15590, 52, 0, 0
578, 112, 1, 5, 0, 0, 0.08%, 0, 0, 1, 28.02, 15734, 52, 0, 0
583, 113, 1, 5, 0, 0, 0.08%, 0, 0, 1, 28.00, 15878, 52, 0, 0
589, 114, 0, 5, 0, 0, 0.08%, 0, 0, 1, 27.67, 16022, 52, 0, 0
594, 115, 1, 5, 0, 0, 0.08%, 0, 0, 1, 27.62, 16166, 52, 0, 0
599, 116, 1, 5, 0, 0, 0.08%, 0, 0, 1, 27.46, 16304, 52, 0, 0
604, 117, 0, 5, 0, 0, 0.08%, 0, 0, 1, 27.47, 16442, 52, 0, 0
609, 118, 1, 5, 0, 0, 0.08%, 0, 0, 1, 27.47, 16580, 52, 0, 0
614, 119, 1, 5, 0, 0, 0.08%, 0, 0, 1, 27.54, 16718, 52, 0, 0
619, 120, 1, 5, 0, 0, 0.08%, 0, 0, 1, 27.59, 16862, 52, 0, 0
624, 121, 1, 5, 0, 0, 0.08%, 0, 0, 1, 27.49, 17000, 52, 0, 0
629, 122, 1, 5, 0, 0, 0.08%, 0, 0, 1, 27.08, 17138, 52, 0, 0
634, 123, 1, 5, 0, 0, 0.08%, 0, 0, 1, 26.88, 17276, 52, 0, 0
640, 124, 1, 5, 0, 0, 0.08%, 0, 0, 1, 26.81, 17414, 52, 0, 0
645, 125, 1, 5, 0, 0, 0.08%, 0, 0, 1, 26.90, 17552, 52, 0, 0
650, 126, 0, 5, 0, 0, 0.08%, 0, 0, 1, 26.94, 17690, 52, 0, 0
655, 127, 1, 5, 0, 0, 0.08%, 0, 0, 1, 26.97, 17828, 52, 0, 0
660, 128, 0, 5, 0, 0, 0.08%, 0, 0, 1, 26.94, 17966, 52, 0, 0
665, 129, 1, 5, 0, 0, 0.08%, 0, 0, 1, 26.98, 18104, 52, 0, 0
670, 130, 0, 5, 0, 0, 0.08%, 0, 0, 1, 26.94, 18242, 52, 0, 0
675, 131, 0, 5, 0, 0, 0.08%, 0, 0, 1, 26.97, 18380, 52, 0, 0
680, 132, 0, 5, 0, 0, 0.08%, 0, 0, 1, 26.92, 18518, 52, 0, 0
686, 132, 1, 5, 0, 0, 0.08%, 0, 0, 1, 26.97, 18656, 52, 0, 0
691, 133, 1, 5, 0, 0, 0.08%, 0, 0, 1, 27.10, 18794, 52, 0, 0
696, 134, 1, 5, 0, 0, 0.08%, 0, 0, 1, 27.12, 18932, 52, 0, 0
701, 135, 0, 5, 0, 0, 0.08%, 0, 0, 1, 27.11, 19070, 52, 0, 0
706, 136, 1, 5, 0, 0, 0.08%, 0, 0, 1, 27.12, 19208, 52, 0, 0
711, 137, 1, 5, 0, 0, 0.08%, 0, 0, 1, 27.12, 19346, 52, 0, 0
716, 138, 1, 5, 0, 0, 0.08%, 0, 0, 1, 27.09, 19484, 52, 0, 0
721, 139, 1, 5, 0, 0, 0.08%, 0, 0, 1, 27.11, 19622, 52, 0, 0
726, 140, 1, 5, 0, 0, 0.08%, 0, 0, 1, 27.17, 19760, 52, 0, 0
731, 141, 0, 5, 0, 0, 0.08%, 0, 0, 1, 27.15, 19898, 52, 0, 0
736, 142, 1, 5, 0, 0, 0.08%, 0, 0, 1, 27.17, 20036, 52, 0, 0
742, 143, 1, 5, 0, 0, 0.08%, 0, 0, 1, 27.15, 20174, 52, 0, 0
747, 144, 1, 5, 0, 0, 0.08%, 0, 0, 1, 27.15, 20312, 52, 0, 0
752, 145, 0, 5, 0, 0, 0.08%, 0, 0, 1, 27.16, 20450, 52, 0, 0
757, 146, 1, 5, 0, 0, 0.08%, 0, 0, 1, 27.17, 20588, 52, 0, 0
762, 147, 1, 5, 0, 0, 0.08%, 0, 0, 1, 27.19, 20726, 52, 0, 0
767, 148, 1, 5, 0, 0, 0.08%, 0, 0, 1, 27.21, 20864, 52, 0, 0
772, 149, 1, 5, 0, 0, 0.08%, 0, 0, 1, 27.21, 21002, 52, 0, 0
777, 150, 1, 5, 0, 0, 0.08%, 0, 0, 1, 27.15, 21140, 52, 0, 0
782, 151, 1, 5, 0, 0, 0.08%, 0, 0, 1, 27.33, 21278, 52, 0, 0
787, 152, 0, 5, 0, 0, 0.08%, 0, 0, 1, 27.37, 21416, 52, 0, 0
792, 153, 1, 5, 0, 0, 0.08%, 0, 0, 1, 27.41, 21554, 52, 0, 0
797, 154, 1, 5, 0, 0, 0.08%, 0, 0, 1, 27.47, 21692, 52, 0, 0
802, 155, 1, 5, 0, 0, 0.08%, 0, 0, 1, 27.56, 21836, 52, 0, 0
807, 156, 0, 5, 0, 0, 0.08%, 0, 0, 1, 27.48, 21974, 52, 0, 0
812, 157, 0, 5, 0, 0, 0.08%, 0, 0, 1, 27.56, 22112, 52, 0, 0
817, 158, 1, 5, 0, 0, 0.08%, 0, 0, 1, 27.57, 22250, 52, 0, 0
822, 159, 1, 5, 0, 0, 0.08%, 0, 0, 1, 27.60, 22388, 52, 0, 0
827, 160, 1, 5, 0, 0, 0.08%, 0, 0, 1, 27.56, 22526, 52, 0, 0
833, 161, 1, 5, 0, 0, 0.08%, 0, 0, 1, 27.46, 22664, 52, 0, 0
838, 162, 0, 5, 0, 0, 0.08%, 0, 0, 1, 27.21, 22801, 52, 0, 0
843, 163, 1, 5, 0, 0, 0.08%, 0, 0, 1, 27.15, 22939, 52, 0, 0
848, 164, 1, 5, 0, 0, 0.08%, 0, 0, 1, 27.36, 23077, 52, 0, 0
853, 165, 1, 5, 0, 0, 0.08%, 0, 0, 1, 27.43, 23215, 52, 0, 0
858, 166, 1, 5, 0, 0, 0.08%, 0, 0, 1, 27.45, 23353, 52, 0, 0
863, 167, 1, 5, 0, 0, 0.08%, 0, 0, 1, 27.42, 23491, 52, 0, 0
868, 168, 0, 5, 0, 0, 0.08%, 0, 0, 1, 27.14, 23629, 52, 0, 0
873, 169, 1, 5, 0, 0, 0.08%, 0, 0, 1, 27.10, 23767, 52, 0, 0
878, 170, 1, 5, 0, 0, 0.08%, 0, 0, 1, 27.12, 23905, 52, 0, 0
883, 171, 1, 5, 0, 0, 0.08%, 0, 0, 1, 27.12, 24043, 52, 0, 0
888, 172, 1, 5, 0, 0, 0.08%, 0, 0, 1, 27.06, 24181, 52, 0, 0
893, 173, 1, 5, 0, 0, 0.08%, 0, 0, 1, 26.82, 24317, 52, 0, 0
897, 174, 1, 5, 0, 0, 0.08%, 0, 0, 1, 26.23, 24414, 52, 0, 0
