# relative_time, cycles_done, cur_item, corpus_count, pending_total, pending_favs, map_size, saved_crashes, saved_hangs, max_depth, execs_per_sec, total_execs, edges_found, total_crashes, servers_count
61, 8, 1, 5, 0, 0, 0.10%, 0, 0, 1, 19.10, 1167, 63, 0, 0
66, 9, 1, 5, 0, 0, 0.10%, 0, 0, 1, 18.09, 1259, 63, 0, 0
71, 9, 1, 5, 0, 0, 0.10%, 0, 0, 1, 17.65, 1347, 63, 0, 0
76, 10, 1, 5, 0, 0, 0.10%, 0, 0, 1, 17.61, 1439, 63, 0, 0
82, 11, 1, 5, 0, 0, 0.10%, 0, 0, 1, 18.21, 1530, 63, 0, 0
87, 11, 1, 5, 0, 0, 0.10%, 0, 0, 1, 18.14, 1621, 63, 0, 0
92, 12, 1, 5, 0, 0, 0.10%, 0, 0, 1, 19.11, 1720, 63, 0, 0
97, 13, 1, 5, 0, 0, 0.10%, 0, 0, 1, 17.42, 1809, 63, 0, 0
102, 13, 1, 5, 0, 0, 0.10%, 0, 0, 1, 18.45, 1904, 63, 0, 0
107, 14, 1, 5, 0, 0, 0.10%, 0, 0, 1, 18.30, 1999, 63, 0, 0
112, 15, 1, 5, 0, 0, 0.10%, 0, 0, 1, 18.63, 2095, 63, 0, 0
117, 15, 1, 5, 0, 0, 0.10%, 0, 0, 1, 18.03, 2185, 63, 0, 0
123, 16, 1, 5, 0, 0, 0.10%, 0, 0, 1, 18.05, 2276, 63, 0, 0
128, 17, 1, 5, 0, 0, 0.10%, 0, 0, 1, 17.12, 2364, 63, 0, 0
133, 17, 1, 5, 0, 0, 0.10%, 0, 0, 1, 17.09, 2452, 63, 0, 0
138, 18, 1, 5, 0, 0, 0.10%, 0, 0, 1, 18.01, 2542, 63, 0, 0
143, 19, 1, 5, 0, 0, 0.10%, 0, 0, 1, 17.76, 2632, 63, 0, 0
148, 19, 1, 5, 0, 0, 0.10%, 0, 0, 1, 16.97, 2717, 63, 0, 0
153, 20, 1, 5, 0, 0, 0.10%, 0, 0, 1, 17.37, 2808, 63, 0, 0
158, 21, 1, 5, 0, 0, 0.10%, 0, 0, 1, 17.38, 2898, 63, 0, 0
164, 21, 1, 5, 0, 0, 0.10%, 0, 0, 1, 17.90, 2989, 63, 0, 0
169, 22, 1, 5, 0, 0, 0.10%, 0, 0, 1, 17.73, 3079, 63, 0, 0
174, 22, 1, 5, 0, 0, 0.10%, 0, 0, 1, 16.98, 3163, 63, 0, 0
179, 23, 1, 5, 0, 0, 0.10%, 0, 0, 1, 17.07, 3250, 63, 0, 0
184, 24, 1, 5, 0, 0, 0.10%, 0, 0, 1, 17.01, 3335, 63, 0, 0
189, 24, 1, 5, 0, 0, 0.10%, 0, 0, 1, 17.43, 3425, 63, 0, 0
194, 25, 1, 5, 0, 0, 0.10%, 0, 0, 1, 17.64, 3514, 63, 0, 0
199, 26, 1, 5, 0, 0, 0.10%, 0, 0, 1, 18.27, 3610, 63, 0, 0
204, 26, 1, 5, 0, 0, 0.10%, 0, 0, 1, 17.69, 3699, 63, 0, 0
210, 27, 0, 5, 0, 0, 0.10%, 0, 0, 1, 18.10, 3794, 63, 0, 0
215, 28, 1, 5, 0, 0, 0.10%, 0, 0, 1, 17.23, 3882, 63, 0, 0
220, 29, 1, 5, 0, 0, 0.10%, 0, 0, 1, 18.24, 3977, 63, 0, 0
225, 29, 1, 5, 0, 0, 0.10%, 0, 0, 1, 17.98, 4068, 63, 0, 0
230, 30, 1, 5, 0, 0, 0.10%, 0, 0, 1, 17.76, 4157, 63, 0, 0
235, 31, 1, 5, 0, 0, 0.10%, 0, 0, 1, 17.88, 4250, 63, 0, 0
240, 31, 1, 5, 0, 0, 0.10%, 0, 0, 1, 17.78, 4338, 63, 0, 0
245, 32, 1, 5, 0, 0, 0.10%, 0, 0, 1, 17.92, 4427, 63, 0, 0
250, 33, 1, 5, 0, 0, 0.10%, 0, 0, 1, 18.38, 4518, 63, 0, 0
255, 33, 1, 5, 0, 0, 0.10%, 0, 0, 1, 17.97, 4608, 63, 0, 0
260, 34, 1, 5, 0, 0, 0.10%, 0, 0, 1, 17.07, 4692, 63, 0, 0
265, 35, 1, 5, 0, 0, 0.10%, 0, 0, 1, 17.97, 4782, 63, 0, 0
270, 35, 1, 5, 0, 0, 0.10%, 0, 0, 1, 17.49, 4869, 63, 0, 0
275, 36, 1, 5, 0, 0, 0.10%, 0, 0, 1, 16.95, 4953, 63, 0, 0
280, 37, 1, 5, 0, 0, 0.10%, 0, 0, 1, 18.16, 5047, 63, 0, 0
286, 37, 0, 5, 0, 0, 0.10%, 0, 0, 1, 17.50, 5137, 63, 0, 0
291, 38, 1, 5, 0, 0, 0.10%, 0, 0, 1, 17.34, 5223, 63, 0, 0
296, 39, 1, 5, 0, 0, 0.10%, 0, 0, 1, 17.75, 5318, 63, 0, 0
301, 39, 1, 5, 0, 0, 0.10%, 0, 0, 1, 14.91, 5383, 63, 0, 0
306, 40, 1, 5, 0, 0, 0.10%, 0, 0, 1, 17.14, 5473, 63, 0, 0
311, 40, 1, 5, 0, 0, 0.10%, 0, 0, 1, 18.20, 5565, 63, 0, 0
316, 41, 1, 5, 0, 0, 0.10%, 0, 0, 1, 18.44, 5659, 63, 0, 0
321, 42, 0, 5, 0, 0, 0.10%, 0, 0, 1, 18.08, 5752, 63, 0, 0
326, 43, 1, 5, 0, 0, 0.10%, 0, 0, 1, 18.58, 5843, 63, 0, 0
332, 43, 1, 5, 0, 0, 0.10%, 0, 0, 1, 18.48, 5937, 63, 0, 0
337, 44, 0, 5, 0, 0, 0.10%, 0, 0, 1, 18.06, 6028, 63, 0, 0
342, 45, 1, 5, 0, 0, 0.10%, 0, 0, 1, 18.65, 6123, 63, 0, 0
347, 45, 1, 5, 0, 0, 0.10%, 0, 0, 1, 17.59, 6212, 63, 0, 0
352, 46, 1, 5, 0, 0, 0.10%, 0, 0, 1, 17.25, 6297, 63, 0, 0
357, 47, 1, 5, 0, 0, 0.10%, 0, 0, 1, 16.54, 6384, 63, 0, 0
362, 47, 1, 5, 0, 0, 0.10%, 0, 0, 1, 17.17, 6473, 63, 0, 0
368, 48, 1, 5, 0, 0, 0.10%, 0, 0, 1, 17.74, 6565, 63, 0, 0
373, 49, 1, 5, 0, 0, 0.10%, 0, 0, 1, 18.26, 6656, 63, 0, 0
378, 49, 1, 5, 0, 0, 0.10%, 0, 0, 1, 17.52, 6746, 63, 0, 0
383, 50, 1, 5, 0, 0, 0.10%, 0, 0, 1, 18.07, 6838, 63, 0, 0
388, 51, 1, 5, 0, 0, 0.10%, 0, 0, 1, 18.00, 6929, 63, 0, 0
393, 51, 1, 5, 0, 0, 0.10%, 0, 0, 1, 18.72, 7025, 63, 0, 0
398, 52, 1, 5, 0, 0, 0.10%, 0, 0, 1, 18.50, 7118, 63, 0, 0
403, 53, 1, 5, 0, 0, 0.10%, 0, 0, 1, 18.56, 7215, 63, 0, 0
409, 54, 1, 5, 0, 0, 0.10%, 0, 0, 1, 18.29, 7310, 63, 0, 0
414, 54, 1, 5, 0, 0, 0.10%, 0, 0, 1, 18.63, 7405, 63, 0, 0
419, 55, 1, 5, 0, 0, 0.10%, 0, 0, 1, 18.14, 7499, 63, 0, 0
424, 56, 1, 5, 0, 0, 0.10%, 0, 0, 1, 18.37, 7594, 63, 0, 0
429, 56, 1, 5, 0, 0, 0.10%, 0, 0, 1, 17.77, 7683, 63, 0, 0
434, 57, 0, 5, 0, 0, 0.10%, 0, 0, 1, 17.96, 7777, 63, 0, 0
439, 58, 0, 5, 0, 0, 0.10%, 0, 0, 1, 17.53, 7866, 63, 0, 0
444, 58, 1, 5, 0, 0, 0.10%, 0, 0, 1, 17.72, 7956, 63, 0, 0
449, 59, 1, 5, 0, 0, 0.10%, 0, 0, 1, 18.05, 8048, 63, 0, 0
455, 60, 1, 5, 0, 0, 0.10%, 0, 0, 1, 17.91, 8139, 63, 0, 0
460, 60, 1, 5, 0, 0, 0.10%, 0, 0, 1, 17.71, 8227, 63, 0, 0
465, 61, 1, 5, 0, 0, 0.10%, 0, 0, 1, 17.56, 8315, 63, 0, 0
470, 62, 1, 5, 0, 0, 0.10%, 0, 0, 1, 17.40, 8404, 63, 0, 0
475, 62, 1, 5, 0, 0, 0.10%, 0, 0, 1, 17.01, 8492, 63, 0, 0
480, 63, 1, 5, 0, 0, 0.10%, 0, 0, 1, 16.96, 8578, 63, 0, 0
485, 64, 1, 5, 0, 0, 0.10%, 0, 0, 1, 17.55, 8667, 63, 0, 0
490, 64, 1, 5, 0, 0, 0.10%, 0, 0, 1, 17.37, 8756, 63, 0, 0
496, 65, 1, 5, 0, 0, 0.10%, 0, 0, 1, 17.17, 8844, 63, 0, 0
501, 66, 1, 5, 0, 0, 0.10%, 0, 0, 1, 17.40, 8933, 63, 0, 0
506, 66, 1, 5, 0, 0, 0.10%, 0, 0, 1, 17.72, 9024, 63, 0, 0
511, 67, 1, 5, 0, 0, 0.10%, 0, 0, 1, 17.86, 9116, 63, 0, 0
516, 68, 1, 5, 0, 0, 0.10%, 0, 0, 1, 17.88, 9206, 63, 0, 0
521, 68, 1, 5, 0, 0, 0.10%, 0, 0, 1, 17.61, 9294, 63, 0, 0
526, 69, 1, 5, 0, 0, 0.10%, 0, 0, 1, 17.36, 9384, 63, 0, 0
531, 70, 0, 5, 0, 0, 0.10%, 0, 0, 1, 16.86, 9473, 63, 0, 0
536, 70, 1, 5, 0, 0, 0.10%, 0, 0, 1, 16.92, 9557, 63, 0, 0
542, 71, 1, 5, 0, 0, 0.10%, 0, 0, 1, 17.02, 9645, 63, 0, 0
547, 72, 0, 5, 0, 0, 0.10%, 0, 0, 1, 17.47, 9734, 63, 0, 0
552, 72, 1, 5, 0, 0, 0.10%, 0, 0, 1, 17.90, 9827, 63, 0, 0
557, 73, 1, 5, 0, 0, 0.10%, 0, 0, 1, 17.57, 9917, 63, 0, 0
562, 74, 1, 5, 0, 0, 0.10%, 0, 0, 1, 17.60, 10008, 63, 0, 0
567, 74, 1, 5, 0, 0, 0.10%, 0, 0, 1, 18.02, 10101, 63, 0, 0
572, 75, 1, 5, 0, 0, 0.10%, 0, 0, 1, 18.91, 10196, 63, 0, 0
577, 76, 1, 5, 0, 0, 0.10%, 0, 0, 1, 18.21, 10291, 63, 0, 0
583, 77, 1, 5, 0, 0, 0.10%, 0, 0, 1, 18.62, 10388, 63, 0, 0
588, 77, 1, 5, 0, 0, 0.10%, 0, 0, 1, 18.26, 10482, 63, 0, 0
593, 78, 1, 5, 0, 0, 0.10%, 0, 0, 1, 17.78, 10573, 63, 0, 0
598, 79, 1, 5, 0, 0, 0.10%, 0, 0, 1, 17.81, 10665, 63, 0, 0
603, 79, 1, 5, 0, 0, 0.10%, 0, 0, 1, 17.45, 10755, 63, 0, 0
608, 80, 1, 5, 0, 0, 0.10%, 0, 0, 1, 17.54, 10843, 63, 0, 0
613, 80, 1, 5, 0, 0, 0.10%, 0, 0, 1, 17.53, 10932, 63, 0, 0
618, 81, 1, 5, 0, 0, 0.10%, 0, 0, 1, 17.36, 11022, 63, 0, 0
623, 82, 1, 5, 0, 0, 0.10%, 0, 0, 1, 17.83, 11113, 63, 0, 0
628, 83, 1, 5, 0, 0, 0.10%, 0, 0, 1, 17.28, 11198, 63, 0, 0
634, 83, 1, 5, 0, 0, 0.10%, 0, 0, 1, 17.67, 11289, 63, 0, 0
639, 84, 1, 5, 0, 0, 0.10%, 0, 0, 1, 17.04, 11373, 63, 0, 0
644, 84, 1, 5, 0, 0, 0.10%, 0, 0, 1, 16.90, 11457, 63, 0, 0
649, 85, 1, 5, 0, 0, 0.10%, 0, 0, 1, 17.37, 11548, 63, 0, 0
654, 86, 1, 5, 0, 0, 0.10%, 0, 0, 1, 17.66, 11638, 63, 0, 0
659, 86, 0, 5, 0, 0, 0.10%, 0, 0, 1, 17.23, 11727, 63, 0, 0
664, 87, 1, 5, 0, 0, 0.10%, 0, 0, 1, 17.25, 11815, 63, 0, 0
669, 88, 1, 5, 0, 0, 0.10%, 0, 0, 1, 16.88, 11903, 63, 0, 0
675, 88, 1, 5, 0, 0, 0.10%, 0, 0, 1, 17.23, 11992, 63, 0, 0
680, 89, 0, 5, 0, 0, 0.10%, 0, 0, 1, 17.20, 12082, 63, 0, 0
685, 90, 1, 5, 0, 0, 0.10%, 0, 0, 1, 17.73, 12173, 63, 0, 0
690, 91, 1, 5, 0, 0, 0.10%, 0, 0, 1, 18.11, 12263, 63, 0, 0
695, 91, 1, 5, 0, 0, 0.10%, 0, 0, 1, 18.62, 12357, 63, 0, 0
700, 92, 1, 5, 0, 0, 0.10%, 0, 0, 1, 17.92, 12450, 63, 0, 0
705, 93, 1, 5, 0, 0, 0.10%, 0, 0, 1, 17.79, 12540, 63, 0, 0
710, 93, 1, 5, 0, 0, 0.10%, 0, 0, 1, 17.55, 12630, 63, 0, 0
716, 94, 1, 5, 0, 0, 0.10%, 0, 0, 1, 17.52, 12718, 63, 0, 0
721, 94, 1, 5, 0, 0, 0.10%, 0, 0, 1, 17.53, 12805, 63, 0, 0
726, 95, 1, 5, 0, 0, 0.10%, 0, 0, 1, 17.29, 12892, 63, 0, 0
731, 96, 1, 5, 0, 0, 0.10%, 0, 0, 1, 17.68, 12979, 63, 0, 0
736, 96, 0, 5, 0, 0, 0.10%, 0, 0, 1, 17.67, 13072, 63, 0, 0
741, 97, 1, 5, 0, 0, 0.10%, 0, 0, 1, 17.17, 13162, 63, 0, 0
746, 98, 1, 5, 0, 0, 0.10%, 0, 0, 1, 17.26, 13250, 63, 0, 0
752, 98, 1, 5, 0, 0, 0.10%, 0, 0, 1, 17.94, 13342, 63, 0, 0
757, 99, 1, 5, 0, 0, 0.10%, 0, 0, 1, 18.47, 13434, 63, 0, 0
762, 100, 0, 5, 0, 0, 0.10%, 0, 0, 1, 17.99, 13524, 63, 0, 0
767, 100, 1, 5, 0, 0, 0.10%, 0, 0, 1, 17.83, 13613, 63, 0, 0
772, 101, 0, 5, 0, 0, 0.10%, 0, 0, 1, 17.80, 13702, 63, 0, 0
777, 102, 1, 5, 0, 0, 0.10%, 0, 0, 1, 18.22, 13795, 63, 0, 0
782, 102, 1, 5, 0, 0, 0.10%, 0, 0, 1, 18.74, 13891, 63, 0, 0
787, 103, 1, 5, 0, 0, 0.10%, 0, 0, 1, 18.57, 13987, 63, 0, 0
792, 104, 1, 5, 0, 0, 0.10%, 0, 0, 1, 17.98, 14077, 63, 0, 0
797, 104, 1, 5, 0, 0, 0.10%, 0, 0, 1, 17.42, 14165, 63, 0, 0
802, 105, 1, 5, 0, 0, 0.10%, 0, 0, 1, 17.88, 14259, 63, 0, 0
808, 106, 1, 5, 0, 0, 0.10%, 0, 0, 1, 18.43, 14355, 63, 0, 0
813, 106, 1, 5, 0, 0, 0.10%, 0, 0, 1, 18.12, 14445, 63, 0, 0
818, 107, 1, 5, 0, 0, 0.10%, 0, 0, 1, 18.19, 14537, 63, 0, 0
823, 108, 1, 5, 0, 0, 0.10%, 0, 0, 1, 18.10, 14630, 63, 0, 0
828, 108, 1, 5, 0, 0, 0.10%, 0, 0, 1, 18.25, 14721, 63, 0, 0
833, 109, 1, 5, 0, 0, 0.10%, 0, 0, 1, 17.78, 14810, 63, 0, 0
838, 110, 1, 5, 0, 0, 0.10%, 0, 0, 1, 17.44, 14899, 63, 0, 0
843, 110, 1, 5, 0, 0, 0.10%, 0, 0, 1, 17.43, 14988, 63, 0, 0
848, 111, 0, 5, 0, 0, 0.10%, 0, 0, 1, 18.17, 15080, 63, 0, 0
853, 112, 1, 5, 0, 0, 0.10%, 0, 0, 1, 17.89, 15170, 63, 0, 0
858, 113, 0, 5, 0, 0, 0.10%, 0, 0, 1, 18.26, 15265, 63, 0, 0
864, 113, 1, 5, 0, 0, 0.10%, 0, 0, 1, 18.61, 15363, 63, 0, 0
869, 114, 1, 5, 0, 0, 0.10%, 0, 0, 1, 18.86, 15459, 63, 0, 0
874, 115, 1, 5, 0, 0, 0.10%, 0, 0, 1, 18.62, 15554, 63, 0, 0
879, 115, 1, 5, 0, 0, 0.10%, 0, 0, 1, 18.28, 15646, 63, 0, 0
884, 116, 1, 5, 0, 0, 0.10%, 0, 0, 1, 18.02, 15738, 63, 0, 0
889, 117, 1, 5, 0, 0, 0.10%, 0, 0, 1, 18.02, 15833, 63, 0, 0
894, 117, 1, 5, 0, 0, 0.10%, 0, 0, 1, 17.41, 15922, 63, 0, 0
897, 118, 1, 5, 0, 0, 0.10%, 0, 0, 1, 17.29, 15960, 63, 0, 0
