# relative_time, cycles_done, cur_item, corpus_count, pending_total, pending_favs, map_size, saved_crashes, saved_hangs, max_depth, execs_per_sec, total_execs, edges_found, total_crashes, servers_count
64, 0, 1, 5, 0, 0, 0.02%, 1, 0, 1, 0.81, 169, 13, 40, 0
72, 0, 1, 5, 0, 0, 0.02%, 1, 0, 1, 0.28, 180, 13, 49, 0
77, 0, 1, 5, 0, 0, 0.02%, 1, 0, 1, 0.86, 188, 13, 52, 0
83, 0, 1, 5, 0, 0, 0.02%, 1, 0, 1, 2.76, 230, 13, 63, 0
90, 0, 1, 5, 0, 0, 0.02%, 1, 0, 1, 3.28, 294, 13, 69, 0
97, 0, 1, 5, 0, 0, 0.02%, 1, 0, 1, 3.39, 317, 13, 72, 0
102, 0, 1, 5, 0, 0, 0.02%, 1, 0, 1, 3.19, 326, 13, 74, 0
108, 1, 1, 5, 0, 0, 0.02%, 1, 0, 1, 8.08, 404, 13, 82, 0
113, 1, 1, 5, 0, 0, 0.02%, 1, 0, 1, 10.49, 448, 13, 88, 0
120, 1, 1, 5, 0, 0, 0.02%, 1, 0, 1, 1.56, 503, 13, 100, 0
127, 1, 1, 5, 0, 0, 0.02%, 1, 0, 1, 0.70, 529, 13, 107, 0
134, 1, 1, 5, 0, 0, 0.02%, 1, 0, 1, 0.55, 550, 13, 112, 0
139, 1, 1, 5, 0, 0, 0.02%, 1, 0, 1, 0.62, 568, 13, 117, 0
144, 1, 1, 5, 0, 0, 0.02%, 1, 0, 1, 4.80, 580, 13, 123, 0
150, 1, 1, 5, 0, 0, 0.02%, 1, 0, 1, 1.74, 644, 13, 129, 0
155, 1, 1, 5, 0, 0, 0.02%, 1, 0, 1, 22.49, 677, 13, 137, 0
164, 1, 1, 5, 0, 0, 0.02%, 1, 0, 1, 2.26, 722, 13, 143, 0
169, 2, 1, 5, 0, 0, 0.02%, 1, 0, 1, 26.71, 748, 13, 148, 0
175, 2, 1, 5, 0, 0, 0.02%, 1, 0, 1, 5.76, 781, 13, 157, 0
181, 2, 1, 5, 0, 0, 0.02%, 1, 0, 1, 0.50, 792, 13, 162, 0
186, 2, 1, 5, 0, 0, 0.02%, 1, 0, 1, 19.79, 824, 13, 170, 0
191, 2, 1, 5, 0, 0, 0.02%, 1, 0, 1, 6.82, 884, 13, 177, 0
199, 2, 1, 5, 0, 0, 0.02%, 1, 0, 1, 1.85, 927, 13, 183, 0
204, 2, 1, 5, 0, 0, 0.02%, 1, 0, 1, 2.10, 943, 13, 186, 0
209, 2, 1, 5, 0, 0, 0.02%, 1, 0, 1, 11.86, 1006, 13, 190, 0
215, 2, 1, 5, 0, 0, 0.02%, 1, 0, 1, 2.28, 1017, 13, 193, 0
221, 2, 1, 5, 0, 0, 0.02%, 1, 0, 1, 2.56, 1025, 13, 197, 0
228, 3, 1, 5, 0, 0, 0.02%, 1, 0, 1, 0.57, 1082, 13, 202, 0
234, 3, 1, 5, 0, 0, 0.02%, 1, 0, 1, 0.29, 1088, 13, 208, 0
240, 3, 1, 5, 0, 0, 0.02%, 1, 0, 1, 0.34, 1091, 13, 210, 0
246, 3, 1, 5, 0, 0, 0.02%, 1, 0, 1, 0.39, 1097, 13, 213, 0
251, 3, 1, 5, 0, 0, 0.02%, 1, 0, 1, 4.70, 1106, 13, 218, 0
258, 3, 1, 5, 0, 0, 0.02%, 1, 0, 1, 0.50, 1113, 13, 223, 0
264, 3, 1, 5, 0, 0, 0.02%, 1, 0, 1, 2.60, 1122, 13, 229, 0
270, 3, 1, 5, 0, 0, 0.02%, 1, 0, 1, 0.46, 1167, 13, 241, 0
276, 3, 1, 5, 0, 0, 0.02%, 1, 0, 1, 21.54, 1207, 13, 247, 0
281, 3, 1, 5, 0, 0, 0.02%, 1, 0, 1, 67.27, 1269, 13, 250, 0
286, 3, 1, 5, 0, 0, 0.02%, 1, 0, 1, 70.75, 1312, 13, 254, 0
291, 3, 1, 5, 0, 0, 0.02%, 1, 0, 1, 2.18, 1322, 13, 258, 0
299, 3, 1, 5, 0, 0, 0.02%, 1, 0, 1, 0.30, 1331, 13, 261, 0
305, 3, 1, 5, 0, 0, 0.02%, 1, 0, 1, 0.91, 1377, 13, 263, 0
313, 3, 1, 5, 0, 0, 0.02%, 1, 0, 1, 0.25, 1396, 13, 268, 0
318, 3, 1, 5, 0, 0, 0.02%, 1, 0, 1, 5.94, 1411, 13, 275, 0
326, 3, 1, 5, 0, 0, 0.02%, 1, 0, 1, 5.36, 1425, 13, 279, 0
333, 3, 1, 5, 0, 0, 0.02%, 1, 0, 1, 0.27, 1431, 13, 282, 0
342, 4, 1, 5, 0, 0, 0.02%, 1, 0, 1, 0.31, 1434, 13, 285, 0
349, 4, 1, 5, 0, 0, 0.02%, 1, 0, 1, 0.31, 1436, 13, 287, 0
354, 4, 1, 5, 0, 0, 0.02%, 1, 0, 1, 4.51, 1443, 13, 292, 0
360, 4, 1, 5, 0, 0, 0.02%, 1, 0, 1, 0.37, 1452, 13, 298, 0
366, 4, 1, 5, 0, 0, 0.02%, 1, 0, 1, 0.25, 1458, 13, 301, 0
374, 4, 1, 5, 0, 0, 0.02%, 1, 0, 1, 0.28, 1466, 13, 306, 0
380, 4, 1, 5, 0, 0, 0.02%, 1, 0, 1, 1.71, 1473, 13, 308, 0
385, 4, 1, 5, 0, 0, 0.02%, 1, 0, 1, 0.32, 1477, 13, 312, 0
392, 4, 1, 5, 0, 0, 0.02%, 1, 0, 1, 0.36, 1480, 13, 315, 0
400, 4, 1, 5, 0, 0, 0.02%, 1, 0, 1, 1.04, 1488, 13, 318, 0
405, 4, 1, 5, 0, 0, 0.02%, 1, 0, 1, 15.09, 1523, 13, 323, 0
411, 4, 1, 5, 0, 0, 0.02%, 1, 0, 1, 2.62, 1542, 13, 327, 0
416, 4, 1, 5, 0, 0, 0.02%, 1, 0, 1, 17.84, 1592, 13, 332, 0
421, 4, 1, 5, 0, 0, 0.02%, 1, 0, 1, 8.97, 1618, 13, 338, 0
428, 4, 1, 5, 0, 0, 0.02%, 1, 0, 1, 1.51, 1628, 13, 341, 0
434, 4, 1, 5, 0, 0, 0.02%, 1, 0, 1, 1.00, 1640, 13, 344, 0
440, 4, 1, 5, 0, 0, 0.02%, 1, 0, 1, 1.00, 1645, 13, 346, 0
445, 4, 1, 5, 0, 0, 0.02%, 1, 0, 1, 0.76, 1658, 13, 348, 0
450, 4, 1, 5, 0, 0, 0.02%, 1, 0, 1, 9.22, 1678, 13, 353, 0
456, 4, 1, 5, 0, 0, 0.02%, 1, 0, 1, 1.45, 1685, 13, 357, 0
463, 4, 1, 5, 0, 0, 0.02%, 1, 0, 1, 1.84, 1693, 13, 364, 0
469, 4, 1, 5, 0, 0, 0.02%, 1, 0, 1, 0.34, 1700, 13, 370, 0
475, 4, 1, 5, 0, 0, 0.02%, 1, 0, 1, 0.40, 1708, 13, 377, 0
482, 4, 1, 5, 0, 0, 0.02%, 1, 0, 1, 0.25, 1715, 13, 383, 0
490, 4, 1, 5, 0, 0, 0.02%, 1, 0, 1, 0.27, 1720, 13, 387, 0
497, 4, 1, 5, 0, 0, 0.02%, 1, 0, 1, 0.25, 1725, 13, 392, 0
504, 4, 1, 5, 0, 0, 0.02%, 1, 0, 1, 0.26, 1727, 13, 394, 0
510, 4, 1, 5, 0, 0, 0.02%, 1, 0, 1, 0.28, 1730, 13, 397, 0
517, 5, 1, 5, 0, 0, 0.02%, 1, 0, 1, 0.58, 1788, 13, 406, 0
522, 5, 1, 5, 0, 0, 0.02%, 1, 0, 1, 4.64, 1797, 13, 413, 0
527, 5, 1, 5, 0, 0, 0.02%, 1, 0, 1, 0.87, 1805, 13, 419, 0
533, 5, 1, 5, 0, 0, 0.02%, 1, 0, 1, 0.56, 1810, 13, 422, 0
539, 5, 1, 5, 0, 0, 0.02%, 1, 0, 1, 0.78, 1821, 13, 429, 0
545, 5, 1, 5, 0, 0, 0.02%, 1, 0, 1, 1.58, 1840, 13, 440, 0
550, 5, 1, 5, 0, 0, 0.02%, 1, 0, 1, 2.15, 1852, 13, 445, 0
556, 5, 1, 5, 0, 0, 0.02%, 1, 0, 1, 0.48, 1865, 13, 454, 0
561, 5, 1, 5, 0, 0, 0.02%, 1, 0, 1, 0.55, 1877, 13, 459, 0
567, 5, 1, 5, 0, 0, 0.02%, 1, 0, 1, 4.93, 1885, 13, 463, 0
573, 5, 1, 5, 0, 0, 0.02%, 1, 0, 1, 0.61, 1903, 13, 471, 0
581, 5, 1, 5, 0, 0, 0.02%, 1, 0, 1, 0.79, 1917, 13, 476, 0
586, 5, 1, 5, 0, 0, 0.02%, 1, 0, 1, 0.99, 1925, 13, 479, 0
592, 5, 1, 5, 0, 0, 0.02%, 1, 0, 1, 0.92, 1927, 13, 481, 0
597, 5, 1, 5, 0, 0, 0.02%, 1, 0, 1, 12.64, 1991, 13, 488, 0
603, 5, 1, 5, 0, 0, 0.02%, 1, 0, 1, 0.47, 1996, 13, 492, 0
609, 5, 1, 5, 0, 0, 0.02%, 1, 0, 1, 1.92, 2033, 13, 501, 0
614, 5, 1, 5, 0, 0, 0.02%, 1, 0, 1, 18.03, 2043, 13, 507, 0
619, 5, 1, 5, 0, 0, 0.02%, 1, 0, 1, 8.67, 2057, 13, 514, 0
625, 5, 1, 5, 0, 0, 0.02%, 1, 0, 1, 1.71, 2062, 13, 517, 0
630, 5, 1, 5, 0, 0, 0.02%, 1, 0, 1, 1.93, 2070, 13, 521, 0
635, 5, 1, 5, 0, 0, 0.02%, 1, 0, 1, 0.47, 2078, 13, 526, 0
641, 5, 1, 5, 0, 0, 0.02%, 1, 0, 1, 0.55, 2084, 13, 528, 0
649, 5, 1, 5, 0, 0, 0.02%, 1, 0, 1, 0.74, 2093, 13, 532, 0
655, 5, 1, 5, 0, 0, 0.02%, 1, 0, 1, 0.76, 2098, 13, 535, 0
660, 5, 1, 5, 0, 0, 0.02%, 1, 0, 1, 5.29, 2107, 13, 541, 0
666, 5, 1, 5, 0, 0, 0.02%, 1, 0, 1, 0.52, 2110, 13, 543, 0
671, 5, 1, 5, 0, 0, 0.02%, 1, 0, 1, 0.51, 2112, 13, 545, 0
678, 5, 1, 5, 0, 0, 0.02%, 1, 0, 1, 0.38, 2122, 13, 552, 0
683, 5, 1, 5, 0, 0, 0.02%, 1, 0, 1, 0.39, 2124, 13, 554, 0
689, 5, 1, 5, 0, 0, 0.02%, 1, 0, 1, 4.62, 2130, 13, 557, 0
695, 6, 1, 5, 0, 0, 0.02%, 1, 0, 1, 0.74, 2169, 13, 561, 0
700, 6, 1, 5, 0, 0, 0.02%, 1, 0, 1, 0.32, 2186, 13, 564, 0
706, 6, 1, 5, 0, 0, 0.02%, 1, 0, 1, 0.34, 2192, 13, 569, 0
713, 6, 1, 5, 0, 0, 0.02%, 1, 0, 1, 0.37, 2196, 13, 571, 0
718, 6, 1, 5, 0, 0, 0.02%, 1, 0, 1, 2.73, 2211, 13, 577, 0
724, 6, 1, 5, 0, 0, 0.02%, 1, 0, 1, 1.53, 2214, 13, 579, 0
730, 6, 1, 5, 0, 0, 0.02%, 1, 0, 1, 0.29, 2221, 13, 584, 0
737, 6, 1, 5, 0, 0, 0.02%, 1, 0, 1, 0.29, 2223, 13, 586, 0
744, 6, 1, 5, 0, 0, 0.02%, 1, 0, 1, 0.50, 2233, 13, 591, 0
751, 6, 1, 5, 0, 0, 0.02%, 1, 0, 1, 2.17, 2259, 13, 600, 0
757, 6, 1, 5, 0, 0, 0.02%, 1, 0, 1, 3.48, 2283, 13, 611, 0
763, 6, 1, 5, 0, 0, 0.02%, 1, 0, 1, 3.20, 2292, 13, 614, 0
771, 6, 1, 5, 0, 0, 0.02%, 1, 0, 1, 0.50, 2298, 13, 618, 0
777, 6, 1, 5, 0, 0, 0.02%, 1, 0, 1, 1.45, 2317, 13, 622, 0
784, 6, 1, 5, 0, 0, 0.02%, 1, 0, 1, 0.31, 2328, 13, 628, 0
790, 6, 1, 5, 0, 0, 0.02%, 1, 0, 1, 0.50, 2371, 13, 636, 0
797, 6, 1, 5, 0, 0, 0.02%, 1, 0, 1, 0.49, 2380, 13, 640, 0
803, 6, 1, 5, 0, 0, 0.02%, 1, 0, 1, 7.39, 2432, 13, 644, 0
809, 6, 1, 5, 0, 0, 0.02%, 1, 0, 1, 0.75, 2436, 13, 647, 0
816, 6, 1, 5, 0, 0, 0.02%, 1, 0, 1, 0.67, 2442, 13, 652, 0
822, 6, 1, 5, 0, 0, 0.02%, 1, 0, 1, 0.52, 2449, 13, 655, 0
828, 6, 1, 5, 0, 0, 0.02%, 1, 0, 1, 0.67, 2456, 13, 659, 0
834, 6, 1, 5, 0, 0, 0.02%, 1, 0, 1, 0.42, 2460, 13, 663, 0
841, 6, 1, 5, 0, 0, 0.02%, 1, 0, 1, 0.49, 2467, 13, 667, 0
847, 6, 1, 5, 0, 0, 0.02%, 1, 0, 1, 0.30, 2471, 13, 671, 0
852, 6, 1, 5, 0, 0, 0.02%, 1, 0, 1, 3.38, 2477, 13, 675, 0
859, 7, 1, 5, 0, 0, 0.02%, 1, 0, 1, 4.23, 2489, 13, 680, 0
866, 7, 1, 5, 0, 0, 0.02%, 1, 0, 1, 0.25, 2495, 13, 685, 0
871, 7, 1, 5, 0, 0, 0.02%, 1, 0, 1, 2.23, 2506, 13, 690, 0
877, 7, 1, 5, 0, 0, 0.02%, 1, 0, 1, 1.29, 2522, 13, 696, 0
882, 7, 1, 5, 0, 0, 0.02%, 1, 0, 1, 0.26, 2528, 13, 701, 0
887, 7, 1, 5, 0, 0, 0.02%, 1, 0, 1, 1.46, 2540, 13, 704, 0
892, 7, 1, 5, 0, 0, 0.02%, 1, 0, 1, 17.79, 2558, 13, 711, 0
898, 7, 1, 5, 0, 0, 0.02%, 1, 0, 1, 0.36, 2569, 13, 718, 0
