# relative_time, cycles_done, cur_item, corpus_count, pending_total, pending_favs, map_size, saved_crashes, saved_hangs, max_depth, execs_per_sec, total_execs, edges_found, total_crashes, servers_count
61, 14, 1, 5, 0, 0, 0.08%, 0, 0, 1, 33.07, 2048, 52, 0, 0
66, 15, 1, 5, 0, 0, 0.08%, 0, 0, 1, 33.05, 2216, 52, 0, 0
71, 16, 1, 5, 0, 0, 0.08%, 0, 0, 1, 33.05, 2384, 52, 0, 0
76, 17, 1, 5, 0, 0, 0.08%, 0, 0, 1, 33.08, 2552, 52, 0, 0
81, 19, 1, 5, 0, 0, 0.08%, 0, 0, 1, 33.04, 2720, 52, 0, 0
86, 20, 1, 5, 0, 0, 0.08%, 0, 0, 1, 33.22, 2888, 52, 0, 0
91, 21, 1, 5, 0, 0, 0.08%, 0, 0, 1, 33.44, 3056, 52, 0, 0
96, 22, 1, 5, 0, 0, 0.08%, 0, 0, 1, 33.48, 3224, 52, 0, 0
101, 23, 1, 5, 0, 0, 0.08%, 0, 0, 1, 33.17, 3392, 52, 0, 0
106, 25, 1, 5, 0, 0, 0.08%, 0, 0, 1, 33.08, 3560, 52, 0, 0
111, 26, 1, 5, 0, 0, 0.08%, 0, 0, 1, 32.95, 3727, 52, 0, 0
116, 27, 1, 5, 0, 0, 0.08%, 0, 0, 1, 32.95, 3895, 52, 0, 0
122, 28, 1, 5, 0, 0, 0.08%, 0, 0, 1, 32.87, 4063, 52, 0, 0
127, 29, 1, 5, 0, 0, 0.08%, 0, 0, 1, 33.06, 4231, 52, 0, 0
132, 31, 0, 5, 0, 0, 0.08%, 0, 0, 1, 32.77, 4399, 52, 0, 0
137, 32, 1, 5, 0, 0, 0.08%, 0, 0, 1, 32.78, 4567, 52, 0, 0
142, 33, 1, 5, 0, 0, 0.08%, 0, 0, 1, 32.73, 4735, 52, 0, 0
147, 34, 1, 5, 0, 0, 0.08%, 0, 0, 1, 32.71, 4903, 52, 0, 0
152, 35, 1, 5, 0, 0, 0.08%, 0, 0, 1, 33.15, 5071, 52, 0, 0
157, 37, 1, 5, 0, 0, 0.08%, 0, 0, 1, 32.96, 5239, 52, 0, 0
162, 38, 0, 5, 0, 0, 0.08%, 0, 0, 1, 32.89, 5407, 52, 0, 0
168, 39, 1, 5, 0, 0, 0.08%, 0, 0, 1, 32.82, 5575, 52, 0, 0
173, 40, 1, 5, 0, 0, 0.08%, 0, 0, 1, 33.07, 5743, 52, 0, 0
178, 41, 1, 5, 0, 0, 0.08%, 0, 0, 1, 33.22, 5911, 52, 0, 0
183, 43, 1, 5, 0, 0, 0.08%, 0, 0, 1, 33.33, 6079, 52, 0, 0
188, 44, 1, 5, 0, 0, 0.08%, 0, 0, 1, 33.42, 6247, 52, 0, 0
193, 45, 1, 5, 0, 0, 0.08%, 0, 0, 1, 33.47, 6415, 52, 0, 0
198, 46, 0, 5, 0, 0, 0.08%, 0, 0, 1, 33.41, 6583, 52, 0, 0
203, 47, 0, 5, 0, 0, 0.08%, 0, 0, 1, 33.28, 6751, 52, 0, 0
208, 49, 1, 5, 0, 0, 0.08%, 0, 0, 1, 33.19, 6918, 52, 0, 0
213, 50, 1, 5, 0, 0, 0.08%, 0, 0, 1, 33.17, 7086, 52, 0, 0
218, 51, 1, 5, 0, 0, 0.08%, 0, 0, 1, 33.10, 7253, 52, 0, 0
223, 52, 1, 5, 0, 0, 0.08%, 0, 0, 1, 33.13, 7421, 52, 0, 0
228, 53, 1, 5, 0, 0, 0.08%, 0, 0, 1, 33.20, 7589, 52, 0, 0
233, 55, 1, 5, 0, 0, 0.08%, 0, 0, 1, 33.06, 7757, 52, 0, 0
238, 56, 0, 5, 0, 0, 0.08%, 0, 0, 1, 32.95, 7925, 52, 0, 0
243, 57, 1, 5, 0, 0, 0.08%, 0, 0, 1, 33.22, 8093, 52, 0, 0
248, 58, 1, 5, 0, 0, 0.08%, 0, 0, 1, 33.38, 8261, 52, 0, 0
253, 59, 1, 5, 0, 0, 0.08%, 0, 0, 1, 33.19, 8429, 52, 0, 0
259, 61, 1, 5, 0, 0, 0.08%, 0, 0, 1, 33.14, 8597, 52, 0, 0
264, 62, 1, 5, 0, 0, 0.08%, 0, 0, 1, 33.05, 8765, 52, 0, 0
269, 63, 1, 5, 0, 0, 0.08%, 0, 0, 1, 32.89, 8933, 52, 0, 0
274, 64, 1, 5, 0, 0, 0.08%, 0, 0, 1, 32.77, 9101, 52, 0, 0
279, 65, 1, 5, 0, 0, 0.08%, 0, 0, 1, 32.75, 9269, 52, 0, 0
284, 67, 1, 5, 0, 0, 0.08%, 0, 0, 1, 32.76, 9437, 52, 0, 0
289, 68, 1, 5, 0, 0, 0.08%, 0, 0, 1, 32.83, 9605, 52, 0, 0
294, 69, 1, 5, 0, 0, 0.08%, 0, 0, 1, 32.76, 9773, 52, 0, 0
299, 70, 1, 5, 0, 0, 0.08%, 0, 0, 1, 33.32, 9941, 52, 0, 0
304, 71, 1, 5, 0, 0, 0.08%, 0, 0, 1, 33.41, 10109, 52, 0, 0
309, 73, 1, 5, 0, 0, 0.08%, 0, 0, 1, 33.41, 10277, 52, 0, 0
314, 74, 1, 5, 0, 0, 0.08%, 0, 0, 1, 33.48, 10445, 52, 0, 0
319, 75, 1, 5, 0, 0, 0.08%, 0, 0, 1, 33.53, 10613, 52, 0, 0
325, 76, 1, 5, 0, 0, 0.08%, 0, 0, 1, 33.32, 10781, 52, 0, 0
330, 77, 1, 5, 0, 0, 0.08%, 0, 0, 1, 32.83, 10949, 52, 0, 0
335, 79, 0, 5, 0, 0, 0.08%, 0, 0, 1, 32.67, 11117, 52, 0, 0
340, 80, 1, 5, 0, 0, 0.08%, 0, 0, 1, 33.15, 11285, 52, 0, 0
345, 81, 1, 5, 0, 0, 0.08%, 0, 0, 1, 33.26, 11453, 52, 0, 0
350, 82, 1, 5, 0, 0, 0.08%, 0, 0, 1, 33.32, 11621, 52, 0, 0
355, 83, 1, 5, 0, 0, 0.08%, 0, 0, 1, 33.09, 11789, 52, 0, 0
360, 85, 1, 5, 0, 0, 0.08%, 0, 0, 1, 33.54, 11957, 52, 0, 0
365, 86, 1, 5, 0, 0, 0.08%, 0, 0, 1, 33.49, 12125, 52, 0, 0
370, 87, 1, 5, 0, 0, 0.08%, 0, 0, 1, 33.29, 12293, 52, 0, 0
375, 88, 1, 5, 0, 0, 0.08%, 0, 0, 1, 33.18, 12461, 52, 0, 0
380, 89, 1, 5, 0, 0, 0.08%, 0, 0, 1, 33.13, 12629, 52, 0, 0
385, 91, 1, 5, 0, 0, 0.08%, 0, 0, 1, 33.15, 12797, 52, 0, 0
390, 92, 1, 5, 0, 0, 0.08%, 0, 0, 1, 33.16, 12965, 52, 0, 0
395, 93, 1, 5, 0, 0, 0.08%, 0, 0, 1, 33.20, 13133, 52, 0, 0
400, 94, 1, 5, 0, 0, 0.08%, 0, 0, 1, 33.11, 13301, 52, 0, 0
406, 95, 1, 5, 0, 0, 0.08%, 0, 0, 1, 33.07, 13469, 52, 0, 0
411, 97, 0, 5, 0, 0, 0.08%, 0, 0, 1, 32.98, 13637, 52, 0, 0
416, 98, 0, 5, 0, 0, 0.08%, 0, 0, 1, 33.10, 13805, 52, 0, 0
421, 99, 0, 5, 0, 0, 0.08%, 0, 0, 1, 32.84, 13973, 52, 0, 0
426, 100, 1, 5, 0, 0, 0.08%, 0, 0, 1, 32.85, 14141, 52, 0, 0
431, 101, 1, 5, 0, 0, 0.08%, 0, 0, 1, 32.82, 14309, 52, 0, 0
436, 103, 0, 5, 0, 0, 0.08%, 0, 0, 1, 32.87, 14477, 52, 0, 0
441, 104, 1, 5, 0, 0, 0.08%, 0, 0, 1, 33.22, 14645, 52, 0, 0
446, 105, 1, 5, 0, 0, 0.08%, 0, 0, 1, 33.38, 14813, 52, 0, 0
451, 106, 0, 5, 0, 0, 0.08%, 0, 0, 1, 33.48, 14981, 52, 0, 0
456, 107, 1, 5, 0, 0, 0.08%, 0, 0, 1, 33.45, 15149, 52, 0, 0
461, 109, 1, 5, 0, 0, 0.08%, 0, 0, 1, 33.45, 15317, 52, 0, 0
466, 110, 1, 5, 0, 0, 0.08%, 0, 0, 1, 33.34, 15485, 52, 0, 0
471, 111, 1, 5, 0, 0, 0.08%, 0, 0, 1, 33.16, 15653, 52, 0, 0
477, 112, 1, 5, 0, 0, 0.08%, 0, 0, 1, 33.17, 15821, 52, 0, 0
482, 113, 1, 5, 0, 0, 0.08%, 0, 0, 1, 32.78, 15988, 52, 0, 0
487, 115, 1, 5, 0, 0, 0.08%, 0, 0, 1, 33.06, 16156, 52, 0, 0
492, 116, 1, 5, 0, 0, 0.08%, 0, 0, 1, 32.93, 16324, 52, 0, 0
497, 117, 1, 5, 0, 0, 0.08%, 0, 0, 1, 32.92, 16492, 52, 0, 0
502, 118, 1, 5, 0, 0, 0.08%, 0, 0, 1, 33.48, 16660, 52, 0, 0
507, 119, 0, 5, 0, 0, 0.08%, 0, 0, 1, 33.20, 16828, 52, 0, 0
512, 121, 1, 5, 0, 0, 0.08%, 0, 0, 1, 33.25, 16996, 52, 0, 0
517, 122, 1, 5, 0, 0, 0.08%, 0, 0, 1, 33.14, 17164, 52, 0, 0
522, 123, 1, 5, 0, 0, 0.08%, 0, 0, 1, 32.95, 17332, 52, 0, 0
527, 124, 1, 5, 0, 0, 0.08%, 0, 0, 1, 33.14, 17500, 52, 0, 0
532, 125, 0, 5, 0, 0, 0.08%, 0, 0, 1, 33.18, 17668, 52, 0, 0
537, 127, 1, 5, 0, 0, 0.08%, 0, 0, 1, 33.26, 17836, 52, 0, 0
542, 128, 1, 5, 0, 0, 0.08%, 0, 0, 1, 33.26, 18004, 52, 0, 0
548, 129, 1, 5, 0, 0, 0.08%, 0, 0, 1, 33.19, 18172, 52, 0, 0
553, 130, 1, 5, 0, 0, 0.08%, 0, 0, 1, 33.25, 18340, 52, 0, 0
558, 131, 1, 5, 0, 0, 0.08%, 0, 0, 1, 33.33, 18508, 52, 0, 0
563, 133, 0, 5, 0, 0, 0.08%, 0, 0, 1, 33.22, 18676, 52, 0, 0
568, 134, 1, 5, 0, 0, 0.08%, 0, 0, 1, 33.15, 18844, 52, 0, 0
573, 135, 1, 5, 0, 0, 0.08%, 0, 0, 1, 33.11, 19012, 52, 0, 0
578, 136, 1, 5, 0, 0, 0.08%, 0, 0, 1, 33.15, 19180, 52, 0, 0
583, 137, 1, 5, 0, 0, 0.08%, 0, 0, 1, 33.35, 19348, 52, 0, 0
588, 139, 1, 5, 0, 0, 0.08%, 0, 0, 1, 33.37, 19516, 52, 0, 0
593, 140, 1, 5, 0, 0, 0.08%, 0, 0, 1, 33.24, 19684, 52, 0, 0
598, 141, 0, 5, 0, 0, 0.08%, 0, 0, 1, 33.00, 19852, 52, 0, 0
603, 142, 0, 5, 0, 0, 0.08%, 0, 0, 1, 32.84, 20020, 52, 0, 0
608, 143, 1, 5, 0, 0, 0.08%, 0, 0, 1, 33.15, 20188, 52, 0, 0
613, 145, 1, 5, 0, 0, 0.08%, 0, 0, 1, 33.30, 20356, 52, 0, 0
618, 146, 1, 5, 0, 0, 0.08%, 0, 0, 1, 33.37, 20524, 52, 0, 0
623, 147, 1, 5, 0, 0, 0.08%, 0, 0, 1, 33.24, 20692, 52, 0, 0
628, 148, 1, 5, 0, 0, 0.08%, 0, 0, 1, 33.23, 20860, 52, 0, 0
634, 149, 1, 5, 0, 0, 0.08%, 0, 0, 1, 33.35, 21028, 52, 0, 0
639, 151, 1, 5, 0, 0, 0.08%, 0, 0, 1, 33.42, 21196, 52, 0, 0
644, 152, 1, 5, 0, 0, 0.08%, 0, 0, 1, 33.25, 21364, 52, 0, 0
649, 153, 1, 5, 0, 0, 0.08%, 0, 0, 1, 33.27, 21532, 52, 0, 0
654, 154, 1, 5, 0, 0, 0.08%, 0, 0, 1, 33.18, 21700, 52, 0, 0
659, 155, 1, 5, 0, 0, 0.08%, 0, 0, 1, 33.16, 21868, 52, 0, 0
664, 157, 1, 5, 0, 0, 0.08%, 0, 0, 1, 33.36, 22036, 52, 0, 0
669, 158, 1, 5, 0, 0, 0.08%, 0, 0, 1, 33.57, 22211, 52, 0, 0
674, 159, 1, 5, 0, 0, 0.08%, 0, 0, 1, 33.63, 22386, 52, 0, 0
679, 160, 1, 5, 0, 0, 0.08%, 0, 0, 1, 33.56, 22554, 52, 0, 0
684, 162, 1, 5, 0, 0, 0.08%, 0, 0, 1, 33.38, 22722, 52, 0, 0
689, 163, 1, 5, 0, 0, 0.08%, 0, 0, 1, 33.82, 22897, 52, 0, 0
695, 164, 1, 5, 0, 0, 0.08%, 0, 0, 1, 33.95, 23072, 52, 0, 0
700, 165, 1, 5, 0, 0, 0.08%, 0, 0, 1, 33.62, 23247, 52, 0, 0
705, 166, 0, 5, 0, 0, 0.08%, 0, 0, 1, 33.41, 23415, 52, 0, 0
710, 168, 1, 5, 0, 0, 0.08%, 0, 0, 1, 33.33, 23583, 52, 0, 0
715, 169, 0, 5, 0, 0, 0.08%, 0, 0, 1, 33.16, 23751, 52, 0, 0
720, 170, 1, 5, 0, 0, 0.08%, 0, 0, 1, 33.22, 23919, 52, 0, 0
725, 171, 0, 5, 0, 0, 0.08%, 0, 0, 1, 33.28, 24087, 52, 0, 0
730, 172, 1, 5, 0, 0, 0.08%, 0, 0, 1, 33.36, 24255, 52, 0, 0
735, 174, 0, 5, 0, 0, 0.08%, 0, 0, 1, 33.40, 24423, 52, 0, 0
740, 175, 1, 5, 0, 0, 0.08%, 0, 0, 1, 33.31, 24591, 52, 0, 0
745, 176, 1, 5, 0, 0, 0.08%, 0, 0, 1, 33.32, 24759, 52, 0, 0
750, 177, 1, 5, 0, 0, 0.08%, 0, 0, 1, 33.37, 24927, 52, 0, 0
755, 178, 0, 5, 0, 0, 0.08%, 0, 0, 1, 33.41, 25095, 52, 0, 0
760, 180, 1, 5, 0, 0, 0.08%, 0, 0, 1, 32.07, 25256, 52, 0, 0
765, 181, 1, 5, 0, 0, 0.08%, 0, 0, 1, 31.41, 25417, 52, 0, 0
770, 182, 1, 5, 0, 0, 0.08%, 0, 0, 1, 33.04, 25585, 52, 0, 0
776, 183, 1, 5, 0, 0, 0.08%, 0, 0, 1, 33.27, 25753, 52, 0, 0
781, 184, 0, 5, 0, 0, 0.08%, 0, 0, 1, 33.27, 25921, 52, 0, 0
786, 186, 1, 5, 0, 0, 0.08%, 0, 0, 1, 33.27, 26089, 52, 0, 0
791, 187, 1, 5, 0, 0, 0.08%, 0, 0, 1, 33.31, 26257, 52, 0, 0
796, 188, 0, 5, 0, 0, 0.08%, 0, 0, 1, 33.38, 26425, 52, 0, 0
801, 189, 1, 5, 0, 0, 0.08%, 0, 0, 1, 33.39, 26593, 52, 0, 0
806, 190, 1, 5, 0, 0, 0.08%, 0, 0, 1, 33.33, 26761, 52, 0, 0
811, 192, 1, 5, 0, 0, 0.08%, 0, 0, 1, 33.18, 26929, 52, 0, 0
816, 193, 0, 5, 0, 0, 0.08%, 0, 0, 1, 32.89, 27097, 52, 0, 0
821, 194, 1, 5, 0, 0, 0.08%, 0, 0, 1, 32.82, 27265, 52, 0, 0
826, 195, 0, 5, 0, 0, 0.08%, 0, 0, 1, 32.78, 27433, 52, 0, 0
831, 196, 1, 5, 0, 0, 0.08%, 0, 0, 1, 32.91, 27601, 52, 0, 0
836, 198, 1, 5, 0, 0, 0.08%, 0, 0, 1, 33.12, 27769, 52, 0, 0
841, 199, 1, 5, 0, 0, 0.08%, 0, 0, 1, 33.33, 27937, 52, 0, 0
846, 200, 1, 5, 0, 0, 0.08%, 0, 0, 1, 33.19, 28105, 52, 0, 0
852, 201, 1, 5, 0, 0, 0.08%, 0, 0, 1, 33.22, 28273, 52, 0, 0
857, 202, 1, 5, 0, 0, 0.08%, 0, 0, 1, 33.27, 28441, 52, 0, 0
862, 204, 1, 5, 0, 0, 0.08%, 0, 0, 1, 33.26, 28609, 52, 0, 0
867, 205, 1, 5, 0, 0, 0.08%, 0, 0, 1, 33.40, 28777, 52, 0, 0
872, 206, 1, 5, 0, 0, 0.08%, 0, 0, 1, 33.55, 28945, 52, 0, 0
877, 207, 1, 5, 0, 0, 0.08%, 0, 0, 1, 33.29, 29113, 52, 0, 0
882, 208, 1, 5, 0, 0, 0.08%, 0, 0, 1, 33.08, 29281, 52, 0, 0
887, 210, 1, 5, 0, 0, 0.08%, 0, 0, 1, 32.50, 29448, 52, 0, 0
892, 211, 1, 5, 0, 0, 0.08%, 0, 0, 1, 32.38, 29614, 52, 0, 0
897, 212, 1, 5, 0, 0, 0.08%, 0, 0, 1, 31.92, 29778, 52, 0, 0
