# relative_time, cycles_done, cur_item, corpus_count, pending_total, pending_favs, map_size, saved_crashes, saved_hangs, max_depth, execs_per_sec, total_execs, edges_found, total_crashes, servers_count
61, 2, 1, 6, 1, 0, 0.25%, 3, 0, 2, 5.96, 423, 161, 246, 0
66, 2, 1, 6, 1, 0, 0.25%, 3, 0, 2, 5.27, 450, 161, 267, 0
71, 2, 1, 6, 1, 0, 0.25%, 3, 0, 2, 5.95, 483, 161, 288, 0
77, 2, 1, 6, 1, 0, 0.25%, 3, 0, 2, 6.29, 520, 161, 308, 0
82, 3, 1, 6, 1, 0, 0.25%, 3, 0, 2, 6.05, 552, 161, 328, 0
87, 3, 1, 6, 1, 0, 0.25%, 3, 0, 2, 6.80, 592, 161, 348, 0
92, 3, 1, 6, 1, 0, 0.25%, 3, 0, 2, 6.48, 626, 161, 368, 0
97, 3, 1, 6, 1, 0, 0.25%, 3, 0, 2, 5.81, 657, 161, 389, 0
102, 4, 1, 6, 1, 0, 0.25%, 3, 0, 2, 5.46, 687, 161, 410, 0
107, 4, 1, 6, 1, 0, 0.25%, 3, 0, 2, 5.84, 718, 161, 430, 0
112, 4, 1, 6, 1, 0, 0.25%, 3, 0, 2, 6.84, 755, 161, 449, 0
117, 4, 1, 6, 1, 0, 0.25%, 3, 0, 2, 5.84, 784, 161, 470, 0
122, 4, 1, 6, 1, 0, 0.25%, 3, 0, 2, 6.00, 815, 161, 491, 0
127, 4, 1, 6, 1, 0, 0.25%, 3, 0, 2, 5.76, 844, 161, 512, 0
133, 5, 1, 6, 1, 0, 0.25%, 3, 0, 2, 5.64, 874, 161, 533, 0
138, 5, 1, 6, 1, 0, 0.25%, 3, 0, 2, 5.81, 905, 161, 553, 0
143, 5, 1, 6, 1, 0, 0.25%, 3, 0, 2, 5.81, 934, 161, 574, 0
148, 5, 1, 6, 1, 0, 0.25%, 3, 0, 2, 5.49, 963, 161, 595, 0
153, 5, 1, 6, 1, 0, 0.25%, 3, 0, 2, 5.00, 989, 161, 617, 0
158, 6, 1, 6, 1, 0, 0.25%, 3, 0, 2, 5.10, 1016, 161, 638, 0
163, 6, 1, 6, 1, 0, 0.25%, 3, 0, 2, 5.13, 1043, 161, 659, 0
168, 6, 1, 6, 1, 0, 0.25%, 3, 0, 2, 5.48, 1073, 161, 680, 0
173, 6, 1, 6, 1, 0, 0.25%, 3, 0, 2, 6.08, 1110, 161, 701, 0
179, 6, 1, 6, 1, 0, 0.25%, 3, 0, 2, 6.18, 1142, 161, 722, 0
184, 7, 1, 6, 1, 0, 0.25%, 3, 0, 2, 6.32, 1177, 161, 742, 0
189, 7, 1, 6, 1, 0, 0.25%, 3, 0, 2, 7.36, 1220, 161, 760, 0
194, 7, 1, 6, 1, 0, 0.25%, 3, 0, 2, 6.39, 1253, 161, 780, 0
199, 7, 1, 6, 1, 0, 0.25%, 3, 0, 2, 6.99, 1292, 161, 800, 0
204, 7, 1, 6, 1, 0, 0.25%, 3, 0, 2, 6.10, 1321, 161, 821, 0
209, 8, 1, 6, 1, 0, 0.25%, 3, 0, 2, 6.18, 1354, 161, 842, 0
214, 8, 1, 6, 1, 0, 0.25%, 3, 0, 2, 5.58, 1383, 161, 863, 0
219, 8, 1, 6, 1, 0, 0.25%, 3, 0, 2, 5.62, 1414, 161, 884, 0
225, 8, 1, 6, 1, 0, 0.25%, 3, 0, 2, 6.46, 1450, 161, 904, 0
230, 9, 1, 6, 1, 0, 0.25%, 3, 0, 2, 7.55, 1489, 161, 923, 0
235, 9, 1, 6, 1, 0, 0.25%, 3, 0, 2, 7.22, 1523, 161, 943, 0
240, 9, 1, 6, 1, 0, 0.25%, 3, 0, 2, 5.63, 1550, 161, 964, 0
245, 9, 1, 6, 1, 0, 0.25%, 3, 0, 2, 7.16, 1588, 161, 984, 0
250, 9, 1, 6, 1, 0, 0.25%, 3, 0, 2, 6.00, 1617, 161, 1006, 0
255, 10, 1, 6, 1, 0, 0.25%, 3, 0, 2, 5.53, 1645, 161, 1027, 0
260, 10, 1, 6, 1, 0, 0.25%, 3, 0, 2, 5.50, 1672, 161, 1049, 0
265, 10, 1, 6, 1, 0, 0.25%, 3, 0, 2, 5.11, 1700, 161, 1071, 0
270, 10, 1, 6, 1, 0, 0.25%, 3, 0, 2, 5.39, 1729, 161, 1092, 0
276, 10, 1, 6, 1, 0, 0.25%, 3, 0, 2, 5.51, 1758, 161, 1113, 0
281, 10, 1, 6, 1, 0, 0.25%, 3, 0, 2, 5.20, 1785, 161, 1135, 0
286, 11, 1, 6, 1, 0, 0.25%, 3, 0, 2, 4.77, 1825, 161, 1154, 0
291, 11, 1, 6, 1, 0, 0.25%, 3, 0, 2, 5.04, 1852, 161, 1176, 0
296, 11, 1, 6, 1, 0, 0.25%, 3, 0, 2, 5.63, 1883, 161, 1197, 0
301, 11, 1, 6, 1, 0, 0.25%, 3, 0, 2, 5.04, 1909, 161, 1219, 0
306, 11, 1, 6, 1, 0, 0.25%, 3, 0, 2, 5.37, 1944, 161, 1239, 0
312, 12, 1, 6, 1, 0, 0.25%, 3, 0, 2, 6.08, 1977, 161, 1260, 0
317, 12, 1, 6, 1, 0, 0.25%, 3, 0, 2, 5.87, 2009, 161, 1281, 0
322, 12, 1, 6, 1, 0, 0.25%, 3, 0, 2, 5.26, 2036, 161, 1302, 0
327, 12, 1, 6, 1, 0, 0.25%, 3, 0, 2, 5.31, 2065, 161, 1324, 0
332, 12, 1, 6, 1, 0, 0.25%, 3, 0, 2, 5.39, 2094, 161, 1345, 0
337, 13, 1, 6, 1, 0, 0.25%, 3, 0, 2, 6.03, 2129, 161, 1365, 0
342, 13, 1, 6, 1, 0, 0.25%, 3, 0, 2, 5.47, 2158, 161, 1387, 0
348, 13, 1, 6, 1, 0, 0.25%, 3, 0, 2, 5.35, 2186, 161, 1409, 0
353, 13, 1, 6, 1, 0, 0.25%, 3, 0, 2, 6.00, 2219, 161, 1430, 0
358, 13, 1, 6, 1, 0, 0.25%, 3, 0, 2, 5.79, 2252, 161, 1451, 0
363, 14, 1, 6, 1, 0, 0.25%, 3, 0, 2, 6.27, 2287, 161, 1471, 0
368, 14, 1, 6, 1, 0, 0.25%, 3, 0, 2, 6.89, 2322, 161, 1491, 0
373, 14, 1, 6, 1, 0, 0.25%, 3, 0, 2, 5.42, 2349, 161, 1513, 0
379, 14, 1, 6, 1, 0, 0.25%, 3, 0, 2, 6.51, 2386, 161, 1534, 0
384, 14, 1, 6, 1, 0, 0.25%, 3, 0, 2, 5.30, 2410, 161, 1555, 0
389, 14, 1, 6, 1, 0, 0.25%, 3, 0, 2, 6.08, 2443, 161, 1576, 0
394, 15, 1, 6, 1, 0, 0.25%, 3, 0, 2, 6.31, 2477, 161, 1596, 0
399, 15, 1, 6, 1, 0, 0.25%, 3, 0, 2, 5.17, 2503, 161, 1618, 0
404, 15, 1, 6, 1, 0, 0.25%, 3, 0, 2, 5.42, 2534, 161, 1639, 0
409, 15, 1, 6, 1, 0, 0.25%, 3, 0, 2, 5.17, 2561, 161, 1660, 0
414, 15, 1, 6, 1, 0, 0.25%, 3, 0, 2, 4.62, 2584, 161, 1682, 0
419, 16, 1, 6, 1, 0, 0.25%, 3, 0, 2, 5.42, 2616, 161, 1703, 0
425, 16, 1, 6, 1, 0, 0.25%, 3, 0, 2, 5.46, 2645, 161, 1725, 0
430, 16, 1, 6, 1, 0, 0.25%, 3, 0, 2, 5.88, 2678, 161, 1746, 0
435, 16, 1, 6, 1, 0, 0.25%, 3, 0, 2, 5.68, 2708, 161, 1768, 0
440, 16, 1, 6, 1, 0, 0.25%, 3, 0, 2, 6.01, 2743, 161, 1789, 0
445, 17, 1, 6, 1, 0, 0.25%, 3, 0, 2, 5.67, 2774, 161, 1809, 0
451, 17, 1, 6, 1, 0, 0.25%, 3, 0, 2, 5.28, 2802, 161, 1831, 0
456, 17, 1, 6, 1, 0, 0.25%, 3, 0, 2, 5.15, 2830, 161, 1853, 0
461, 17, 1, 6, 1, 0, 0.25%, 3, 0, 2, 5.92, 2864, 161, 1874, 0
466, 17, 1, 6, 1, 0, 0.25%, 3, 0, 2, 6.49, 2902, 161, 1894, 0
471, 18, 1, 6, 1, 0, 0.25%, 3, 0, 2, 5.95, 2933, 161, 1915, 0
476, 18, 1, 6, 1, 0, 0.25%, 3, 0, 2, 5.51, 2961, 161, 1936, 0
482, 18, 1, 6, 1, 0, 0.25%, 3, 0, 2, 5.41, 2990, 161, 1958, 0
487, 18, 1, 6, 1, 0, 0.25%, 3, 0, 2, 5.56, 3019, 161, 1979, 0
492, 18, 1, 6, 1, 0, 0.25%, 3, 0, 2, 5.75, 3050, 161, 2000, 0
497, 18, 1, 6, 1, 0, 0.25%, 3, 0, 2, 5.41, 3080, 161, 2021, 0
502, 19, 1, 6, 1, 0, 0.25%, 3, 0, 2, 5.24, 3114, 161, 2041, 0
507, 19, 1, 6, 1, 0, 0.25%, 3, 0, 2, 4.84, 3139, 161, 2063, 0
512, 19, 1, 6, 1, 0, 0.25%, 3, 0, 2, 5.59, 3168, 161, 2083, 0
517, 19, 1, 6, 1, 0, 0.25%, 3, 0, 2, 5.63, 3199, 161, 2104, 0
522, 19, 1, 6, 1, 0, 0.25%, 3, 0, 2, 5.35, 3226, 161, 2125, 0
527, 20, 1, 6, 1, 0, 0.25%, 3, 0, 2, 5.53, 3268, 161, 2144, 0
532, 20, 1, 6, 1, 0, 0.25%, 3, 0, 2, 5.49, 3295, 161, 2165, 0
538, 20, 1, 6, 1, 0, 0.25%, 3, 0, 2, 5.76, 3327, 161, 2186, 0
543, 20, 1, 6, 1, 0, 0.25%, 3, 0, 2, 5.41, 3356, 161, 2207, 0
548, 20, 1, 6, 1, 0, 0.25%, 3, 0, 2, 5.20, 3383, 161, 2228, 0
553, 21, 1, 6, 1, 0, 0.25%, 3, 0, 2, 5.54, 3417, 161, 2249, 0
558, 21, 1, 6, 1, 0, 0.25%, 3, 0, 2, 5.51, 3446, 161, 2270, 0
563, 21, 1, 6, 1, 0, 0.25%, 3, 0, 2, 6.24, 3479, 161, 2290, 0
568, 21, 1, 6, 1, 0, 0.25%, 3, 0, 2, 6.07, 3511, 161, 2311, 0
573, 21, 1, 6, 1, 0, 0.25%, 3, 0, 2, 5.29, 3537, 161, 2333, 0
578, 22, 1, 6, 1, 0, 0.25%, 3, 0, 2, 5.33, 3566, 161, 2354, 0
584, 22, 1, 6, 1, 0, 0.25%, 3, 0, 2, 5.94, 3599, 161, 2374, 0
589, 22, 1, 6, 1, 0, 0.25%, 3, 0, 2, 4.92, 3623, 161, 2396, 0
594, 22, 1, 6, 1, 0, 0.25%, 3, 0, 2, 5.88, 3659, 161, 2416, 0
599, 22, 1, 6, 1, 0, 0.25%, 3, 0, 2, 6.63, 3694, 161, 2436, 0
604, 23, 1, 6, 1, 0, 0.25%, 3, 0, 2, 6.82, 3732, 161, 2455, 0
609, 23, 1, 6, 1, 0, 0.25%, 3, 0, 2, 5.80, 3762, 161, 2476, 0
614, 23, 1, 6, 1, 0, 0.25%, 3, 0, 2, 7.44, 3812, 161, 2494, 0
619, 23, 1, 6, 1, 0, 0.25%, 3, 0, 2, 6.79, 3846, 161, 2514, 0
625, 23, 1, 6, 1, 0, 0.25%, 3, 0, 2, 5.90, 3878, 161, 2535, 0
630, 24, 1, 6, 1, 0, 0.25%, 3, 0, 2, 6.01, 3915, 161, 2555, 0
635, 24, 1, 6, 1, 0, 0.25%, 3, 0, 2, 4.89, 3939, 161, 2577, 0
640, 24, 1, 6, 1, 0, 0.25%, 3, 0, 2, 5.06, 3966, 161, 2598, 0
645, 24, 1, 6, 1, 0, 0.25%, 3, 0, 2, 5.64, 3997, 161, 2619, 0
650, 24, 1, 6, 1, 0, 0.25%, 3, 0, 2, 5.46, 4026, 161, 2640, 0
655, 25, 1, 6, 1, 0, 0.25%, 3, 0, 2, 5.17, 4052, 161, 2662, 0
661, 25, 1, 6, 1, 0, 0.25%, 3, 0, 2, 4.98, 4079, 161, 2684, 0
666, 25, 1, 6, 1, 0, 0.25%, 3, 0, 2, 7.02, 4119, 161, 2703, 0
671, 25, 1, 6, 1, 0, 0.25%, 3, 0, 2, 6.07, 4150, 161, 2724, 0
676, 25, 1, 6, 1, 0, 0.25%, 3, 0, 2, 5.55, 4180, 161, 2745, 0
681, 26, 1, 6, 1, 0, 0.25%, 3, 0, 2, 5.41, 4211, 161, 2766, 0
686, 26, 1, 6, 1, 0, 0.25%, 3, 0, 2, 5.47, 4241, 161, 2787, 0
691, 26, 1, 6, 1, 0, 0.25%, 3, 0, 2, 5.24, 4269, 161, 2809, 0
697, 26, 1, 6, 1, 0, 0.25%, 3, 0, 2, 5.78, 4300, 161, 2830, 0
702, 26, 1, 6, 1, 0, 0.25%, 3, 0, 2, 5.29, 4327, 161, 2852, 0
707, 26, 1, 6, 1, 0, 0.25%, 3, 0, 2, 5.56, 4355, 161, 2873, 0
712, 27, 1, 6, 1, 0, 0.25%, 3, 0, 2, 5.55, 4384, 161, 2894, 0
717, 27, 1, 6, 1, 0, 0.25%, 3, 0, 2, 5.51, 4413, 161, 2916, 0
722, 27, 1, 6, 1, 0, 0.25%, 3, 0, 2, 6.31, 4448, 161, 2936, 0
727, 27, 1, 6, 1, 0, 0.25%, 3, 0, 2, 5.34, 4476, 161, 2958, 0
732, 27, 1, 6, 1, 0, 0.25%, 3, 0, 2, 5.60, 4507, 161, 2978, 0
737, 28, 1, 6, 1, 0, 0.25%, 3, 0, 2, 6.04, 4542, 161, 2998, 0
743, 28, 1, 6, 1, 0, 0.25%, 3, 0, 2, 5.55, 4571, 161, 3020, 0
748, 28, 1, 6, 1, 0, 0.25%, 3, 0, 2, 5.06, 4597, 161, 3042, 0
753, 28, 1, 6, 1, 0, 0.25%, 3, 0, 2, 5.66, 4629, 161, 3064, 0
758, 28, 1, 6, 1, 0, 0.25%, 3, 0, 2, 5.35, 4658, 161, 3086, 0
763, 29, 1, 6, 1, 0, 0.25%, 3, 0, 2, 5.80, 4689, 161, 3107, 0
768, 29, 1, 6, 1, 0, 0.25%, 3, 0, 2, 5.53, 4719, 161, 3128, 0
774, 29, 1, 6, 1, 0, 0.25%, 3, 0, 2, 5.17, 4746, 161, 3150, 0
779, 29, 1, 6, 1, 0, 0.25%, 3, 0, 2, 5.26, 4773, 161, 3171, 0
784, 29, 1, 6, 1, 0, 0.25%, 3, 0, 2, 5.44, 4806, 161, 3192, 0
789, 29, 1, 6, 1, 0, 0.25%, 3, 0, 2, 6.04, 4838, 161, 3213, 0
794, 30, 1, 6, 1, 0, 0.25%, 3, 0, 2, 5.39, 4865, 161, 3235, 0
799, 30, 1, 6, 1, 0, 0.25%, 3, 0, 2, 6.42, 4903, 161, 3255, 0
804, 30, 1, 6, 1, 0, 0.25%, 3, 0, 2, 5.95, 4933, 161, 3276, 0
810, 30, 1, 6, 1, 0, 0.25%, 3, 0, 2, 6.67, 4971, 161, 3296, 0
815, 30, 1, 6, 1, 0, 0.25%, 3, 0, 2, 6.51, 5004, 161, 3315, 0
820, 31, 1, 6, 1, 0, 0.25%, 3, 0, 2, 5.86, 5037, 161, 3335, 0
825, 31, 1, 6, 1, 0, 0.25%, 3, 0, 2, 5.88, 5071, 161, 3355, 0
830, 31, 1, 6, 1, 0, 0.25%, 3, 0, 2, 5.93, 5100, 161, 3376, 0
835, 31, 1, 6, 1, 0, 0.25%, 3, 0, 2, 6.71, 5140, 161, 3395, 0
840, 32, 1, 6, 1, 0, 0.25%, 3, 0, 2, 6.20, 5172, 161, 3415, 0
845, 32, 1, 6, 1, 0, 0.25%, 3, 0, 2, 5.15, 5205, 161, 3435, 0
850, 32, 1, 6, 1, 0, 0.25%, 3, 0, 2, 5.54, 5235, 161, 3456, 0
855, 32, 1, 6, 1, 0, 0.25%, 3, 0, 2, 5.69, 5264, 161, 3478, 0
861, 32, 1, 6, 1, 0, 0.25%, 3, 0, 2, 5.66, 5296, 161, 3499, 0
866, 33, 1, 6, 1, 0, 0.25%, 3, 0, 2, 5.72, 5326, 161, 3520, 0
871, 33, 1, 6, 1, 0, 0.25%, 3, 0, 2, 5.80, 5359, 161, 3540, 0
876, 33, 1, 6, 1, 0, 0.25%, 3, 0, 2, 6.39, 5394, 161, 3560, 0
881, 33, 1, 6, 1, 0, 0.25%, 3, 0, 2, 6.96, 5432, 161, 3579, 0
886, 33, 1, 6, 1, 0, 0.25%, 3, 0, 2, 5.84, 5460, 161, 3600, 0
891, 34, 1, 6, 1, 0, 0.25%, 3, 0, 2, 6.86, 5498, 161, 3620, 0
896, 34, 1, 6, 1, 0, 0.25%, 3, 0, 2, 6.56, 5533, 161, 3640, 0
897, 34, 1, 6, 1, 0, 0.25%, 3, 0, 2, 7.12, 5535, 161, 3641, 0
