# relative_time, cycles_done, cur_item, corpus_count, pending_total, pending_favs, map_size, saved_crashes, saved_hangs, max_depth, execs_per_sec, total_execs, edges_found, total_crashes, servers_count
61, 2, 1, 5, 0, 0, 0.24%, 1, 0, 1, 5.43, 388, 159, 249, 0
66, 2, 1, 5, 0, 0, 0.24%, 1, 0, 1, 5.37, 415, 159, 270, 0
71, 2, 1, 5, 0, 0, 0.24%, 1, 0, 1, 5.38, 442, 159, 291, 0
76, 3, 1, 5, 0, 0, 0.24%, 1, 0, 1, 5.68, 472, 159, 312, 0
81, 3, 1, 5, 0, 0, 0.24%, 1, 0, 1, 4.99, 497, 159, 334, 0
86, 3, 1, 5, 0, 0, 0.24%, 1, 0, 1, 5.67, 528, 159, 354, 0
92, 3, 1, 5, 0, 0, 0.24%, 1, 0, 1, 5.17, 555, 159, 376, 0
97, 3, 1, 5, 0, 0, 0.24%, 1, 0, 1, 5.00, 580, 159, 397, 0
102, 4, 1, 5, 0, 0, 0.24%, 1, 0, 1, 5.95, 613, 159, 417, 0
107, 4, 1, 5, 0, 0, 0.24%, 1, 0, 1, 5.98, 646, 159, 437, 0
112, 4, 1, 5, 0, 0, 0.24%, 1, 0, 1, 6.18, 677, 159, 457, 0
117, 4, 1, 5, 0, 0, 0.24%, 1, 0, 1, 5.92, 708, 159, 478, 0
122, 5, 1, 5, 0, 0, 0.24%, 1, 0, 1, 5.63, 737, 159, 498, 0
127, 5, 1, 5, 0, 0, 0.24%, 1, 0, 1, 4.83, 764, 159, 519, 0
132, 5, 1, 5, 0, 0, 0.24%, 1, 0, 1, 5.59, 795, 159, 540, 0
138, 5, 1, 5, 0, 0, 0.24%, 1, 0, 1, 4.91, 819, 159, 562, 0
143, 5, 1, 5, 0, 0, 0.24%, 1, 0, 1, 5.71, 847, 159, 582, 0
148, 6, 1, 5, 0, 0, 0.24%, 1, 0, 1, 6.56, 886, 159, 601, 0
153, 6, 1, 5, 0, 0, 0.24%, 1, 0, 1, 5.33, 911, 159, 622, 0
158, 6, 1, 5, 0, 0, 0.24%, 1, 0, 1, 6.22, 944, 159, 643, 0
163, 6, 1, 5, 0, 0, 0.24%, 1, 0, 1, 6.56, 980, 159, 663, 0
168, 6, 1, 5, 0, 0, 0.24%, 1, 0, 1, 4.95, 1003, 159, 686, 0
173, 7, 1, 5, 0, 0, 0.24%, 1, 0, 1, 4.73, 1027, 159, 708, 0
178, 7, 1, 5, 0, 0, 0.24%, 1, 0, 1, 5.80, 1060, 159, 728, 0
184, 7, 1, 5, 0, 0, 0.24%, 1, 0, 1, 5.98, 1091, 159, 749, 0
189, 7, 1, 5, 0, 0, 0.24%, 1, 0, 1, 5.24, 1116, 159, 770, 0
194, 7, 1, 5, 0, 0, 0.24%, 1, 0, 1, 4.78, 1140, 159, 791, 0
199, 8, 1, 5, 0, 0, 0.24%, 1, 0, 1, 4.56, 1163, 159, 813, 0
204, 8, 1, 5, 0, 0, 0.24%, 1, 0, 1, 5.79, 1194, 159, 834, 0
209, 8, 1, 5, 0, 0, 0.24%, 1, 0, 1, 5.35, 1224, 159, 855, 0
214, 8, 1, 5, 0, 0, 0.24%, 1, 0, 1, 5.08, 1250, 159, 876, 0
219, 8, 1, 5, 0, 0, 0.24%, 1, 0, 1, 5.14, 1276, 159, 898, 0
224, 9, 1, 5, 0, 0, 0.24%, 1, 0, 1, 4.99, 1314, 159, 917, 0
230, 9, 1, 5, 0, 0, 0.24%, 1, 0, 1, 6.67, 1350, 159, 937, 0
235, 9, 1, 5, 0, 0, 0.24%, 1, 0, 1, 5.43, 1376, 159, 959, 0
240, 9, 1, 5, 0, 0, 0.24%, 1, 0, 1, 4.79, 1400, 159, 980, 0
245, 9, 1, 5, 0, 0, 0.24%, 1, 0, 1, 4.52, 1423, 159, 1002, 0
250, 10, 1, 5, 0, 0, 0.24%, 1, 0, 1, 5.12, 1451, 159, 1024, 0
255, 10, 1, 5, 0, 0, 0.24%, 1, 0, 1, 5.56, 1481, 159, 1045, 0
260, 10, 1, 5, 0, 0, 0.24%, 1, 0, 1, 6.36, 1517, 159, 1065, 0
266, 10, 1, 5, 0, 0, 0.24%, 1, 0, 1, 5.24, 1542, 159, 1087, 0
271, 10, 1, 5, 0, 0, 0.24%, 1, 0, 1, 5.07, 1567, 159, 1108, 0
276, 11, 1, 5, 0, 0, 0.24%, 1, 0, 1, 4.80, 1591, 159, 1130, 0
281, 11, 1, 5, 0, 0, 0.24%, 1, 0, 1, 5.00, 1618, 159, 1151, 0
286, 11, 1, 5, 0, 0, 0.24%, 1, 0, 1, 5.87, 1653, 159, 1170, 0
291, 11, 1, 5, 0, 0, 0.24%, 1, 0, 1, 5.75, 1683, 159, 1191, 0
296, 12, 1, 5, 0, 0, 0.24%, 1, 0, 1, 5.69, 1714, 159, 1211, 0
301, 12, 1, 5, 0, 0, 0.24%, 1, 0, 1, 5.62, 1745, 159, 1232, 0
306, 12, 1, 5, 0, 0, 0.24%, 1, 0, 1, 5.38, 1773, 159, 1253, 0
311, 12, 1, 5, 0, 0, 0.24%, 1, 0, 1, 5.20, 1800, 159, 1275, 0
317, 12, 1, 5, 0, 0, 0.24%, 1, 0, 1, 5.94, 1832, 159, 1296, 0
322, 13, 1, 5, 0, 0, 0.24%, 1, 0, 1, 5.51, 1860, 159, 1318, 0
327, 13, 1, 5, 0, 0, 0.24%, 1, 0, 1, 4.93, 1898, 159, 1337, 0
332, 13, 1, 5, 0, 0, 0.24%, 1, 0, 1, 5.68, 1929, 159, 1358, 0
337, 13, 1, 5, 0, 0, 0.24%, 1, 0, 1, 4.79, 1953, 159, 1380, 0
342, 13, 1, 5, 0, 0, 0.24%, 1, 0, 1, 5.97, 1989, 159, 1400, 0
348, 14, 1, 5, 0, 0, 0.24%, 1, 0, 1, 4.95, 2012, 159, 1422, 0
353, 14, 1, 5, 0, 0, 0.24%, 1, 0, 1, 5.51, 2045, 159, 1442, 0
358, 14, 1, 5, 0, 0, 0.24%, 1, 0, 1, 5.07, 2084, 159, 1461, 0
363, 14, 1, 5, 0, 0, 0.24%, 1, 0, 1, 6.35, 2121, 159, 1481, 0
368, 15, 1, 5, 0, 0, 0.24%, 1, 0, 1, 5.47, 2149, 159, 1503, 0
373, 15, 1, 5, 0, 0, 0.24%, 1, 0, 1, 5.08, 2174, 159, 1524, 0
378, 15, 1, 5, 0, 0, 0.24%, 1, 0, 1, 4.86, 2200, 159, 1546, 0
384, 15, 1, 5, 0, 0, 0.24%, 1, 0, 1, 4.64, 2224, 159, 1568, 0
389, 15, 1, 5, 0, 0, 0.24%, 1, 0, 1, 5.06, 2251, 159, 1589, 0
394, 16, 1, 5, 0, 0, 0.24%, 1, 0, 1, 5.80, 2285, 159, 1610, 0
399, 16, 1, 5, 0, 0, 0.24%, 1, 0, 1, 6.18, 2320, 159, 1629, 0
404, 16, 1, 5, 0, 0, 0.24%, 1, 0, 1, 5.87, 2352, 159, 1650, 0
409, 16, 1, 5, 0, 0, 0.24%, 1, 0, 1, 5.21, 2378, 159, 1672, 0
414, 16, 1, 5, 0, 0, 0.24%, 1, 0, 1, 5.38, 2408, 159, 1694, 0
419, 17, 1, 5, 0, 0, 0.24%, 1, 0, 1, 5.51, 2438, 159, 1715, 0
424, 17, 1, 5, 0, 0, 0.24%, 1, 0, 1, 4.89, 2462, 159, 1737, 0
430, 17, 1, 5, 0, 0, 0.24%, 1, 0, 1, 6.48, 2498, 159, 1757, 0
435, 17, 1, 5, 0, 0, 0.24%, 1, 0, 1, 6.10, 2531, 159, 1777, 0
440, 18, 1, 5, 0, 0, 0.24%, 1, 0, 1, 5.80, 2563, 159, 1798, 0
445, 18, 1, 5, 0, 0, 0.24%, 1, 0, 1, 5.74, 2594, 159, 1819, 0
450, 18, 1, 5, 0, 0, 0.24%, 1, 0, 1, 4.64, 2616, 159, 1841, 0
455, 18, 1, 5, 0, 0, 0.24%, 1, 0, 1, 4.98, 2643, 159, 1863, 0
460, 18, 1, 5, 0, 0, 0.24%, 1, 0, 1, 5.09, 2669, 159, 1884, 0
465, 19, 1, 5, 0, 0, 0.24%, 1, 0, 1, 4.81, 2693, 159, 1906, 0
471, 19, 1, 5, 0, 0, 0.24%, 1, 0, 1, 4.44, 2716, 159, 1928, 0
476, 19, 1, 5, 0, 0, 0.24%, 1, 0, 1, 4.92, 2742, 159, 1949, 0
481, 19, 1, 5, 0, 0, 0.24%, 1, 0, 1, 5.04, 2767, 159, 1970, 0
486, 19, 1, 5, 0, 0, 0.24%, 1, 0, 1, 4.62, 2797, 159, 1990, 0
491, 20, 1, 5, 0, 0, 0.24%, 1, 0, 1, 6.45, 2833, 159, 2009, 0
496, 20, 1, 5, 0, 0, 0.24%, 1, 0, 1, 6.31, 2865, 159, 2029, 0
501, 20, 1, 5, 0, 0, 0.24%, 1, 0, 1, 5.47, 2895, 159, 2051, 0
506, 20, 1, 5, 0, 0, 0.24%, 1, 0, 1, 5.48, 2925, 159, 2072, 0
511, 20, 1, 5, 0, 0, 0.24%, 1, 0, 1, 5.48, 2955, 159, 2093, 0
517, 21, 1, 5, 0, 0, 0.24%, 1, 0, 1, 5.66, 2987, 159, 2113, 0
522, 21, 1, 5, 0, 0, 0.24%, 1, 0, 1, 4.83, 3011, 159, 2134, 0
527, 21, 1, 5, 0, 0, 0.24%, 1, 0, 1, 5.12, 3037, 159, 2155, 0
532, 21, 1, 5, 0, 0, 0.24%, 1, 0, 1, 4.86, 3061, 159, 2177, 0
537, 21, 1, 5, 0, 0, 0.24%, 1, 0, 1, 5.12, 3088, 159, 2199, 0
542, 22, 1, 5, 0, 0, 0.24%, 1, 0, 1, 4.77, 3112, 159, 2221, 0
547, 22, 1, 5, 0, 0, 0.24%, 1, 0, 1, 4.68, 3136, 159, 2243, 0
552, 22, 1, 5, 0, 0, 0.24%, 1, 0, 1, 4.81, 3161, 159, 2264, 0
557, 22, 1, 5, 0, 0, 0.24%, 1, 0, 1, 4.77, 3194, 159, 2285, 0
562, 22, 1, 5, 0, 0, 0.24%, 1, 0, 1, 5.64, 3224, 159, 2305, 0
567, 23, 1, 5, 0, 0, 0.24%, 1, 0, 1, 5.20, 3252, 159, 2326, 0
573, 23, 1, 5, 0, 0, 0.24%, 1, 0, 1, 4.94, 3278, 159, 2348, 0
578, 23, 1, 5, 0, 0, 0.24%, 1, 0, 1, 7.00, 3316, 159, 2367, 0
583, 23, 1, 5, 0, 0, 0.24%, 1, 0, 1, 6.30, 3347, 159, 2387, 0
588, 23, 1, 5, 0, 0, 0.24%, 1, 0, 1, 5.39, 3374, 159, 2408, 0
593, 24, 1, 5, 0, 0, 0.24%, 1, 0, 1, 5.37, 3405, 159, 2429, 0
598, 24, 1, 5, 0, 0, 0.24%, 1, 0, 1, 5.14, 3431, 159, 2450, 0
603, 24, 1, 5, 0, 0, 0.24%, 1, 0, 1, 4.90, 3457, 159, 2471, 0
608, 24, 1, 5, 0, 0, 0.24%, 1, 0, 1, 4.55, 3480, 159, 2493, 0
613, 24, 1, 5, 0, 0, 0.24%, 1, 0, 1, 4.54, 3503, 159, 2515, 0
619, 24, 1, 5, 0, 0, 0.24%, 1, 0, 1, 4.48, 3526, 159, 2537, 0
624, 25, 1, 5, 0, 0, 0.24%, 1, 0, 1, 4.42, 3549, 159, 2559, 0
629, 25, 1, 5, 0, 0, 0.24%, 1, 0, 1, 5.09, 3576, 159, 2580, 0
634, 25, 1, 5, 0, 0, 0.24%, 1, 0, 1, 6.18, 3609, 159, 2600, 0
639, 25, 1, 5, 0, 0, 0.24%, 1, 0, 1, 5.47, 3637, 159, 2622, 0
644, 25, 1, 5, 0, 0, 0.24%, 1, 0, 1, 5.52, 3667, 159, 2643, 0
650, 26, 1, 5, 0, 0, 0.24%, 1, 0, 1, 6.12, 3700, 159, 2663, 0
655, 26, 1, 5, 0, 0, 0.24%, 1, 0, 1, 6.51, 3737, 159, 2682, 0
660, 26, 1, 5, 0, 0, 0.24%, 1, 0, 1, 6.10, 3770, 159, 2702, 0
665, 26, 1, 5, 0, 0, 0.24%, 1, 0, 1, 5.48, 3796, 159, 2723, 0
670, 27, 1, 5, 0, 0, 0.24%, 1, 0, 1, 5.54, 3825, 159, 2744, 0
675, 27, 1, 5, 0, 0, 0.24%, 1, 0, 1, 6.01, 3860, 159, 2763, 0
680, 27, 1, 5, 0, 0, 0.24%, 1, 0, 1, 6.43, 3892, 159, 2782, 0
685, 27, 1, 5, 0, 0, 0.24%, 1, 0, 1, 5.65, 3921, 159, 2804, 0
690, 27, 1, 5, 0, 0, 0.24%, 1, 0, 1, 5.65, 3949, 159, 2825, 0
696, 28, 1, 5, 0, 0, 0.24%, 1, 0, 1, 4.95, 3973, 159, 2847, 0
701, 28, 1, 5, 0, 0, 0.24%, 1, 0, 1, 5.07, 4000, 159, 2869, 0
706, 28, 1, 5, 0, 0, 0.24%, 1, 0, 1, 5.63, 4031, 159, 2891, 0
711, 28, 1, 5, 0, 0, 0.24%, 1, 0, 1, 5.34, 4059, 159, 2912, 0
716, 28, 1, 5, 0, 0, 0.24%, 1, 0, 1, 4.87, 4083, 159, 2934, 0
721, 29, 1, 5, 0, 0, 0.24%, 1, 0, 1, 5.09, 4109, 159, 2955, 0
727, 29, 1, 5, 0, 0, 0.24%, 1, 0, 1, 5.34, 4137, 159, 2976, 0
732, 29, 1, 5, 0, 0, 0.24%, 1, 0, 1, 5.33, 4165, 159, 2997, 0
737, 29, 1, 5, 0, 0, 0.24%, 1, 0, 1, 5.96, 4199, 159, 3017, 0
742, 29, 1, 5, 0, 0, 0.24%, 1, 0, 1, 5.04, 4225, 159, 3039, 0
747, 30, 1, 5, 0, 0, 0.24%, 1, 0, 1, 5.56, 4257, 159, 3059, 0
752, 30, 1, 5, 0, 0, 0.24%, 1, 0, 1, 6.44, 4291, 159, 3079, 0
757, 30, 1, 5, 0, 0, 0.24%, 1, 0, 1, 5.12, 4316, 159, 3101, 0
762, 30, 1, 5, 0, 0, 0.24%, 1, 0, 1, 4.27, 4347, 159, 3122, 0
767, 31, 1, 5, 0, 0, 0.24%, 1, 0, 1, 5.94, 4382, 159, 3142, 0
773, 31, 1, 5, 0, 0, 0.24%, 1, 0, 1, 5.65, 4410, 159, 3164, 0
778, 31, 1, 5, 0, 0, 0.24%, 1, 0, 1, 5.00, 4434, 159, 3185, 0
783, 31, 1, 5, 0, 0, 0.24%, 1, 0, 1, 4.86, 4459, 159, 3206, 0
788, 31, 1, 5, 0, 0, 0.24%, 1, 0, 1, 5.63, 4490, 159, 3227, 0
793, 32, 1, 5, 0, 0, 0.24%, 1, 0, 1, 5.86, 4520, 159, 3248, 0
798, 32, 1, 5, 0, 0, 0.24%, 1, 0, 1, 5.75, 4552, 159, 3269, 0
803, 32, 1, 5, 0, 0, 0.24%, 1, 0, 1, 5.18, 4580, 159, 3290, 0
808, 32, 1, 5, 0, 0, 0.24%, 1, 0, 1, 4.73, 4603, 159, 3312, 0
813, 32, 1, 5, 0, 0, 0.24%, 1, 0, 1, 4.68, 4627, 159, 3334, 0
818, 33, 1, 5, 0, 0, 0.24%, 1, 0, 1, 5.04, 4654, 159, 3355, 0
823, 33, 1, 5, 0, 0, 0.24%, 1, 0, 1, 5.50, 4686, 159, 3375, 0
829, 33, 1, 5, 0, 0, 0.24%, 1, 0, 1, 5.53, 4716, 159, 3396, 0
834, 33, 1, 5, 0, 0, 0.24%, 1, 0, 1, 5.18, 4742, 159, 3418, 0
839, 33, 1, 5, 0, 0, 0.24%, 1, 0, 1, 4.99, 4768, 159, 3439, 0
844, 34, 1, 5, 0, 0, 0.24%, 1, 0, 1, 6.07, 4806, 159, 3459, 0
849, 34, 1, 5, 0, 0, 0.24%, 1, 0, 1, 6.28, 4844, 159, 3478, 0
854, 34, 1, 5, 0, 0, 0.24%, 1, 0, 1, 6.53, 4877, 159, 3497, 0
859, 34, 1, 5, 0, 0, 0.24%, 1, 0, 1, 5.18, 4903, 159, 3518, 0
864, 34, 1, 5, 0, 0, 0.24%, 1, 0, 1, 5.05, 4930, 159, 3539, 0
869, 35, 1, 5, 0, 0, 0.24%, 1, 0, 1, 5.18, 4956, 159, 3560, 0
874, 35, 1, 5, 0, 0, 0.24%, 1, 0, 1, 5.25, 4982, 159, 3581, 0
879, 35, 1, 5, 0, 0, 0.24%, 1, 0, 1, 5.43, 5012, 159, 3601, 0
885, 35, 1, 5, 0, 0, 0.24%, 1, 0, 1, 5.28, 5039, 159, 3622, 0
890, 35, 1, 5, 0, 0, 0.24%, 1, 0, 1, 5.46, 5069, 159, 3643, 0
895, 36, 1, 5, 0, 0, 0.24%, 1, 0, 1, 5.54, 5099, 159, 3663, 0
897, 36, 1, 5, 0, 0, 0.24%, 1, 0, 1, 0.00, 5113, 159, 3672, 0
