# relative_time, cycles_done, cur_item, corpus_count, pending_total, pending_favs, map_size, saved_crashes, saved_hangs, max_depth, execs_per_sec, total_execs, edges_found, total_crashes, servers_count
61, 12, 1, 5, 0, 0, 0.10%, 0, 0, 1, 17.33, 1117, 66, 0, 0
66, 13, 1, 5, 0, 0, 0.10%, 0, 0, 1, 17.72, 1209, 66, 0, 0
71, 15, 1, 5, 0, 0, 0.10%, 0, 0, 1, 18.09, 1301, 66, 0, 0
76, 16, 1, 5, 0, 0, 0.10%, 0, 0, 1, 18.19, 1393, 66, 0, 0
81, 17, 1, 5, 0, 0, 0.10%, 0, 0, 1, 18.22, 1485, 66, 0, 0
86, 18, 1, 5, 0, 0, 0.10%, 0, 0, 1, 18.24, 1577, 66, 0, 0
91, 19, 1, 5, 0, 0, 0.10%, 0, 0, 1, 18.24, 1669, 66, 0, 0
96, 20, 1, 5, 0, 0, 0.10%, 0, 0, 1, 18.11, 1761, 66, 0, 0
101, 21, 1, 5, 0, 0, 0.10%, 0, 0, 1, 18.07, 1853, 66, 0, 0
106, 22, 1, 5, 0, 0, 0.10%, 0, 0, 1, 18.07, 1945, 66, 0, 0
111, 23, 1, 5, 0, 0, 0.10%, 0, 0, 1, 18.19, 2037, 66, 0, 0
116, 24, 1, 5, 0, 0, 0.10%, 0, 0, 1, 17.71, 2125, 66, 0, 0
122, 25, 1, 5, 0, 0, 0.10%, 0, 0, 1, 17.49, 2213, 66, 0, 0
127, 26, 1, 5, 0, 0, 0.10%, 0, 0, 1, 17.37, 2301, 66, 0, 0
132, 28, 1, 5, 0, 0, 0.10%, 0, 0, 1, 17.79, 2393, 66, 0, 0
137, 29, 1, 5, 0, 0, 0.10%, 0, 0, 1, 17.98, 2485, 66, 0, 0
142, 30, 1, 5, 0, 0, 0.10%, 0, 0, 1, 18.01, 2577, 66, 0, 0
147, 31, 1, 5, 0, 0, 0.10%, 0, 0, 1, 18.01, 2669, 66, 0, 0
152, 32, 1, 5, 0, 0, 0.10%, 0, 0, 1, 17.97, 2761, 66, 0, 0
157, 33, 1, 5, 0, 0, 0.10%, 0, 0, 1, 17.94, 2853, 66, 0, 0
162, 34, 1, 5, 0, 0, 0.10%, 0, 0, 1, 17.97, 2945, 66, 0, 0
168, 35, 1, 5, 0, 0, 0.10%, 0, 0, 1, 18.00, 3037, 66, 0, 0
173, 36, 1, 5, 0, 0, 0.10%, 0, 0, 1, 18.04, 3129, 66, 0, 0
178, 37, 1, 5, 0, 0, 0.10%, 0, 0, 1, 17.58, 3217, 66, 0, 0
183, 38, 1, 5, 0, 0, 0.10%, 0, 0, 1, 17.46, 3305, 66, 0, 0
188, 39, 1, 5, 0, 0, 0.10%, 0, 0, 1, 17.36, 3393, 66, 0, 0
193, 40, 1, 5, 0, 0, 0.10%, 0, 0, 1, 17.40, 3481, 66, 0, 0
198, 42, 1, 5, 0, 0, 0.10%, 0, 0, 1, 17.40, 3569, 66, 0, 0
203, 43, 1, 5, 0, 0, 0.10%, 0, 0, 1, 17.43, 3657, 66, 0, 0
208, 44, 1, 5, 0, 0, 0.10%, 0, 0, 1, 17.41, 3745, 66, 0, 0
213, 45, 1, 5, 0, 0, 0.10%, 0, 0, 1, 17.39, 3833, 66, 0, 0
218, 46, 1, 5, 0, 0, 0.10%, 0, 0, 1, 17.76, 3925, 66, 0, 0
223, 47, 1, 5, 0, 0, 0.10%, 0, 0, 1, 18.00, 4017, 66, 0, 0
228, 48, 1, 5, 0, 0, 0.10%, 0, 0, 1, 18.06, 4109, 66, 0, 0
234, 49, 1, 5, 0, 0, 0.10%, 0, 0, 1, 18.06, 4201, 66, 0, 0
239, 50, 1, 5, 0, 0, 0.10%, 0, 0, 1, 18.14, 4293, 66, 0, 0
244, 51, 1, 5, 0, 0, 0.10%, 0, 0, 1, 18.01, 4385, 66, 0, 0
249, 52, 1, 5, 0, 0, 0.10%, 0, 0, 1, 18.15, 4477, 66, 0, 0
254, 53, 1, 5, 0, 0, 0.10%, 0, 0, 1, 18.18, 4569, 66, 0, 0
259, 55, 1, 5, 0, 0, 0.10%, 0, 0, 1, 18.20, 4661, 66, 0, 0
264, 56, 1, 5, 0, 0, 0.10%, 0, 0, 1, 18.17, 4753, 66, 0, 0
269, 57, 1, 5, 0, 0, 0.10%, 0, 0, 1, 18.17, 4845, 66, 0, 0
274, 58, 1, 5, 0, 0, 0.10%, 0, 0, 1, 18.16, 4937, 66, 0, 0
279, 59, 1, 5, 0, 0, 0.10%, 0, 0, 1, 17.53, 5025, 66, 0, 0
284, 60, 1, 5, 0, 0, 0.10%, 0, 0, 1, 17.38, 5113, 66, 0, 0
289, 61, 1, 5, 0, 0, 0.10%, 0, 0, 1, 17.30, 5201, 66, 0, 0
294, 62, 1, 5, 0, 0, 0.10%, 0, 0, 1, 17.33, 5289, 66, 0, 0
300, 63, 1, 5, 0, 0, 0.10%, 0, 0, 1, 17.37, 5377, 66, 0, 0
305, 64, 1, 5, 0, 0, 0.10%, 0, 0, 1, 17.40, 5465, 66, 0, 0
310, 65, 1, 5, 0, 0, 0.10%, 0, 0, 1, 17.43, 5553, 66, 0, 0
315, 66, 1, 5, 0, 0, 0.10%, 0, 0, 1, 17.55, 5641, 66, 0, 0
320, 67, 1, 5, 0, 0, 0.10%, 0, 0, 1, 17.54, 5729, 66, 0, 0
325, 68, 1, 5, 0, 0, 0.10%, 0, 0, 1, 17.51, 5817, 66, 0, 0
330, 69, 1, 5, 0, 0, 0.10%, 0, 0, 1, 17.54, 5905, 66, 0, 0
335, 70, 1, 5, 0, 0, 0.10%, 0, 0, 1, 17.49, 5993, 66, 0, 0
340, 71, 1, 5, 0, 0, 0.10%, 0, 0, 1, 17.49, 6081, 66, 0, 0
345, 72, 1, 5, 0, 0, 0.10%, 0, 0, 1, 17.40, 6169, 66, 0, 0
350, 74, 1, 5, 0, 0, 0.10%, 0, 0, 1, 17.33, 6257, 66, 0, 0
355, 75, 1, 5, 0, 0, 0.10%, 0, 0, 1, 17.33, 6345, 66, 0, 0
360, 76, 1, 5, 0, 0, 0.10%, 0, 0, 1, 17.33, 6433, 66, 0, 0
365, 77, 1, 5, 0, 0, 0.10%, 0, 0, 1, 17.38, 6521, 66, 0, 0
370, 78, 1, 5, 0, 0, 0.10%, 0, 0, 1, 17.44, 6609, 66, 0, 0
375, 79, 1, 5, 0, 0, 0.10%, 0, 0, 1, 17.93, 6701, 66, 0, 0
380, 80, 1, 5, 0, 0, 0.10%, 0, 0, 1, 18.06, 6793, 66, 0, 0
385, 81, 1, 5, 0, 0, 0.10%, 0, 0, 1, 18.06, 6885, 66, 0, 0
391, 82, 1, 5, 0, 0, 0.10%, 0, 0, 1, 18.15, 6977, 66, 0, 0
396, 83, 1, 5, 0, 0, 0.10%, 0, 0, 1, 17.87, 7069, 66, 0, 0
401, 84, 1, 5, 0, 0, 0.10%, 0, 0, 1, 17.72, 7161, 66, 0, 0
406, 85, 1, 5, 0, 0, 0.10%, 0, 0, 1, 17.67, 7253, 66, 0, 0
411, 86, 1, 5, 0, 0, 0.10%, 0, 0, 1, 17.66, 7345, 66, 0, 0
417, 88, 1, 5, 0, 0, 0.10%, 0, 0, 1, 17.67, 7437, 66, 0, 0
422, 89, 1, 5, 0, 0, 0.10%, 0, 0, 1, 18.06, 7529, 66, 0, 0
427, 90, 1, 5, 0, 0, 0.10%, 0, 0, 1, 17.77, 7621, 66, 0, 0
432, 91, 1, 5, 0, 0, 0.10%, 0, 0, 1, 17.55, 7709, 66, 0, 0
437, 92, 1, 5, 0, 0, 0.10%, 0, 0, 1, 17.48, 7797, 66, 0, 0
442, 93, 1, 5, 0, 0, 0.10%, 0, 0, 1, 17.47, 7885, 66, 0, 0
447, 94, 1, 5, 0, 0, 0.10%, 0, 0, 1, 17.47, 7973, 66, 0, 0
452, 95, 1, 5, 0, 0, 0.10%, 0, 0, 1, 18.13, 8065, 66, 0, 0
457, 96, 1, 5, 0, 0, 0.10%, 0, 0, 1, 17.55, 8153, 66, 0, 0
462, 97, 1, 5, 0, 0, 0.10%, 0, 0, 1, 17.44, 8241, 66, 0, 0
467, 98, 1, 5, 0, 0, 0.10%, 0, 0, 1, 17.41, 8329, 66, 0, 0
472, 99, 1, 5, 0, 0, 0.10%, 0, 0, 1, 17.38, 8417, 66, 0, 0
477, 100, 1, 5, 0, 0, 0.10%, 0, 0, 1, 17.39, 8505, 66, 0, 0
482, 101, 1, 5, 0, 0, 0.10%, 0, 0, 1, 17.37, 8593, 66, 0, 0
487, 102, 1, 5, 0, 0, 0.10%, 0, 0, 1, 17.43, 8681, 66, 0, 0
493, 103, 1, 5, 0, 0, 0.10%, 0, 0, 1, 17.57, 8773, 66, 0, 0
498, 105, 1, 5, 0, 0, 0.10%, 0, 0, 1, 17.51, 8861, 66, 0, 0
503, 106, 1, 5, 0, 0, 0.10%, 0, 0, 1, 17.48, 8949, 66, 0, 0
508, 107, 1, 5, 0, 0, 0.10%, 0, 0, 1, 17.51, 9037, 66, 0, 0
513, 108, 1, 5, 0, 0, 0.10%, 0, 0, 1, 17.49, 9125, 66, 0, 0
518, 109, 1, 5, 0, 0, 0.10%, 0, 0, 1, 17.49, 9213, 66, 0, 0
523, 110, 1, 5, 0, 0, 0.10%, 0, 0, 1, 17.50, 9301, 66, 0, 0
528, 111, 1, 5, 0, 0, 0.10%, 0, 0, 1, 18.10, 9393, 66, 0, 0
533, 112, 1, 5, 0, 0, 0.10%, 0, 0, 1, 18.25, 9485, 66, 0, 0
538, 113, 1, 5, 0, 0, 0.10%, 0, 0, 1, 17.56, 9573, 66, 0, 0
543, 114, 1, 5, 0, 0, 0.10%, 0, 0, 1, 17.38, 9661, 66, 0, 0
548, 115, 1, 5, 0, 0, 0.10%, 0, 0, 1, 17.35, 9749, 66, 0, 0
553, 116, 1, 5, 0, 0, 0.10%, 0, 0, 1, 17.40, 9837, 66, 0, 0
558, 117, 1, 5, 0, 0, 0.10%, 0, 0, 1, 17.42, 9925, 66, 0, 0
563, 118, 1, 5, 0, 0, 0.10%, 0, 0, 1, 17.41, 10013, 66, 0, 0
568, 119, 1, 5, 0, 0, 0.10%, 0, 0, 1, 16.78, 10097, 66, 0, 0
573, 120, 1, 5, 0, 0, 0.10%, 0, 0, 1, 17.26, 10185, 66, 0, 0
578, 121, 1, 5, 0, 0, 0.10%, 0, 0, 1, 17.85, 10277, 66, 0, 0
584, 122, 1, 5, 0, 0, 0.10%, 0, 0, 1, 17.57, 10369, 66, 0, 0
589, 124, 1, 5, 0, 0, 0.10%, 0, 0, 1, 17.40, 10457, 66, 0, 0
594, 125, 1, 5, 0, 0, 0.10%, 0, 0, 1, 18.03, 10549, 66, 0, 0
599, 126, 1, 5, 0, 0, 0.10%, 0, 0, 1, 18.13, 10641, 66, 0, 0
604, 127, 1, 5, 0, 0, 0.10%, 0, 0, 1, 18.10, 10733, 66, 0, 0
609, 128, 1, 5, 0, 0, 0.10%, 0, 0, 1, 18.05, 10825, 66, 0, 0
614, 129, 1, 5, 0, 0, 0.10%, 0, 0, 1, 18.06, 10917, 66, 0, 0
619, 130, 1, 5, 0, 0, 0.10%, 0, 0, 1, 18.06, 11009, 66, 0, 0
624, 131, 1, 5, 0, 0, 0.10%, 0, 0, 1, 18.07, 11101, 66, 0, 0
629, 132, 1, 5, 0, 0, 0.10%, 0, 0, 1, 18.07, 11193, 66, 0, 0
634, 133, 1, 5, 0, 0, 0.10%, 0, 0, 1, 18.00, 11285, 66, 0, 0
640, 134, 1, 5, 0, 0, 0.10%, 0, 0, 1, 18.12, 11377, 66, 0, 0
645, 136, 1, 5, 0, 0, 0.10%, 0, 0, 1, 18.19, 11469, 66, 0, 0
650, 137, 1, 5, 0, 0, 0.10%, 0, 0, 1, 18.22, 11561, 66, 0, 0
655, 138, 1, 5, 0, 0, 0.10%, 0, 0, 1, 18.23, 11653, 66, 0, 0
660, 139, 1, 5, 0, 0, 0.10%, 0, 0, 1, 17.49, 11741, 66, 0, 0
665, 140, 1, 5, 0, 0, 0.10%, 0, 0, 1, 17.32, 11829, 66, 0, 0
670, 141, 1, 5, 0, 0, 0.10%, 0, 0, 1, 16.75, 11913, 66, 0, 0
675, 142, 1, 5, 0, 0, 0.10%, 0, 0, 1, 17.10, 12001, 66, 0, 0
680, 143, 1, 5, 0, 0, 0.10%, 0, 0, 1, 17.16, 12089, 66, 0, 0
685, 144, 1, 5, 0, 0, 0.10%, 0, 0, 1, 17.21, 12177, 66, 0, 0
690, 145, 1, 5, 0, 0, 0.10%, 0, 0, 1, 17.20, 12265, 66, 0, 0
696, 146, 1, 5, 0, 0, 0.10%, 0, 0, 1, 17.19, 12353, 66, 0, 0
701, 147, 1, 5, 0, 0, 0.10%, 0, 0, 1, 17.20, 12441, 66, 0, 0
706, 148, 1, 5, 0, 0, 0.10%, 0, 0, 1, 17.58, 12529, 66, 0, 0
711, 149, 1, 5, 0, 0, 0.10%, 0, 0, 1, 17.91, 12621, 66, 0, 0
716, 150, 1, 5, 0, 0, 0.10%, 0, 0, 1, 18.04, 12713, 66, 0, 0
721, 151, 1, 5, 0, 0, 0.10%, 0, 0, 1, 18.09, 12805, 66, 0, 0
726, 153, 1, 5, 0, 0, 0.10%, 0, 0, 1, 18.12, 12897, 66, 0, 0
731, 154, 1, 5, 0, 0, 0.10%, 0, 0, 1, 17.07, 12985, 66, 0, 0
736, 155, 1, 5, 0, 0, 0.10%, 0, 0, 1, 16.58, 13069, 66, 0, 0
741, 156, 1, 5, 0, 0, 0.10%, 0, 0, 1, 16.44, 13153, 66, 0, 0
747, 157, 1, 5, 0, 0, 0.10%, 0, 0, 1, 16.41, 13237, 66, 0, 0
752, 158, 1, 5, 0, 0, 0.10%, 0, 0, 1, 16.42, 13321, 66, 0, 0
757, 159, 1, 5, 0, 0, 0.10%, 0, 0, 1, 16.35, 13405, 66, 0, 0
762, 160, 1, 5, 0, 0, 0.10%, 0, 0, 1, 16.39, 13489, 66, 0, 0
767, 161, 1, 5, 0, 0, 0.10%, 0, 0, 1, 16.93, 13577, 66, 0, 0
772, 162, 1, 5, 0, 0, 0.10%, 0, 0, 1, 17.38, 13665, 66, 0, 0
777, 163, 1, 5, 0, 0, 0.10%, 0, 0, 1, 17.50, 13753, 66, 0, 0
782, 164, 1, 5, 0, 0, 0.10%, 0, 0, 1, 17.44, 13841, 66, 0, 0
787, 165, 1, 5, 0, 0, 0.10%, 0, 0, 1, 17.41, 13929, 66, 0, 0
792, 166, 1, 5, 0, 0, 0.10%, 0, 0, 1, 17.28, 14017, 66, 0, 0
797, 167, 1, 5, 0, 0, 0.10%, 0, 0, 1, 17.39, 14105, 66, 0, 0
802, 168, 1, 5, 0, 0, 0.10%, 0, 0, 1, 17.44, 14193, 66, 0, 0
808, 169, 1, 5, 0, 0, 0.10%, 0, 0, 1, 17.43, 14281, 66, 0, 0
813, 170, 1, 5, 0, 0, 0.10%, 0, 0, 1, 17.48, 14369, 66, 0, 0
818, 171, 1, 5, 0, 0, 0.10%, 0, 0, 1, 17.66, 14461, 66, 0, 0
823, 172, 1, 5, 0, 0, 0.10%, 0, 0, 1, 17.51, 14549, 66, 0, 0
828, 173, 1, 5, 0, 0, 0.10%, 0, 0, 1, 17.47, 14637, 66, 0, 0
833, 174, 1, 5, 0, 0, 0.10%, 0, 0, 1, 17.36, 14725, 66, 0, 0
838, 175, 1, 5, 0, 0, 0.10%, 0, 0, 1, 17.31, 14813, 66, 0, 0
843, 176, 1, 5, 0, 0, 0.10%, 0, 0, 1, 17.36, 14901, 66, 0, 0
848, 178, 1, 5, 0, 0, 0.10%, 0, 0, 1, 17.82, 14993, 66, 0, 0
853, 179, 1, 5, 0, 0, 0.10%, 0, 0, 1, 18.02, 15085, 66, 0, 0
858, 180, 1, 5, 0, 0, 0.10%, 0, 0, 1, 18.17, 15177, 66, 0, 0
863, 181, 1, 5, 0, 0, 0.10%, 0, 0, 1, 18.21, 15269, 66, 0, 0
868, 182, 1, 5, 0, 0, 0.10%, 0, 0, 1, 18.20, 15361, 66, 0, 0
873, 183, 1, 5, 0, 0, 0.10%, 0, 0, 1, 18.21, 15453, 66, 0, 0
879, 184, 1, 5, 0, 0, 0.10%, 0, 0, 1, 18.23, 15545, 66, 0, 0
884, 185, 1, 5, 0, 0, 0.10%, 0, 0, 1, 18.08, 15637, 66, 0, 0
889, 186, 1, 5, 0, 0, 0.10%, 0, 0, 1, 17.99, 15729, 66, 0, 0
894, 187, 1, 5, 0, 0, 0.10%, 0, 0, 1, 17.67, 15821, 66, 0, 0
896, 188, 1, 5, 0, 0, 0.10%, 0, 0, 1, 17.28, 15860, 66, 0, 0
