# relative_time, cycles_done, cur_item, corpus_count, pending_total, pending_favs, map_size, saved_crashes, saved_hangs, max_depth, execs_per_sec, total_execs, edges_found, total_crashes, servers_count
61, 7, 1, 5, 0, 0, 0.29%, 0, 0, 1, 24.09, 1500, 193, 0, 0
66, 8, 0, 5, 0, 0, 0.29%, 0, 0, 1, 23.48, 1619, 193, 0, 0
71, 9, 0, 5, 0, 0, 0.29%, 0, 0, 1, 23.34, 1735, 193, 0, 0
76, 9, 0, 5, 0, 0, 0.29%, 0, 0, 1, 23.07, 1850, 193, 0, 0
81, 10, 0, 5, 0, 0, 0.29%, 0, 0, 1, 23.85, 1969, 193, 0, 0
86, 10, 0, 5, 0, 0, 0.29%, 0, 0, 1, 24.10, 2091, 193, 0, 0
91, 11, 0, 5, 0, 0, 0.29%, 0, 0, 1, 23.19, 2208, 193, 0, 0
96, 11, 0, 5, 0, 0, 0.29%, 0, 0, 1, 25.61, 2339, 193, 0, 0
101, 12, 1, 5, 0, 0, 0.29%, 0, 0, 1, 25.83, 2465, 193, 0, 0
106, 13, 0, 5, 0, 0, 0.29%, 0, 0, 1, 24.99, 2593, 193, 0, 0
112, 14, 0, 5, 0, 0, 0.29%, 0, 0, 1, 23.65, 2714, 193, 0, 0
117, 15, 0, 5, 0, 0, 0.29%, 0, 0, 1, 23.90, 2837, 193, 0, 0
122, 16, 1, 5, 0, 0, 0.29%, 0, 0, 1, 25.26, 2967, 193, 0, 0
127, 17, 0, 5, 0, 0, 0.29%, 0, 0, 1, 24.87, 3094, 193, 0, 0
132, 17, 1, 5, 0, 0, 0.29%, 0, 0, 1, 23.33, 3208, 193, 0, 0
137, 18, 0, 5, 0, 0, 0.29%, 0, 0, 1, 22.97, 3329, 193, 0, 0
142, 19, 1, 5, 0, 0, 0.29%, 0, 0, 1, 26.08, 3465, 193, 0, 0
147, 20, 1, 5, 0, 0, 0.29%, 0, 0, 1, 25.94, 3595, 193, 0, 0
152, 22, 0, 5, 0, 0, 0.29%, 0, 0, 1, 27.01, 3736, 193, 0, 0
157, 22, 0, 5, 0, 0, 0.29%, 0, 0, 1, 25.17, 3861, 193, 0, 0
163, 23, 0, 5, 0, 0, 0.29%, 0, 0, 1, 24.65, 3981, 193, 0, 0
168, 24, 1, 5, 0, 0, 0.29%, 0, 0, 1, 25.43, 4108, 193, 0, 0
173, 25, 1, 5, 0, 0, 0.29%, 0, 0, 1, 26.60, 4243, 193, 0, 0
178, 26, 1, 5, 0, 0, 0.29%, 0, 0, 1, 26.78, 4385, 193, 0, 0
183, 26, 0, 5, 0, 0, 0.29%, 0, 0, 1, 25.25, 4513, 193, 0, 0
188, 27, 0, 5, 0, 0, 0.29%, 0, 0, 1, 24.00, 4634, 193, 0, 0
193, 28, 0, 5, 0, 0, 0.29%, 0, 0, 1, 23.74, 4756, 193, 0, 0
199, 28, 0, 5, 0, 0, 0.29%, 0, 0, 1, 24.63, 4883, 193, 0, 0
204, 29, 0, 5, 0, 0, 0.29%, 0, 0, 1, 23.86, 5000, 193, 0, 0
209, 29, 0, 5, 0, 0, 0.29%, 0, 0, 1, 22.68, 5112, 193, 0, 0
214, 30, 0, 5, 0, 0, 0.29%, 0, 0, 1, 22.31, 5223, 193, 0, 0
219, 30, 1, 5, 0, 0, 0.29%, 0, 0, 1, 22.72, 5338, 193, 0, 0
224, 31, 0, 5, 0, 0, 0.29%, 0, 0, 1, 24.58, 5466, 193, 0, 0
229, 32, 0, 5, 0, 0, 0.29%, 0, 0, 1, 24.99, 5596, 193, 0, 0
234, 33, 1, 5, 0, 0, 0.29%, 0, 0, 1, 26.47, 5733, 193, 0, 0
239, 34, 0, 5, 0, 0, 0.29%, 0, 0, 1, 24.82, 5864, 193, 0, 0
244, 35, 0, 5, 0, 0, 0.29%, 0, 0, 1, 24.91, 5990, 193, 0, 0
250, 35, 0, 5, 0, 0, 0.29%, 0, 0, 1, 24.76, 6112, 193, 0, 0
255, 36, 1, 5, 0, 0, 0.29%, 0, 0, 1, 26.61, 6248, 193, 0, 0
260, 37, 0, 5, 0, 0, 0.29%, 0, 0, 1, 24.45, 6371, 193, 0, 0
265, 38, 0, 5, 0, 0, 0.29%, 0, 0, 1, 24.67, 6498, 193, 0, 0
270, 38, 0, 5, 0, 0, 0.29%, 0, 0, 1, 23.92, 6620, 193, 0, 0
275, 39, 0, 5, 0, 0, 0.29%, 0, 0, 1, 23.55, 6737, 193, 0, 0
280, 40, 0, 5, 0, 0, 0.29%, 0, 0, 1, 25.22, 6870, 193, 0, 0
286, 41, 0, 5, 0, 0, 0.29%, 0, 0, 1, 24.88, 7001, 193, 0, 0
291, 42, 1, 5, 0, 0, 0.29%, 0, 0, 1, 24.49, 7125, 193, 0, 0
296, 43, 0, 5, 0, 0, 0.29%, 0, 0, 1, 26.06, 7264, 193, 0, 0
301, 44, 0, 5, 0, 0, 0.29%, 0, 0, 1, 26.27, 7398, 193, 0, 0
306, 45, 0, 5, 0, 0, 0.29%, 0, 0, 1, 26.20, 7526, 193, 0, 0
311, 46, 0, 5, 0, 0, 0.29%, 0, 0, 1, 23.87, 7647, 193, 0, 0
316, 46, 0, 5, 0, 0, 0.29%, 0, 0, 1, 24.52, 7771, 193, 0, 0
321, 47, 1, 5, 0, 0, 0.29%, 0, 0, 1, 25.17, 7898, 193, 0, 0
327, 48, 0, 5, 0, 0, 0.29%, 0, 0, 1, 25.39, 8030, 193, 0, 0
332, 49, 0, 5, 0, 0, 0.29%, 0, 0, 1, 24.84, 8159, 193, 0, 0
337, 50, 1, 5, 0, 0, 0.29%, 0, 0, 1, 24.32, 8279, 193, 0, 0
342, 50, 0, 5, 0, 0, 0.29%, 0, 0, 1, 23.66, 8403, 193, 0, 0
347, 51, 1, 5, 0, 0, 0.29%, 0, 0, 1, 24.55, 8527, 193, 0, 0
352, 52, 0, 5, 0, 0, 0.29%, 0, 0, 1, 24.71, 8655, 193, 0, 0
357, 53, 1, 5, 0, 0, 0.29%, 0, 0, 1, 26.10, 8786, 193, 0, 0
362, 54, 0, 5, 0, 0, 0.29%, 0, 0, 1, 24.72, 8913, 193, 0, 0
368, 54, 1, 5, 0, 0, 0.29%, 0, 0, 1, 24.02, 9038, 193, 0, 0
373, 55, 0, 5, 0, 0, 0.29%, 0, 0, 1, 25.03, 9168, 193, 0, 0
378, 56, 1, 5, 0, 0, 0.29%, 0, 0, 1, 25.16, 9297, 193, 0, 0
383, 57, 1, 5, 0, 0, 0.29%, 0, 0, 1, 26.53, 9435, 193, 0, 0
388, 58, 0, 5, 0, 0, 0.29%, 0, 0, 1, 24.32, 9560, 193, 0, 0
393, 58, 1, 5, 0, 0, 0.29%, 0, 0, 1, 22.01, 9672, 193, 0, 0
398, 59, 0, 5, 0, 0, 0.29%, 0, 0, 1, 23.76, 9792, 193, 0, 0
403, 60, 0, 5, 0, 0, 0.29%, 0, 0, 1, 23.79, 9917, 193, 0, 0
408, 60, 0, 5, 0, 0, 0.29%, 0, 0, 1, 24.84, 10039, 193, 0, 0
414, 61, 0, 5, 0, 0, 0.29%, 0, 0, 1, 23.99, 10159, 193, 0, 0
419, 62, 1, 5, 0, 0, 0.29%, 0, 0, 1, 24.97, 10283, 193, 0, 0
424, 62, 1, 5, 0, 0, 0.29%, 0, 0, 1, 24.11, 10407, 193, 0, 0
429, 63, 0, 5, 0, 0, 0.29%, 0, 0, 1, 24.34, 10534, 193, 0, 0
434, 64, 0, 5, 0, 0, 0.29%, 0, 0, 1, 23.84, 10654, 193, 0, 0
439, 65, 0, 5, 0, 0, 0.29%, 0, 0, 1, 24.35, 10779, 193, 0, 0
444, 65, 0, 5, 0, 0, 0.29%, 0, 0, 1, 23.60, 10897, 193, 0, 0
449, 66, 1, 5, 0, 0, 0.29%, 0, 0, 1, 24.45, 11024, 193, 0, 0
454, 66, 0, 5, 0, 0, 0.29%, 0, 0, 1, 24.34, 11149, 193, 0, 0
459, 68, 1, 5, 0, 0, 0.29%, 0, 0, 1, 25.52, 11279, 193, 0, 0
465, 69, 1, 5, 0, 0, 0.29%, 0, 0, 1, 25.72, 11412, 193, 0, 0
470, 70, 0, 5, 0, 0, 0.29%, 0, 0, 1, 24.78, 11541, 193, 0, 0
475, 71, 0, 5, 0, 0, 0.29%, 0, 0, 1, 24.62, 11669, 193, 0, 0
480, 71, 1, 5, 0, 0, 0.29%, 0, 0, 1, 25.09, 11799, 193, 0, 0
485, 72, 0, 5, 0, 0, 0.29%, 0, 0, 1, 23.95, 11925, 193, 0, 0
490, 73, 0, 5, 0, 0, 0.29%, 0, 0, 1, 23.93, 12045, 193, 0, 0
495, 74, 1, 5, 0, 0, 0.29%, 0, 0, 1, 22.92, 12159, 193, 0, 0
501, 74, 1, 5, 0, 0, 0.29%, 0, 0, 1, 23.87, 12281, 193, 0, 0
506, 76, 1, 5, 0, 0, 0.29%, 0, 0, 1, 26.40, 12411, 193, 0, 0
511, 77, 1, 5, 0, 0, 0.29%, 0, 0, 1, 27.47, 12555, 193, 0, 0
516, 78, 0, 5, 0, 0, 0.29%, 0, 0, 1, 24.56, 12676, 193, 0, 0
521, 79, 1, 5, 0, 0, 0.29%, 0, 0, 1, 23.10, 12794, 193, 0, 0
526, 79, 0, 5, 0, 0, 0.29%, 0, 0, 1, 23.61, 12915, 193, 0, 0
531, 80, 0, 5, 0, 0, 0.29%, 0, 0, 1, 23.59, 13035, 193, 0, 0
536, 80, 0, 5, 0, 0, 0.29%, 0, 0, 1, 22.48, 13153, 193, 0, 0
541, 81, 0, 5, 0, 0, 0.29%, 0, 0, 1, 23.81, 13275, 193, 0, 0
546, 81, 0, 5, 0, 0, 0.29%, 0, 0, 1, 24.35, 13398, 193, 0, 0
552, 82, 0, 5, 0, 0, 0.29%, 0, 0, 1, 23.93, 13521, 193, 0, 0
557, 83, 1, 5, 0, 0, 0.29%, 0, 0, 1, 22.94, 13640, 193, 0, 0
562, 83, 0, 5, 0, 0, 0.29%, 0, 0, 1, 23.25, 13757, 193, 0, 0
567, 84, 1, 5, 0, 0, 0.29%, 0, 0, 1, 25.07, 13889, 193, 0, 0
572, 86, 1, 5, 0, 0, 0.29%, 0, 0, 1, 25.60, 14018, 193, 0, 0
577, 87, 0, 5, 0, 0, 0.29%, 0, 0, 1, 25.84, 14148, 193, 0, 0
582, 87, 0, 5, 0, 0, 0.29%, 0, 0, 1, 25.95, 14280, 193, 0, 0
587, 88, 1, 5, 0, 0, 0.29%, 0, 0, 1, 25.93, 14416, 193, 0, 0
592, 90, 1, 5, 0, 0, 0.29%, 0, 0, 1, 25.80, 14544, 193, 0, 0
598, 90, 0, 5, 0, 0, 0.29%, 0, 0, 1, 24.10, 14666, 193, 0, 0
603, 91, 0, 5, 0, 0, 0.29%, 0, 0, 1, 24.05, 14786, 193, 0, 0
608, 92, 0, 5, 0, 0, 0.29%, 0, 0, 1, 22.75, 14898, 193, 0, 0
613, 92, 0, 5, 0, 0, 0.29%, 0, 0, 1, 24.23, 15021, 193, 0, 0
618, 93, 0, 5, 0, 0, 0.29%, 0, 0, 1, 24.06, 15144, 193, 0, 0
623, 94, 1, 5, 0, 0, 0.29%, 0, 0, 1, 24.58, 15266, 193, 0, 0
628, 95, 0, 5, 0, 0, 0.29%, 0, 0, 1, 24.91, 15390, 193, 0, 0
633, 95, 0, 5, 0, 0, 0.29%, 0, 0, 1, 24.73, 15512, 193, 0, 0
638, 96, 0, 5, 0, 0, 0.29%, 0, 0, 1, 23.92, 15631, 193, 0, 0
643, 97, 0, 5, 0, 0, 0.29%, 0, 0, 1, 24.15, 15753, 193, 0, 0
648, 97, 0, 5, 0, 0, 0.29%, 0, 0, 1, 23.32, 15870, 193, 0, 0
653, 98, 1, 5, 0, 0, 0.29%, 0, 0, 1, 25.30, 15996, 193, 0, 0
658, 99, 0, 5, 0, 0, 0.29%, 0, 0, 1, 22.99, 16110, 193, 0, 0
664, 99, 0, 5, 0, 0, 0.29%, 0, 0, 1, 23.12, 16230, 193, 0, 0
669, 100, 0, 5, 0, 0, 0.29%, 0, 0, 1, 22.57, 16348, 193, 0, 0
674, 101, 0, 5, 0, 0, 0.29%, 0, 0, 1, 24.26, 16473, 193, 0, 0
679, 101, 1, 5, 0, 0, 0.29%, 0, 0, 1, 24.21, 16591, 193, 0, 0
684, 102, 1, 5, 0, 0, 0.29%, 0, 0, 1, 23.00, 16706, 193, 0, 0
689, 103, 1, 5, 0, 0, 0.29%, 0, 0, 1, 22.69, 16821, 193, 0, 0
694, 103, 1, 5, 0, 0, 0.29%, 0, 0, 1, 23.42, 16946, 193, 0, 0
699, 104, 1, 5, 0, 0, 0.29%, 0, 0, 1, 24.09, 17066, 193, 0, 0
704, 105, 1, 5, 0, 0, 0.29%, 0, 0, 1, 26.12, 17204, 193, 0, 0
709, 106, 0, 5, 0, 0, 0.29%, 0, 0, 1, 24.06, 17321, 193, 0, 0
715, 106, 0, 5, 0, 0, 0.29%, 0, 0, 1, 23.46, 17441, 193, 0, 0
720, 107, 0, 5, 0, 0, 0.29%, 0, 0, 1, 23.22, 17561, 193, 0, 0
725, 108, 0, 5, 0, 0, 0.29%, 0, 0, 1, 25.94, 17698, 193, 0, 0
730, 109, 1, 5, 0, 0, 0.29%, 0, 0, 1, 25.82, 17822, 193, 0, 0
735, 110, 1, 5, 0, 0, 0.29%, 0, 0, 1, 23.66, 17937, 193, 0, 0
740, 110, 0, 5, 0, 0, 0.29%, 0, 0, 1, 22.61, 18055, 193, 0, 0
745, 110, 0, 5, 0, 0, 0.29%, 0, 0, 1, 22.68, 18168, 193, 0, 0
750, 111, 0, 5, 0, 0, 0.29%, 0, 0, 1, 23.49, 18288, 193, 0, 0
755, 112, 1, 5, 0, 0, 0.29%, 0, 0, 1, 23.73, 18406, 193, 0, 0
760, 112, 0, 5, 0, 0, 0.29%, 0, 0, 1, 23.56, 18532, 193, 0, 0
766, 113, 0, 5, 0, 0, 0.29%, 0, 0, 1, 23.86, 18656, 193, 0, 0
771, 114, 0, 5, 0, 0, 0.29%, 0, 0, 1, 23.32, 18774, 193, 0, 0
776, 115, 0, 5, 0, 0, 0.29%, 0, 0, 1, 23.44, 18897, 193, 0, 0
781, 115, 0, 5, 0, 0, 0.29%, 0, 0, 1, 23.27, 19015, 193, 0, 0
786, 116, 1, 5, 0, 0, 0.29%, 0, 0, 1, 23.93, 19138, 193, 0, 0
791, 117, 0, 5, 0, 0, 0.29%, 0, 0, 1, 23.56, 19260, 193, 0, 0
796, 117, 1, 5, 0, 0, 0.29%, 0, 0, 1, 22.41, 19373, 193, 0, 0
802, 118, 1, 5, 0, 0, 0.29%, 0, 0, 1, 24.07, 19496, 193, 0, 0
807, 119, 1, 5, 0, 0, 0.29%, 0, 0, 1, 24.24, 19625, 193, 0, 0
812, 119, 0, 5, 0, 0, 0.29%, 0, 0, 1, 23.10, 19740, 193, 0, 0
817, 120, 0, 5, 0, 0, 0.29%, 0, 0, 1, 22.82, 19854, 193, 0, 0
822, 120, 0, 5, 0, 0, 0.29%, 0, 0, 1, 23.40, 19973, 193, 0, 0
827, 121, 0, 5, 0, 0, 0.29%, 0, 0, 1, 22.33, 20088, 193, 0, 0
832, 121, 0, 5, 0, 0, 0.29%, 0, 0, 1, 20.52, 20194, 193, 0, 0
837, 122, 0, 5, 0, 0, 0.29%, 0, 0, 1, 22.50, 20314, 193, 0, 0
843, 122, 0, 5, 0, 0, 0.29%, 0, 0, 1, 23.73, 20436, 193, 0, 0
848, 123, 0, 5, 0, 0, 0.29%, 0, 0, 1, 23.33, 20552, 193, 0, 0
853, 123, 0, 5, 0, 0, 0.29%, 0, 0, 1, 23.67, 20673, 193, 0, 0
858, 124, 0, 5, 0, 0, 0.29%, 0, 0, 1, 23.81, 20800, 193, 0, 0
863, 125, 1, 5, 0, 0, 0.29%, 0, 0, 1, 23.29, 20916, 193, 0, 0
868, 126, 0, 5, 0, 0, 0.29%, 0, 0, 1, 24.59, 21049, 193, 0, 0
873, 126, 0, 5, 0, 0, 0.29%, 0, 0, 1, 23.36, 21164, 193, 0, 0
878, 128, 1, 5, 0, 0, 0.29%, 0, 0, 1, 26.14, 21298, 193, 0, 0
883, 128, 1, 5, 0, 0, 0.29%, 0, 0, 1, 22.96, 21411, 193, 0, 0
888, 129, 1, 5, 0, 0, 0.29%, 0, 0, 1, 25.21, 21539, 193, 0, 0
893, 130, 0, 5, 0, 0, 0.29%, 0, 0, 1, 24.00, 21660, 193, 0, 0
897, 130, 0, 5, 0, 0, 0.29%, 0, 0, 1, 24.38, 21754, 193, 0, 0
