# relative_time, cycles_done, cur_item, corpus_count, pending_total, pending_favs, map_size, saved_crashes, saved_hangs, max_depth, execs_per_sec, total_execs, edges_found, total_crashes, servers_count
60, 10, 1, 5, 0, 0, 0.02%, 0, 0, 1, 62.36, 3763, 13, 0, 0
66, 11, 1, 5, 0, 0, 0.02%, 0, 0, 1, 62.47, 4088, 13, 0, 0
71, 12, 1, 5, 0, 0, 0.02%, 0, 0, 1, 62.90, 4413, 13, 0, 0
76, 13, 1, 5, 0, 0, 0.02%, 0, 0, 1, 62.37, 4725, 13, 0, 0
81, 14, 1, 5, 0, 0, 0.02%, 0, 0, 1, 62.37, 5050, 13, 0, 0
86, 15, 1, 5, 0, 0, 0.02%, 0, 0, 1, 62.19, 5362, 13, 0, 0
91, 16, 1, 5, 0, 0, 0.02%, 0, 0, 1, 62.49, 5687, 13, 0, 0
96, 17, 1, 5, 0, 0, 0.02%, 0, 0, 1, 62.03, 5999, 13, 0, 0
101, 17, 1, 5, 0, 0, 0.02%, 0, 0, 1, 62.02, 6311, 13, 0, 0
106, 18, 1, 5, 0, 0, 0.02%, 0, 0, 1, 61.87, 6623, 13, 0, 0
111, 19, 1, 5, 0, 0, 0.02%, 0, 0, 1, 62.16, 6935, 13, 0, 0
116, 20, 1, 5, 0, 0, 0.02%, 0, 0, 1, 62.19, 7246, 13, 0, 0
121, 21, 1, 5, 0, 0, 0.02%, 0, 0, 1, 62.56, 7571, 13, 0, 0
126, 22, 1, 5, 0, 0, 0.02%, 0, 0, 1, 62.12, 7882, 13, 0, 0
131, 23, 1, 5, 0, 0, 0.02%, 0, 0, 1, 62.34, 8194, 13, 0, 0
137, 24, 1, 5, 0, 0, 0.02%, 0, 0, 1, 62.41, 8519, 13, 0, 0
142, 25, 1, 5, 0, 0, 0.02%, 0, 0, 1, 62.60, 8844, 13, 0, 0
147, 26, 1, 5, 0, 0, 0.02%, 0, 0, 1, 62.91, 9169, 13, 0, 0
152, 27, 1, 5, 0, 0, 0.02%, 0, 0, 1, 62.82, 9494, 13, 0, 0
157, 27, 1, 5, 0, 0, 0.02%, 0, 0, 1, 62.88, 9819, 13, 0, 0
163, 28, 1, 5, 0, 0, 0.02%, 0, 0, 1, 63.07, 10144, 13, 0, 0
168, 29, 1, 5, 0, 0, 0.02%, 0, 0, 1, 62.35, 10456, 13, 0, 0
173, 30, 1, 5, 0, 0, 0.02%, 0, 0, 1, 62.29, 10768, 13, 0, 0
178, 31, 1, 5, 0, 0, 0.02%, 0, 0, 1, 62.17, 11080, 13, 0, 0
183, 32, 1, 5, 0, 0, 0.02%, 0, 0, 1, 62.68, 11405, 13, 0, 0
188, 33, 1, 5, 0, 0, 0.02%, 0, 0, 1, 62.58, 11730, 13, 0, 0
193, 34, 1, 5, 0, 0, 0.02%, 0, 0, 1, 62.06, 12042, 13, 0, 0
198, 35, 1, 5, 0, 0, 0.02%, 0, 0, 1, 60.65, 12357, 13, 0, 0
203, 36, 1, 5, 0, 0, 0.02%, 0, 0, 1, 61.48, 12674, 13, 0, 0
209, 37, 1, 5, 0, 0, 0.02%, 0, 0, 1, 62.40, 12999, 13, 0, 0
214, 37, 1, 5, 0, 0, 0.02%, 0, 0, 1, 62.25, 13311, 13, 0, 0
219, 38, 1, 5, 0, 0, 0.02%, 0, 0, 1, 61.74, 13622, 13, 0, 0
224, 39, 1, 5, 0, 0, 0.02%, 0, 0, 1, 61.74, 13931, 13, 0, 0
229, 40, 1, 5, 0, 0, 0.02%, 0, 0, 1, 62.08, 14242, 13, 0, 0
234, 41, 1, 5, 0, 0, 0.02%, 0, 0, 1, 62.46, 14554, 13, 0, 0
239, 42, 1, 5, 0, 0, 0.02%, 0, 0, 1, 62.10, 14866, 13, 0, 0
244, 43, 1, 5, 0, 0, 0.02%, 0, 0, 1, 62.55, 15189, 13, 0, 0
249, 44, 1, 5, 0, 0, 0.02%, 0, 0, 1, 62.85, 15514, 13, 0, 0
254, 45, 1, 5, 0, 0, 0.02%, 0, 0, 1, 63.08, 15839, 13, 0, 0
259, 46, 1, 5, 0, 0, 0.02%, 0, 0, 1, 62.53, 16164, 13, 0, 0
264, 46, 1, 5, 0, 0, 0.02%, 0, 0, 1, 61.84, 16476, 13, 0, 0
270, 47, 1, 5, 0, 0, 0.02%, 0, 0, 1, 62.46, 16800, 13, 0, 0
275, 48, 1, 5, 0, 0, 0.02%, 0, 0, 1, 62.18, 17112, 13, 0, 0
280, 49, 1, 5, 0, 0, 0.02%, 0, 0, 1, 61.85, 17423, 13, 0, 0
285, 50, 1, 5, 0, 0, 0.02%, 0, 0, 1, 61.98, 17734, 13, 0, 0
290, 51, 1, 5, 0, 0, 0.02%, 0, 0, 1, 62.35, 18059, 13, 0, 0
295, 52, 1, 5, 0, 0, 0.02%, 0, 0, 1, 60.39, 18371, 13, 0, 0
300, 53, 1, 5, 0, 0, 0.02%, 0, 0, 1, 59.89, 18676, 13, 0, 0
305, 54, 1, 5, 0, 0, 0.02%, 0, 0, 1, 62.44, 19001, 13, 0, 0
310, 55, 1, 5, 0, 0, 0.02%, 0, 0, 1, 62.16, 19313, 13, 0, 0
315, 56, 1, 5, 0, 0, 0.02%, 0, 0, 1, 63.11, 19638, 13, 0, 0
320, 56, 1, 5, 0, 0, 0.02%, 0, 0, 1, 62.04, 19949, 13, 0, 0
326, 57, 1, 5, 0, 0, 0.02%, 0, 0, 1, 62.11, 20261, 13, 0, 0
331, 58, 1, 5, 0, 0, 0.02%, 0, 0, 1, 61.76, 20572, 13, 0, 0
336, 59, 1, 5, 0, 0, 0.02%, 0, 0, 1, 60.34, 20877, 13, 0, 0
341, 60, 1, 5, 0, 0, 0.02%, 0, 0, 1, 62.16, 21202, 13, 0, 0
346, 61, 1, 5, 0, 0, 0.02%, 0, 0, 1, 62.25, 21513, 13, 0, 0
351, 62, 1, 5, 0, 0, 0.02%, 0, 0, 1, 62.55, 21838, 13, 0, 0
356, 63, 1, 5, 0, 0, 0.02%, 0, 0, 1, 62.00, 22150, 13, 0, 0
361, 64, 1, 5, 0, 0, 0.02%, 0, 0, 1, 61.93, 22460, 13, 0, 0
366, 64, 1, 5, 0, 0, 0.02%, 0, 0, 1, 62.49, 22785, 13, 0, 0
371, 65, 1, 5, 0, 0, 0.02%, 0, 0, 1, 62.95, 23110, 13, 0, 0
377, 66, 1, 5, 0, 0, 0.02%, 0, 0, 1, 62.76, 23435, 13, 0, 0
382, 67, 1, 5, 0, 0, 0.02%, 0, 0, 1, 62.64, 23760, 13, 0, 0
387, 68, 1, 5, 0, 0, 0.02%, 0, 0, 1, 62.70, 24072, 13, 0, 0
392, 69, 1, 5, 0, 0, 0.02%, 0, 0, 1, 62.63, 24397, 13, 0, 0
397, 70, 1, 5, 0, 0, 0.02%, 0, 0, 1, 62.22, 24708, 13, 0, 0
402, 71, 1, 5, 0, 0, 0.02%, 0, 0, 1, 62.76, 25033, 13, 0, 0
407, 72, 1, 5, 0, 0, 0.02%, 0, 0, 1, 61.72, 25346, 13, 0, 0
412, 73, 1, 5, 0, 0, 0.02%, 0, 0, 1, 62.75, 25671, 13, 0, 0
418, 74, 1, 5, 0, 0, 0.02%, 0, 0, 1, 62.39, 25995, 13, 0, 0
423, 75, 1, 5, 0, 0, 0.02%, 0, 0, 1, 62.69, 26320, 13, 0, 0
428, 76, 1, 5, 0, 0, 0.02%, 0, 0, 1, 61.76, 26642, 13, 0, 0
433, 76, 1, 5, 0, 0, 0.02%, 0, 0, 1, 62.09, 26954, 13, 0, 0
438, 77, 1, 5, 0, 0, 0.02%, 0, 0, 1, 59.67, 27262, 13, 0, 0
443, 78, 1, 5, 0, 0, 0.02%, 0, 0, 1, 60.44, 27569, 13, 0, 0
449, 79, 1, 5, 0, 0, 0.02%, 0, 0, 1, 62.25, 27894, 13, 0, 0
454, 80, 1, 5, 0, 0, 0.02%, 0, 0, 1, 62.06, 28205, 13, 0, 0
459, 81, 1, 5, 0, 0, 0.02%, 0, 0, 1, 62.13, 28517, 13, 0, 0
464, 82, 1, 5, 0, 0, 0.02%, 0, 0, 1, 59.48, 28819, 13, 0, 0
469, 83, 1, 5, 0, 0, 0.02%, 0, 0, 1, 61.64, 29131, 13, 0, 0
474, 84, 1, 5, 0, 0, 0.02%, 0, 0, 1, 62.26, 29455, 13, 0, 0
479, 84, 1, 5, 0, 0, 0.02%, 0, 0, 1, 61.74, 29766, 13, 0, 0
484, 85, 1, 5, 0, 0, 0.02%, 0, 0, 1, 62.23, 30090, 13, 0, 0
489, 86, 1, 5, 0, 0, 0.02%, 0, 0, 1, 62.14, 30401, 13, 0, 0
494, 87, 1, 5, 0, 0, 0.02%, 0, 0, 1, 61.84, 30713, 13, 0, 0
499, 88, 1, 5, 0, 0, 0.02%, 0, 0, 1, 60.62, 31028, 13, 0, 0
505, 89, 1, 5, 0, 0, 0.02%, 0, 0, 1, 61.65, 31344, 13, 0, 0
510, 90, 1, 5, 0, 0, 0.02%, 0, 0, 1, 62.69, 31669, 13, 0, 0
515, 91, 1, 5, 0, 0, 0.02%, 0, 0, 1, 63.03, 31994, 13, 0, 0
520, 92, 1, 5, 0, 0, 0.02%, 0, 0, 1, 62.09, 32306, 13, 0, 0
525, 93, 1, 5, 0, 0, 0.02%, 0, 0, 1, 62.45, 32618, 13, 0, 0
530, 93, 1, 5, 0, 0, 0.02%, 0, 0, 1, 62.34, 32930, 13, 0, 0
535, 94, 1, 5, 0, 0, 0.02%, 0, 0, 1, 62.11, 33242, 13, 0, 0
540, 95, 1, 5, 0, 0, 0.02%, 0, 0, 1, 61.97, 33554, 13, 0, 0
545, 96, 1, 5, 0, 0, 0.02%, 0, 0, 1, 62.61, 33879, 13, 0, 0
550, 97, 1, 5, 0, 0, 0.02%, 0, 0, 1, 62.54, 34204, 13, 0, 0
555, 98, 1, 5, 0, 0, 0.02%, 0, 0, 1, 62.59, 34529, 13, 0, 0
561, 99, 1, 5, 0, 0, 0.02%, 0, 0, 1, 62.19, 34852, 13, 0, 0
566, 100, 1, 5, 0, 0, 0.02%, 0, 0, 1, 62.39, 35164, 13, 0, 0
571, 101, 1, 5, 0, 0, 0.02%, 0, 0, 1, 63.03, 35489, 13, 0, 0
576, 102, 1, 5, 0, 0, 0.02%, 0, 0, 1, 62.96, 35814, 13, 0, 0
581, 103, 1, 5, 0, 0, 0.02%, 0, 0, 1, 62.95, 36139, 13, 0, 0
586, 104, 1, 5, 0, 0, 0.02%, 0, 0, 1, 62.47, 36451, 13, 0, 0
591, 104, 1, 5, 0, 0, 0.02%, 0, 0, 1, 62.28, 36763, 13, 0, 0
596, 105, 1, 5, 0, 0, 0.02%, 0, 0, 1, 62.68, 37088, 13, 0, 0
602, 106, 1, 5, 0, 0, 0.02%, 0, 0, 1, 62.39, 37411, 13, 0, 0
607, 107, 1, 5, 0, 0, 0.02%, 0, 0, 1, 61.13, 37731, 13, 0, 0
612, 108, 1, 5, 0, 0, 0.02%, 0, 0, 1, 61.95, 38052, 13, 0, 0
617, 109, 1, 5, 0, 0, 0.02%, 0, 0, 1, 61.51, 38373, 13, 0, 0
622, 110, 1, 5, 0, 0, 0.02%, 0, 0, 1, 61.93, 38689, 13, 0, 0
627, 111, 1, 5, 0, 0, 0.02%, 0, 0, 1, 62.09, 39001, 13, 0, 0
632, 112, 1, 5, 0, 0, 0.02%, 0, 0, 1, 62.08, 39313, 13, 0, 0
638, 113, 1, 5, 0, 0, 0.02%, 0, 0, 1, 62.44, 39638, 13, 0, 0
643, 114, 1, 5, 0, 0, 0.02%, 0, 0, 1, 61.88, 39950, 13, 0, 0
648, 114, 1, 5, 0, 0, 0.02%, 0, 0, 1, 62.13, 40262, 13, 0, 0
653, 115, 1, 5, 0, 0, 0.02%, 0, 0, 1, 62.14, 40574, 13, 0, 0
658, 116, 1, 5, 0, 0, 0.02%, 0, 0, 1, 62.54, 40899, 13, 0, 0
663, 117, 1, 5, 0, 0, 0.02%, 0, 0, 1, 62.51, 41211, 13, 0, 0
668, 118, 1, 5, 0, 0, 0.02%, 0, 0, 1, 62.40, 41536, 13, 0, 0
673, 119, 1, 5, 0, 0, 0.02%, 0, 0, 1, 61.73, 41848, 13, 0, 0
678, 120, 1, 5, 0, 0, 0.02%, 0, 0, 1, 61.74, 42159, 13, 0, 0
683, 121, 1, 5, 0, 0, 0.02%, 0, 0, 1, 62.19, 42471, 13, 0, 0
688, 122, 1, 5, 0, 0, 0.02%, 0, 0, 1, 62.64, 42795, 13, 0, 0
693, 123, 1, 5, 0, 0, 0.02%, 0, 0, 1, 62.50, 43119, 13, 0, 0
698, 123, 1, 5, 0, 0, 0.02%, 0, 0, 1, 62.35, 43431, 13, 0, 0
704, 124, 1, 5, 0, 0, 0.02%, 0, 0, 1, 62.59, 43756, 13, 0, 0
709, 125, 1, 5, 0, 0, 0.02%, 0, 0, 1, 62.00, 44068, 13, 0, 0
714, 126, 1, 5, 0, 0, 0.02%, 0, 0, 1, 61.88, 44380, 13, 0, 0
719, 127, 1, 5, 0, 0, 0.02%, 0, 0, 1, 62.37, 44692, 13, 0, 0
724, 128, 1, 5, 0, 0, 0.02%, 0, 0, 1, 62.39, 45017, 13, 0, 0
729, 129, 1, 5, 0, 0, 0.02%, 0, 0, 1, 62.56, 45342, 13, 0, 0
734, 130, 1, 5, 0, 0, 0.02%, 0, 0, 1, 62.45, 45667, 13, 0, 0
740, 131, 1, 5, 0, 0, 0.02%, 0, 0, 1, 62.40, 45992, 13, 0, 0
745, 132, 1, 5, 0, 0, 0.02%, 0, 0, 1, 62.52, 46304, 13, 0, 0
750, 133, 1, 5, 0, 0, 0.02%, 0, 0, 1, 62.58, 46629, 13, 0, 0
755, 134, 1, 5, 0, 0, 0.02%, 0, 0, 1, 62.78, 46954, 13, 0, 0
760, 134, 1, 5, 0, 0, 0.02%, 0, 0, 1, 62.36, 47266, 13, 0, 0
765, 135, 1, 5, 0, 0, 0.02%, 0, 0, 1, 62.11, 47577, 13, 0, 0
770, 136, 1, 5, 0, 0, 0.02%, 0, 0, 1, 62.08, 47888, 13, 0, 0
775, 137, 1, 5, 0, 0, 0.02%, 0, 0, 1, 61.89, 48199, 13, 0, 0
780, 138, 1, 5, 0, 0, 0.02%, 0, 0, 1, 61.93, 48510, 13, 0, 0
785, 139, 1, 5, 0, 0, 0.02%, 0, 0, 1, 61.83, 48821, 13, 0, 0
790, 140, 1, 5, 0, 0, 0.02%, 0, 0, 1, 62.61, 49146, 13, 0, 0
795, 141, 1, 5, 0, 0, 0.02%, 0, 0, 1, 62.22, 49469, 13, 0, 0
801, 142, 1, 5, 0, 0, 0.02%, 0, 0, 1, 62.23, 49793, 13, 0, 0
806, 143, 1, 5, 0, 0, 0.02%, 0, 0, 1, 62.49, 50105, 13, 0, 0
811, 143, 1, 5, 0, 0, 0.02%, 0, 0, 1, 62.93, 50429, 13, 0, 0
816, 144, 1, 5, 0, 0, 0.02%, 0, 0, 1, 62.93, 50754, 13, 0, 0
821, 145, 1, 5, 0, 0, 0.02%, 0, 0, 1, 62.62, 51079, 13, 0, 0
826, 146, 1, 5, 0, 0, 0.02%, 0, 0, 1, 61.98, 51391, 13, 0, 0
831, 147, 1, 5, 0, 0, 0.02%, 0, 0, 1, 62.13, 51715, 13, 0, 0
837, 148, 1, 5, 0, 0, 0.02%, 0, 0, 1, 62.52, 52040, 13, 0, 0
842, 149, 1, 5, 0, 0, 0.02%, 0, 0, 1, 62.37, 52365, 13, 0, 0
847, 150, 1, 5, 0, 0, 0.02%, 0, 0, 1, 63.21, 52690, 13, 0, 0
852, 151, 1, 5, 0, 0, 0.02%, 0, 0, 1, 62.46, 53015, 13, 0, 0
857, 152, 1, 5, 0, 0, 0.02%, 0, 0, 1, 62.17, 53326, 13, 0, 0
862, 153, 1, 5, 0, 0, 0.02%, 0, 0, 1, 61.95, 53637, 13, 0, 0
867, 154, 1, 5, 0, 0, 0.02%, 0, 0, 1, 62.12, 53948, 13, 0, 0
872, 154, 1, 5, 0, 0, 0.02%, 0, 0, 1, 62.71, 54273, 13, 0, 0
878, 155, 1, 5, 0, 0, 0.02%, 0, 0, 1, 62.56, 54596, 13, 0, 0
883, 156, 1, 5, 0, 0, 0.02%, 0, 0, 1, 62.48, 54921, 13, 0, 0
888, 157, 1, 5, 0, 0, 0.02%, 0, 0, 1, 62.41, 55233, 13, 0, 0
893, 158, 1, 5, 0, 0, 0.02%, 0, 0, 1, 61.37, 55543, 13, 0, 0
898, 159, 1, 5, 0, 0, 0.02%, 0, 0, 1, 0.00, 55811, 13, 0, 0
