# relative_time, cycles_done, cur_item, corpus_count, pending_total, pending_favs, map_size, saved_crashes, saved_hangs, max_depth, execs_per_sec, total_execs, edges_found, total_crashes, servers_count
61, 11, 1, 5, 0, 0, 0.24%, 0, 0, 1, 25.22, 1592, 159, 0, 0
66, 12, 1, 5, 0, 0, 0.24%, 0, 0, 1, 25.25, 1723, 159, 0, 0
72, 12, 1, 5, 0, 0, 0.24%, 0, 0, 1, 25.33, 1855, 159, 0, 0
77, 13, 1, 5, 0, 0, 0.24%, 0, 0, 1, 25.38, 1987, 159, 0, 0
82, 14, 1, 5, 0, 0, 0.24%, 0, 0, 1, 25.39, 2119, 159, 0, 0
87, 15, 1, 5, 0, 0, 0.24%, 0, 0, 1, 25.25, 2247, 159, 0, 0
92, 16, 1, 5, 0, 0, 0.24%, 0, 0, 1, 25.12, 2377, 159, 0, 0
97, 17, 1, 5, 0, 0, 0.24%, 0, 0, 1, 25.11, 2504, 159, 0, 0
102, 18, 1, 5, 0, 0, 0.24%, 0, 0, 1, 25.42, 2636, 159, 0, 0
108, 19, 1, 5, 0, 0, 0.24%, 0, 0, 1, 25.56, 2768, 159, 0, 0
113, 20, 1, 5, 0, 0, 0.24%, 0, 0, 1, 25.66, 2900, 159, 0, 0
118, 21, 1, 5, 0, 0, 0.24%, 0, 0, 1, 25.70, 3032, 159, 0, 0
123, 22, 1, 5, 0, 0, 0.24%, 0, 0, 1, 25.63, 3163, 159, 0, 0
128, 23, 1, 5, 0, 0, 0.24%, 0, 0, 1, 25.72, 3295, 159, 0, 0
133, 24, 1, 5, 0, 0, 0.24%, 0, 0, 1, 25.74, 3427, 159, 0, 0
138, 25, 1, 5, 0, 0, 0.24%, 0, 0, 1, 25.73, 3559, 159, 0, 0
143, 26, 1, 5, 0, 0, 0.24%, 0, 0, 1, 25.61, 3690, 159, 0, 0
149, 27, 1, 5, 0, 0, 0.24%, 0, 0, 1, 25.50, 3822, 159, 0, 0
154, 27, 1, 5, 0, 0, 0.24%, 0, 0, 1, 25.42, 3954, 159, 0, 0
159, 28, 1, 5, 0, 0, 0.24%, 0, 0, 1, 25.57, 4084, 159, 0, 0
164, 29, 1, 5, 0, 0, 0.24%, 0, 0, 1, 25.44, 4215, 159, 0, 0
169, 30, 1, 5, 0, 0, 0.24%, 0, 0, 1, 25.29, 4342, 159, 0, 0
174, 31, 1, 5, 0, 0, 0.24%, 0, 0, 1, 25.27, 4472, 159, 0, 0
179, 32, 1, 5, 0, 0, 0.24%, 0, 0, 1, 25.21, 4598, 159, 0, 0
184, 33, 1, 5, 0, 0, 0.24%, 0, 0, 1, 25.21, 4724, 159, 0, 0
189, 34, 1, 5, 0, 0, 0.24%, 0, 0, 1, 25.33, 4856, 159, 0, 0
195, 35, 1, 5, 0, 0, 0.24%, 0, 0, 1, 25.35, 4988, 159, 0, 0
200, 36, 1, 5, 0, 0, 0.24%, 0, 0, 1, 25.43, 5119, 159, 0, 0
205, 37, 1, 5, 0, 0, 0.24%, 0, 0, 1, 25.53, 5251, 159, 0, 0
210, 38, 1, 5, 0, 0, 0.24%, 0, 0, 1, 25.55, 5383, 159, 0, 0
215, 39, 1, 5, 0, 0, 0.24%, 0, 0, 1, 25.50, 5515, 159, 0, 0
220, 40, 1, 5, 0, 0, 0.24%, 0, 0, 1, 25.47, 5647, 159, 0, 0
226, 40, 1, 5, 0, 0, 0.24%, 0, 0, 1, 24.89, 5766, 159, 0, 0
231, 41, 1, 5, 0, 0, 0.24%, 0, 0, 1, 25.23, 5897, 159, 0, 0
236, 42, 1, 5, 0, 0, 0.24%, 0, 0, 1, 25.45, 6029, 159, 0, 0
241, 43, 1, 5, 0, 0, 0.24%, 0, 0, 1, 25.42, 6160, 159, 0, 0
246, 44, 1, 5, 0, 0, 0.24%, 0, 0, 1, 24.77, 6289, 159, 0, 0
251, 45, 1, 5, 0, 0, 0.24%, 0, 0, 1, 23.84, 6409, 159, 0, 0
256, 46, 1, 5, 0, 0, 0.24%, 0, 0, 1, 24.97, 6535, 159, 0, 0
261, 47, 1, 5, 0, 0, 0.24%, 0, 0, 1, 25.52, 6667, 159, 0, 0
267, 48, 1, 5, 0, 0, 0.24%, 0, 0, 1, 25.63, 6799, 159, 0, 0
272, 49, 1, 5, 0, 0, 0.24%, 0, 0, 1, 25.61, 6931, 159, 0, 0
277, 50, 1, 5, 0, 0, 0.24%, 0, 0, 1, 25.44, 7063, 159, 0, 0
282, 51, 1, 5, 0, 0, 0.24%, 0, 0, 1, 25.59, 7195, 159, 0, 0
287, 52, 1, 5, 0, 0, 0.24%, 0, 0, 1, 25.66, 7327, 159, 0, 0
292, 53, 1, 5, 0, 0, 0.24%, 0, 0, 1, 25.70, 7459, 159, 0, 0
298, 53, 1, 5, 0, 0, 0.24%, 0, 0, 1, 25.72, 7591, 159, 0, 0
303, 54, 1, 5, 0, 0, 0.24%, 0, 0, 1, 25.57, 7723, 159, 0, 0
308, 55, 1, 5, 0, 0, 0.24%, 0, 0, 1, 25.60, 7855, 159, 0, 0
313, 56, 1, 5, 0, 0, 0.24%, 0, 0, 1, 25.62, 7987, 159, 0, 0
318, 57, 1, 5, 0, 0, 0.24%, 0, 0, 1, 25.64, 8119, 159, 0, 0
323, 58, 1, 5, 0, 0, 0.24%, 0, 0, 1, 25.63, 8251, 159, 0, 0
328, 59, 1, 5, 0, 0, 0.24%, 0, 0, 1, 25.57, 8383, 159, 0, 0
334, 60, 1, 5, 0, 0, 0.24%, 0, 0, 1, 25.57, 8515, 159, 0, 0
339, 61, 1, 5, 0, 0, 0.24%, 0, 0, 1, 25.48, 8647, 159, 0, 0
344, 62, 1, 5, 0, 0, 0.24%, 0, 0, 1, 25.29, 8778, 159, 0, 0
349, 63, 1, 5, 0, 0, 0.24%, 0, 0, 1, 25.33, 8909, 159, 0, 0
354, 64, 1, 5, 0, 0, 0.24%, 0, 0, 1, 25.63, 9041, 159, 0, 0
359, 65, 1, 5, 0, 0, 0.24%, 0, 0, 1, 25.48, 9172, 159, 0, 0
365, 66, 1, 5, 0, 0, 0.24%, 0, 0, 1, 25.54, 9304, 159, 0, 0
370, 67, 1, 5, 0, 0, 0.24%, 0, 0, 1, 25.60, 9436, 159, 0, 0
375, 68, 1, 5, 0, 0, 0.24%, 0, 0, 1, 25.41, 9566, 159, 0, 0
380, 68, 1, 5, 0, 0, 0.24%, 0, 0, 1, 25.28, 9697, 159, 0, 0
385, 69, 1, 5, 0, 0, 0.24%, 0, 0, 1, 25.25, 9827, 159, 0, 0
390, 70, 1, 5, 0, 0, 0.24%, 0, 0, 1, 25.28, 9958, 159, 0, 0
396, 71, 1, 5, 0, 0, 0.24%, 0, 0, 1, 25.25, 10088, 159, 0, 0
401, 72, 1, 5, 0, 0, 0.24%, 0, 0, 1, 25.28, 10220, 159, 0, 0
406, 73, 1, 5, 0, 0, 0.24%, 0, 0, 1, 25.39, 10352, 159, 0, 0
411, 74, 1, 5, 0, 0, 0.24%, 0, 0, 1, 25.34, 10484, 159, 0, 0
416, 75, 1, 5, 0, 0, 0.24%, 0, 0, 1, 25.28, 10616, 159, 0, 0
422, 76, 1, 5, 0, 0, 0.24%, 0, 0, 1, 25.23, 10745, 159, 0, 0
427, 77, 1, 5, 0, 0, 0.24%, 0, 0, 1, 24.12, 10867, 159, 0, 0
432, 78, 1, 5, 0, 0, 0.24%, 0, 0, 1, 23.84, 10987, 159, 0, 0
437, 79, 1, 5, 0, 0, 0.24%, 0, 0, 1, 23.73, 11107, 159, 0, 0
442, 79, 1, 5, 0, 0, 0.24%, 0, 0, 1, 24.98, 11234, 159, 0, 0
447, 80, 1, 5, 0, 0, 0.24%, 0, 0, 1, 25.41, 11366, 159, 0, 0
452, 81, 1, 5, 0, 0, 0.24%, 0, 0, 1, 25.42, 11497, 159, 0, 0
457, 82, 1, 5, 0, 0, 0.24%, 0, 0, 1, 25.55, 11628, 159, 0, 0
462, 83, 1, 5, 0, 0, 0.24%, 0, 0, 1, 25.60, 11760, 159, 0, 0
468, 84, 1, 5, 0, 0, 0.24%, 0, 0, 1, 25.40, 11892, 159, 0, 0
473, 85, 1, 5, 0, 0, 0.24%, 0, 0, 1, 25.26, 12024, 159, 0, 0
478, 86, 1, 5, 0, 0, 0.24%, 0, 0, 1, 25.26, 12156, 159, 0, 0
483, 87, 1, 5, 0, 0, 0.24%, 0, 0, 1, 25.23, 12285, 159, 0, 0
488, 88, 1, 5, 0, 0, 0.24%, 0, 0, 1, 25.23, 12414, 159, 0, 0
493, 89, 1, 5, 0, 0, 0.24%, 0, 0, 1, 25.26, 12542, 159, 0, 0
498, 90, 1, 5, 0, 0, 0.24%, 0, 0, 1, 25.57, 12674, 159, 0, 0
504, 91, 1, 5, 0, 0, 0.24%, 0, 0, 1, 25.27, 12803, 159, 0, 0
509, 92, 1, 5, 0, 0, 0.24%, 0, 0, 1, 23.96, 12923, 159, 0, 0
514, 92, 1, 5, 0, 0, 0.24%, 0, 0, 1, 23.64, 13043, 159, 0, 0
519, 93, 1, 5, 0, 0, 0.24%, 0, 0, 1, 23.56, 13163, 159, 0, 0
524, 94, 1, 5, 0, 0, 0.24%, 0, 0, 1, 23.57, 13283, 159, 0, 0
529, 95, 1, 5, 0, 0, 0.24%, 0, 0, 1, 23.59, 13403, 159, 0, 0
534, 96, 1, 5, 0, 0, 0.24%, 0, 0, 1, 23.57, 13523, 159, 0, 0
539, 97, 1, 5, 0, 0, 0.24%, 0, 0, 1, 24.30, 13649, 159, 0, 0
544, 98, 1, 5, 0, 0, 0.24%, 0, 0, 1, 25.27, 13780, 159, 0, 0
550, 99, 1, 5, 0, 0, 0.24%, 0, 0, 1, 25.54, 13912, 159, 0, 0
555, 100, 1, 5, 0, 0, 0.24%, 0, 0, 1, 25.57, 14044, 159, 0, 0
560, 100, 1, 5, 0, 0, 0.24%, 0, 0, 1, 25.55, 14176, 159, 0, 0
565, 101, 1, 5, 0, 0, 0.24%, 0, 0, 1, 25.50, 14308, 159, 0, 0
570, 102, 1, 5, 0, 0, 0.24%, 0, 0, 1, 25.58, 14440, 159, 0, 0
575, 103, 1, 5, 0, 0, 0.24%, 0, 0, 1, 25.68, 14572, 159, 0, 0
580, 104, 1, 5, 0, 0, 0.24%, 0, 0, 1, 25.65, 14704, 159, 0, 0
586, 105, 1, 5, 0, 0, 0.24%, 0, 0, 1, 25.66, 14836, 159, 0, 0
591, 106, 1, 5, 0, 0, 0.24%, 0, 0, 1, 25.66, 14968, 159, 0, 0
596, 107, 1, 5, 0, 0, 0.24%, 0, 0, 1, 25.73, 15100, 159, 0, 0
601, 108, 1, 5, 0, 0, 0.24%, 0, 0, 1, 25.64, 15229, 159, 0, 0
606, 109, 1, 5, 0, 0, 0.24%, 0, 0, 1, 25.57, 15361, 159, 0, 0
611, 110, 1, 5, 0, 0, 0.24%, 0, 0, 1, 25.62, 15493, 159, 0, 0
616, 111, 1, 5, 0, 0, 0.24%, 0, 0, 1, 25.49, 15625, 159, 0, 0
622, 112, 1, 5, 0, 0, 0.24%, 0, 0, 1, 25.46, 15757, 159, 0, 0
627, 113, 1, 5, 0, 0, 0.24%, 0, 0, 1, 25.42, 15888, 159, 0, 0
632, 114, 1, 5, 0, 0, 0.24%, 0, 0, 1, 25.32, 16019, 159, 0, 0
637, 115, 1, 5, 0, 0, 0.24%, 0, 0, 1, 25.36, 16150, 159, 0, 0
642, 116, 1, 5, 0, 0, 0.24%, 0, 0, 1, 25.35, 16279, 159, 0, 0
647, 116, 1, 5, 0, 0, 0.24%, 0, 0, 1, 25.47, 16411, 159, 0, 0
653, 117, 1, 5, 0, 0, 0.24%, 0, 0, 1, 25.51, 16543, 159, 0, 0
658, 118, 1, 5, 0, 0, 0.24%, 0, 0, 1, 25.72, 16675, 159, 0, 0
663, 119, 1, 5, 0, 0, 0.24%, 0, 0, 1, 25.75, 16807, 159, 0, 0
668, 120, 1, 5, 0, 0, 0.24%, 0, 0, 1, 25.50, 16939, 159, 0, 0
673, 121, 1, 5, 0, 0, 0.24%, 0, 0, 1, 25.47, 17071, 159, 0, 0
678, 122, 1, 5, 0, 0, 0.24%, 0, 0, 1, 25.52, 17203, 159, 0, 0
683, 123, 1, 5, 0, 0, 0.24%, 0, 0, 1, 25.46, 17333, 159, 0, 0
689, 124, 1, 5, 0, 0, 0.24%, 0, 0, 1, 25.17, 17462, 159, 0, 0
694, 125, 1, 5, 0, 0, 0.24%, 0, 0, 1, 25.35, 17592, 159, 0, 0
699, 126, 1, 5, 0, 0, 0.24%, 0, 0, 1, 25.31, 17724, 159, 0, 0
704, 127, 1, 5, 0, 0, 0.24%, 0, 0, 1, 25.39, 17856, 159, 0, 0
709, 128, 1, 5, 0, 0, 0.24%, 0, 0, 1, 25.42, 17988, 159, 0, 0
714, 129, 1, 5, 0, 0, 0.24%, 0, 0, 1, 25.40, 18119, 159, 0, 0
720, 130, 1, 5, 0, 0, 0.24%, 0, 0, 1, 25.37, 18250, 159, 0, 0
725, 131, 1, 5, 0, 0, 0.24%, 0, 0, 1, 25.66, 18381, 159, 0, 0
730, 131, 1, 5, 0, 0, 0.24%, 0, 0, 1, 25.78, 18512, 159, 0, 0
735, 132, 1, 5, 0, 0, 0.24%, 0, 0, 1, 25.81, 18644, 159, 0, 0
740, 133, 1, 5, 0, 0, 0.24%, 0, 0, 1, 25.83, 18776, 159, 0, 0
745, 134, 1, 5, 0, 0, 0.24%, 0, 0, 1, 25.85, 18908, 159, 0, 0
750, 135, 1, 5, 0, 0, 0.24%, 0, 0, 1, 25.86, 19040, 159, 0, 0
755, 136, 1, 5, 0, 0, 0.24%, 0, 0, 1, 25.56, 19172, 159, 0, 0
761, 137, 1, 5, 0, 0, 0.24%, 0, 0, 1, 25.37, 19303, 159, 0, 0
766, 138, 1, 5, 0, 0, 0.24%, 0, 0, 1, 25.37, 19435, 159, 0, 0
771, 139, 1, 5, 0, 0, 0.24%, 0, 0, 1, 25.49, 19567, 159, 0, 0
776, 140, 1, 5, 0, 0, 0.24%, 0, 0, 1, 25.51, 19699, 159, 0, 0
781, 141, 1, 5, 0, 0, 0.24%, 0, 0, 1, 25.74, 19831, 159, 0, 0
786, 142, 1, 5, 0, 0, 0.24%, 0, 0, 1, 25.70, 19963, 159, 0, 0
792, 143, 1, 5, 0, 0, 0.24%, 0, 0, 1, 25.65, 20095, 159, 0, 0
797, 144, 1, 5, 0, 0, 0.24%, 0, 0, 1, 25.64, 20227, 159, 0, 0
802, 145, 1, 5, 0, 0, 0.24%, 0, 0, 1, 25.64, 20359, 159, 0, 0
807, 146, 1, 5, 0, 0, 0.24%, 0, 0, 1, 25.63, 20491, 159, 0, 0
812, 147, 1, 5, 0, 0, 0.24%, 0, 0, 1, 25.57, 20621, 159, 0, 0
817, 147, 1, 5, 0, 0, 0.24%, 0, 0, 1, 25.79, 20753, 159, 0, 0
822, 148, 1, 5, 0, 0, 0.24%, 0, 0, 1, 25.83, 20885, 159, 0, 0
827, 149, 1, 5, 0, 0, 0.24%, 0, 0, 1, 24.45, 21008, 159, 0, 0
832, 150, 1, 5, 0, 0, 0.24%, 0, 0, 1, 25.20, 21136, 159, 0, 0
838, 151, 1, 5, 0, 0, 0.24%, 0, 0, 1, 25.58, 21268, 159, 0, 0
843, 152, 1, 5, 0, 0, 0.24%, 0, 0, 1, 25.45, 21399, 159, 0, 0
848, 153, 1, 5, 0, 0, 0.24%, 0, 0, 1, 25.46, 21531, 159, 0, 0
853, 154, 1, 5, 0, 0, 0.24%, 0, 0, 1, 25.49, 21663, 159, 0, 0
858, 155, 1, 5, 0, 0, 0.24%, 0, 0, 1, 25.52, 21795, 159, 0, 0
863, 156, 1, 5, 0, 0, 0.24%, 0, 0, 1, 25.52, 21927, 159, 0, 0
868, 157, 1, 5, 0, 0, 0.24%, 0, 0, 1, 24.10, 22046, 159, 0, 0
874, 158, 1, 5, 0, 0, 0.24%, 0, 0, 1, 25.29, 22178, 159, 0, 0
879, 159, 1, 5, 0, 0, 0.24%, 0, 0, 1, 25.49, 22310, 159, 0, 0
884, 160, 1, 5, 0, 0, 0.24%, 0, 0, 1, 25.51, 22442, 159, 0, 0
889, 160, 1, 5, 0, 0, 0.24%, 0, 0, 1, 25.54, 22574, 159, 0, 0
894, 161, 1, 5, 0, 0, 0.24%, 0, 0, 1, 25.20, 22701, 159, 0, 0
897, 162, 1, 5, 0, 0, 0.24%, 0, 0, 1, 24.24, 22764, 159, 0, 0
