# relative_time, cycles_done, cur_item, corpus_count, pending_total, pending_favs, map_size, saved_crashes, saved_hangs, max_depth, execs_per_sec, total_execs, edges_found, total_crashes, servers_count
61, 10, 1, 5, 0, 0, 0.24%, 0, 0, 1, 25.02, 1553, 159, 0, 0
67, 11, 1, 5, 0, 0, 0.24%, 0, 0, 1, 25.02, 1683, 159, 0, 0
72, 12, 1, 5, 0, 0, 0.24%, 0, 0, 1, 25.07, 1812, 159, 0, 0
77, 13, 1, 5, 0, 0, 0.24%, 0, 0, 1, 25.09, 1942, 159, 0, 0
82, 14, 1, 5, 0, 0, 0.24%, 0, 0, 1, 25.06, 2073, 159, 0, 0
87, 15, 1, 5, 0, 0, 0.24%, 0, 0, 1, 24.94, 2200, 159, 0, 0
92, 16, 1, 5, 0, 0, 0.24%, 0, 0, 1, 25.02, 2329, 159, 0, 0
98, 17, 1, 5, 0, 0, 0.24%, 0, 0, 1, 24.78, 2458, 159, 0, 0
103, 18, 1, 5, 0, 0, 0.24%, 0, 0, 1, 25.50, 2592, 159, 0, 0
108, 19, 1, 5, 0, 0, 0.24%, 0, 0, 1, 25.75, 2724, 159, 0, 0
113, 20, 1, 5, 0, 0, 0.24%, 0, 0, 1, 25.78, 2856, 159, 0, 0
118, 21, 1, 5, 0, 0, 0.24%, 0, 0, 1, 25.76, 2988, 159, 0, 0
123, 21, 1, 5, 0, 0, 0.24%, 0, 0, 1, 25.30, 3115, 159, 0, 0
128, 22, 1, 5, 0, 0, 0.24%, 0, 0, 1, 25.13, 3245, 159, 0, 0
133, 23, 1, 5, 0, 0, 0.24%, 0, 0, 1, 25.11, 3371, 159, 0, 0
139, 24, 1, 5, 0, 0, 0.24%, 0, 0, 1, 25.13, 3501, 159, 0, 0
144, 25, 1, 5, 0, 0, 0.24%, 0, 0, 1, 25.15, 3632, 159, 0, 0
149, 26, 1, 5, 0, 0, 0.24%, 0, 0, 1, 25.15, 3760, 159, 0, 0
154, 27, 1, 5, 0, 0, 0.24%, 0, 0, 1, 25.01, 3890, 159, 0, 0
159, 28, 1, 5, 0, 0, 0.24%, 0, 0, 1, 25.22, 4018, 159, 0, 0
164, 29, 1, 5, 0, 0, 0.24%, 0, 0, 1, 25.78, 4150, 159, 0, 0
169, 30, 1, 5, 0, 0, 0.24%, 0, 0, 1, 25.92, 4282, 159, 0, 0
174, 31, 1, 5, 0, 0, 0.24%, 0, 0, 1, 25.97, 4414, 159, 0, 0
180, 32, 1, 5, 0, 0, 0.24%, 0, 0, 1, 25.49, 4547, 159, 0, 0
185, 33, 1, 5, 0, 0, 0.24%, 0, 0, 1, 25.03, 4674, 159, 0, 0
190, 34, 1, 5, 0, 0, 0.24%, 0, 0, 1, 24.84, 4802, 159, 0, 0
195, 34, 1, 5, 0, 0, 0.24%, 0, 0, 1, 24.91, 4928, 159, 0, 0
200, 35, 1, 5, 0, 0, 0.24%, 0, 0, 1, 24.92, 5056, 159, 0, 0
205, 36, 1, 5, 0, 0, 0.24%, 0, 0, 1, 24.95, 5186, 159, 0, 0
210, 37, 1, 5, 0, 0, 0.24%, 0, 0, 1, 25.48, 5316, 159, 0, 0
215, 38, 1, 5, 0, 0, 0.24%, 0, 0, 1, 25.93, 5448, 159, 0, 0
221, 39, 1, 5, 0, 0, 0.24%, 0, 0, 1, 25.22, 5579, 159, 0, 0
226, 40, 1, 5, 0, 0, 0.24%, 0, 0, 1, 24.74, 5704, 159, 0, 0
231, 41, 1, 5, 0, 0, 0.24%, 0, 0, 1, 24.66, 5829, 159, 0, 0
236, 42, 1, 5, 0, 0, 0.24%, 0, 0, 1, 24.66, 5954, 159, 0, 0
241, 43, 1, 5, 0, 0, 0.24%, 0, 0, 1, 24.68, 6079, 159, 0, 0
246, 44, 1, 5, 0, 0, 0.24%, 0, 0, 1, 24.67, 6204, 159, 0, 0
251, 45, 1, 5, 0, 0, 0.24%, 0, 0, 1, 25.52, 6338, 159, 0, 0
256, 45, 1, 5, 0, 0, 0.24%, 0, 0, 1, 25.82, 6470, 159, 0, 0
261, 46, 1, 5, 0, 0, 0.24%, 0, 0, 1, 25.88, 6602, 159, 0, 0
266, 47, 1, 5, 0, 0, 0.24%, 0, 0, 1, 25.97, 6734, 159, 0, 0
272, 48, 1, 5, 0, 0, 0.24%, 0, 0, 1, 25.97, 6866, 159, 0, 0
277, 49, 1, 5, 0, 0, 0.24%, 0, 0, 1, 25.95, 6998, 159, 0, 0
282, 50, 1, 5, 0, 0, 0.24%, 0, 0, 1, 25.96, 7130, 159, 0, 0
287, 51, 1, 5, 0, 0, 0.24%, 0, 0, 1, 25.98, 7262, 159, 0, 0
292, 52, 1, 5, 0, 0, 0.24%, 0, 0, 1, 25.95, 7394, 159, 0, 0
297, 53, 1, 5, 0, 0, 0.24%, 0, 0, 1, 25.95, 7526, 159, 0, 0
302, 54, 1, 5, 0, 0, 0.24%, 0, 0, 1, 25.88, 7658, 159, 0, 0
307, 55, 1, 5, 0, 0, 0.24%, 0, 0, 1, 25.82, 7790, 159, 0, 0
312, 56, 1, 5, 0, 0, 0.24%, 0, 0, 1, 25.85, 7922, 159, 0, 0
317, 57, 1, 5, 0, 0, 0.24%, 0, 0, 1, 25.85, 8054, 159, 0, 0
322, 58, 1, 5, 0, 0, 0.24%, 0, 0, 1, 25.87, 8186, 159, 0, 0
328, 59, 1, 5, 0, 0, 0.24%, 0, 0, 1, 25.84, 8318, 159, 0, 0
333, 60, 1, 5, 0, 0, 0.24%, 0, 0, 1, 25.86, 8450, 159, 0, 0
338, 61, 1, 5, 0, 0, 0.24%, 0, 0, 1, 25.85, 8582, 159, 0, 0
343, 61, 1, 5, 0, 0, 0.24%, 0, 0, 1, 25.87, 8714, 159, 0, 0
348, 62, 1, 5, 0, 0, 0.24%, 0, 0, 1, 25.88, 8846, 159, 0, 0
353, 63, 1, 5, 0, 0, 0.24%, 0, 0, 1, 25.90, 8978, 159, 0, 0
358, 64, 1, 5, 0, 0, 0.24%, 0, 0, 1, 24.84, 9104, 159, 0, 0
363, 65, 1, 5, 0, 0, 0.24%, 0, 0, 1, 25.68, 9237, 159, 0, 0
369, 66, 1, 5, 0, 0, 0.24%, 0, 0, 1, 25.17, 9367, 159, 0, 0
374, 67, 1, 5, 0, 0, 0.24%, 0, 0, 1, 25.18, 9495, 159, 0, 0
379, 68, 1, 5, 0, 0, 0.24%, 0, 0, 1, 25.16, 9622, 159, 0, 0
384, 69, 1, 5, 0, 0, 0.24%, 0, 0, 1, 25.21, 9750, 159, 0, 0
389, 70, 1, 5, 0, 0, 0.24%, 0, 0, 1, 25.73, 9882, 159, 0, 0
394, 71, 1, 5, 0, 0, 0.24%, 0, 0, 1, 25.85, 10014, 159, 0, 0
399, 72, 1, 5, 0, 0, 0.24%, 0, 0, 1, 25.80, 10146, 159, 0, 0
404, 73, 1, 5, 0, 0, 0.24%, 0, 0, 1, 25.75, 10277, 159, 0, 0
409, 74, 1, 5, 0, 0, 0.24%, 0, 0, 1, 25.42, 10409, 159, 0, 0
414, 74, 1, 5, 0, 0, 0.24%, 0, 0, 1, 25.08, 10537, 159, 0, 0
420, 75, 1, 5, 0, 0, 0.24%, 0, 0, 1, 24.62, 10662, 159, 0, 0
425, 76, 1, 5, 0, 0, 0.24%, 0, 0, 1, 24.21, 10787, 159, 0, 0
430, 77, 1, 5, 0, 0, 0.24%, 0, 0, 1, 24.61, 10913, 159, 0, 0
435, 78, 1, 5, 0, 0, 0.24%, 0, 0, 1, 24.84, 11041, 159, 0, 0
440, 79, 1, 5, 0, 0, 0.24%, 0, 0, 1, 24.88, 11168, 159, 0, 0
445, 80, 1, 5, 0, 0, 0.24%, 0, 0, 1, 24.86, 11295, 159, 0, 0
450, 81, 1, 5, 0, 0, 0.24%, 0, 0, 1, 24.97, 11422, 159, 0, 0
455, 82, 1, 5, 0, 0, 0.24%, 0, 0, 1, 25.02, 11551, 159, 0, 0
460, 83, 1, 5, 0, 0, 0.24%, 0, 0, 1, 25.07, 11677, 159, 0, 0
466, 84, 1, 5, 0, 0, 0.24%, 0, 0, 1, 24.97, 11806, 159, 0, 0
471, 84, 1, 5, 0, 0, 0.24%, 0, 0, 1, 24.97, 11932, 159, 0, 0
476, 85, 1, 5, 0, 0, 0.24%, 0, 0, 1, 24.92, 12059, 159, 0, 0
481, 86, 1, 5, 0, 0, 0.24%, 0, 0, 1, 24.92, 12185, 159, 0, 0
486, 87, 1, 5, 0, 0, 0.24%, 0, 0, 1, 24.41, 12309, 159, 0, 0
491, 88, 1, 5, 0, 0, 0.24%, 0, 0, 1, 24.16, 12434, 159, 0, 0
496, 89, 1, 5, 0, 0, 0.24%, 0, 0, 1, 24.13, 12559, 159, 0, 0
501, 90, 1, 5, 0, 0, 0.24%, 0, 0, 1, 24.12, 12684, 159, 0, 0
507, 91, 1, 5, 0, 0, 0.24%, 0, 0, 1, 24.17, 12809, 159, 0, 0
512, 92, 1, 5, 0, 0, 0.24%, 0, 0, 1, 24.14, 12934, 159, 0, 0
517, 93, 1, 5, 0, 0, 0.24%, 0, 0, 1, 24.17, 13059, 159, 0, 0
522, 93, 1, 5, 0, 0, 0.24%, 0, 0, 1, 24.64, 13186, 159, 0, 0
527, 94, 1, 5, 0, 0, 0.24%, 0, 0, 1, 24.30, 13311, 159, 0, 0
532, 95, 1, 5, 0, 0, 0.24%, 0, 0, 1, 24.21, 13436, 159, 0, 0
538, 96, 1, 5, 0, 0, 0.24%, 0, 0, 1, 24.17, 13561, 159, 0, 0
543, 97, 1, 5, 0, 0, 0.24%, 0, 0, 1, 24.16, 13686, 159, 0, 0
548, 98, 1, 5, 0, 0, 0.24%, 0, 0, 1, 25.21, 13816, 159, 0, 0
553, 99, 1, 5, 0, 0, 0.24%, 0, 0, 1, 24.51, 13940, 159, 0, 0
558, 100, 1, 5, 0, 0, 0.24%, 0, 0, 1, 24.27, 14065, 159, 0, 0
563, 101, 1, 5, 0, 0, 0.24%, 0, 0, 1, 24.18, 14190, 159, 0, 0
568, 101, 1, 5, 0, 0, 0.24%, 0, 0, 1, 24.21, 14315, 159, 0, 0
574, 102, 1, 5, 0, 0, 0.24%, 0, 0, 1, 24.16, 14440, 159, 0, 0
579, 103, 1, 5, 0, 0, 0.24%, 0, 0, 1, 24.20, 14565, 159, 0, 0
584, 104, 1, 5, 0, 0, 0.24%, 0, 0, 1, 24.17, 14690, 159, 0, 0
589, 105, 1, 5, 0, 0, 0.24%, 0, 0, 1, 24.28, 14815, 159, 0, 0
594, 106, 1, 5, 0, 0, 0.24%, 0, 0, 1, 24.26, 14940, 159, 0, 0
599, 107, 1, 5, 0, 0, 0.24%, 0, 0, 1, 24.21, 15065, 159, 0, 0
605, 108, 1, 5, 0, 0, 0.24%, 0, 0, 1, 24.21, 15190, 159, 0, 0
610, 109, 1, 5, 0, 0, 0.24%, 0, 0, 1, 25.49, 15324, 159, 0, 0
615, 110, 1, 5, 0, 0, 0.24%, 0, 0, 1, 24.90, 15449, 159, 0, 0
620, 110, 1, 5, 0, 0, 0.24%, 0, 0, 1, 24.75, 15574, 159, 0, 0
625, 111, 1, 5, 0, 0, 0.24%, 0, 0, 1, 24.72, 15699, 159, 0, 0
630, 112, 1, 5, 0, 0, 0.24%, 0, 0, 1, 24.71, 15824, 159, 0, 0
635, 113, 1, 5, 0, 0, 0.24%, 0, 0, 1, 24.73, 15949, 159, 0, 0
640, 114, 1, 5, 0, 0, 0.24%, 0, 0, 1, 25.64, 16079, 159, 0, 0
645, 115, 1, 5, 0, 0, 0.24%, 0, 0, 1, 26.18, 16211, 159, 0, 0
650, 116, 1, 5, 0, 0, 0.24%, 0, 0, 1, 26.12, 16343, 159, 0, 0
655, 117, 1, 5, 0, 0, 0.24%, 0, 0, 1, 25.98, 16475, 159, 0, 0
660, 118, 1, 5, 0, 0, 0.24%, 0, 0, 1, 25.87, 16607, 159, 0, 0
665, 119, 1, 5, 0, 0, 0.24%, 0, 0, 1, 24.45, 16730, 159, 0, 0
670, 120, 1, 5, 0, 0, 0.24%, 0, 0, 1, 24.05, 16850, 159, 0, 0
675, 120, 1, 5, 0, 0, 0.24%, 0, 0, 1, 23.99, 16970, 159, 0, 0
681, 121, 1, 5, 0, 0, 0.24%, 0, 0, 1, 23.97, 17090, 159, 0, 0
686, 122, 1, 5, 0, 0, 0.24%, 0, 0, 1, 23.98, 17210, 159, 0, 0
691, 123, 1, 5, 0, 0, 0.24%, 0, 0, 1, 23.98, 17330, 159, 0, 0
696, 124, 1, 5, 0, 0, 0.24%, 0, 0, 1, 23.91, 17450, 159, 0, 0
701, 125, 1, 5, 0, 0, 0.24%, 0, 0, 1, 24.17, 17573, 159, 0, 0
706, 126, 1, 5, 0, 0, 0.24%, 0, 0, 1, 24.78, 17701, 159, 0, 0
711, 127, 1, 5, 0, 0, 0.24%, 0, 0, 1, 24.90, 17827, 159, 0, 0
716, 127, 1, 5, 0, 0, 0.24%, 0, 0, 1, 24.86, 17956, 159, 0, 0
721, 128, 1, 5, 0, 0, 0.24%, 0, 0, 1, 24.83, 18081, 159, 0, 0
726, 129, 1, 5, 0, 0, 0.24%, 0, 0, 1, 24.81, 18207, 159, 0, 0
731, 130, 1, 5, 0, 0, 0.24%, 0, 0, 1, 25.31, 18335, 159, 0, 0
736, 131, 1, 5, 0, 0, 0.24%, 0, 0, 1, 26.01, 18467, 159, 0, 0
741, 132, 1, 5, 0, 0, 0.24%, 0, 0, 1, 26.17, 18599, 159, 0, 0
746, 133, 1, 5, 0, 0, 0.24%, 0, 0, 1, 26.35, 18731, 159, 0, 0
751, 134, 1, 5, 0, 0, 0.24%, 0, 0, 1, 26.42, 18869, 159, 0, 0
757, 135, 1, 5, 0, 0, 0.24%, 0, 0, 1, 26.40, 19007, 159, 0, 0
762, 136, 1, 5, 0, 0, 0.24%, 0, 0, 1, 25.13, 19135, 159, 0, 0
767, 137, 1, 5, 0, 0, 0.24%, 0, 0, 1, 24.95, 19261, 159, 0, 0
772, 138, 1, 5, 0, 0, 0.24%, 0, 0, 1, 24.96, 19386, 159, 0, 0
777, 139, 1, 5, 0, 0, 0.24%, 0, 0, 1, 25.53, 19519, 159, 0, 0
782, 140, 1, 5, 0, 0, 0.24%, 0, 0, 1, 25.94, 19651, 159, 0, 0
787, 141, 1, 5, 0, 0, 0.24%, 0, 0, 1, 26.18, 19783, 159, 0, 0
792, 141, 1, 5, 0, 0, 0.24%, 0, 0, 1, 26.29, 19915, 159, 0, 0
797, 142, 1, 5, 0, 0, 0.24%, 0, 0, 1, 26.29, 20047, 159, 0, 0
802, 143, 1, 5, 0, 0, 0.24%, 0, 0, 1, 26.30, 20179, 159, 0, 0
807, 144, 1, 5, 0, 0, 0.24%, 0, 0, 1, 26.34, 20311, 159, 0, 0
812, 145, 1, 5, 0, 0, 0.24%, 0, 0, 1, 25.84, 20443, 159, 0, 0
818, 146, 1, 5, 0, 0, 0.24%, 0, 0, 1, 25.70, 20575, 159, 0, 0
823, 147, 1, 5, 0, 0, 0.24%, 0, 0, 1, 25.65, 20707, 159, 0, 0
828, 148, 1, 5, 0, 0, 0.24%, 0, 0, 1, 25.68, 20839, 159, 0, 0
833, 149, 1, 5, 0, 0, 0.24%, 0, 0, 1, 25.72, 20971, 159, 0, 0
838, 150, 1, 5, 0, 0, 0.24%, 0, 0, 1, 25.13, 21097, 159, 0, 0
843, 151, 1, 5, 0, 0, 0.24%, 0, 0, 1, 25.06, 21224, 159, 0, 0
848, 152, 1, 5, 0, 0, 0.24%, 0, 0, 1, 25.09, 21353, 159, 0, 0
853, 153, 1, 5, 0, 0, 0.24%, 0, 0, 1, 24.96, 21482, 159, 0, 0
859, 154, 1, 5, 0, 0, 0.24%, 0, 0, 1, 24.89, 21610, 159, 0, 0
864, 155, 1, 5, 0, 0, 0.24%, 0, 0, 1, 24.91, 21738, 159, 0, 0
869, 155, 1, 5, 0, 0, 0.24%, 0, 0, 1, 24.90, 21867, 159, 0, 0
874, 156, 1, 5, 0, 0, 0.24%, 0, 0, 1, 24.86, 21994, 159, 0, 0
879, 157, 1, 5, 0, 0, 0.24%, 0, 0, 1, 25.47, 22123, 159, 0, 0
884, 158, 1, 5, 0, 0, 0.24%, 0, 0, 1, 25.90, 22255, 159, 0, 0
889, 159, 1, 5, 0, 0, 0.24%, 0, 0, 1, 25.94, 22387, 159, 0, 0
894, 160, 1, 5, 0, 0, 0.24%, 0, 0, 1, 24.67, 22512, 159, 0, 0
897, 160, 1, 5, 0, 0, 0.24%, 0, 0, 1, 24.24, 22572, 159, 0, 0
