# relative_time, cycles_done, cur_item, corpus_count, pending_total, pending_favs, map_size, saved_crashes, saved_hangs, max_depth, execs_per_sec, total_execs, edges_found, total_crashes, servers_count
65, 0, 1, 5, 0, 0, 0.24%, 1, 0, 1, 0.26, 81, 157, 32, 0
70, 0, 1, 5, 0, 0, 0.24%, 1, 0, 1, 3.50, 87, 157, 37, 0
78, 0, 1, 5, 0, 0, 0.24%, 1, 0, 1, 0.27, 94, 157, 42, 0
86, 0, 1, 5, 0, 0, 0.24%, 1, 0, 1, 0.54, 98, 157, 45, 0
91, 0, 1, 5, 0, 0, 0.24%, 1, 0, 1, 11.33, 105, 157, 48, 0
97, 0, 1, 5, 0, 0, 0.24%, 1, 0, 1, 5.85, 112, 157, 51, 0
102, 0, 1, 5, 0, 0, 0.24%, 1, 0, 1, 0.53, 115, 157, 53, 0
109, 0, 1, 5, 0, 0, 0.24%, 1, 0, 1, 0.62, 119, 157, 57, 0
117, 0, 1, 5, 0, 0, 0.24%, 1, 0, 1, 0.63, 125, 157, 60, 0
125, 0, 1, 5, 0, 0, 0.24%, 1, 0, 1, 0.60, 128, 157, 62, 0
132, 0, 1, 5, 0, 0, 0.24%, 1, 0, 1, 0.59, 131, 157, 65, 0
137, 0, 1, 5, 0, 0, 0.24%, 1, 0, 1, 0.64, 136, 157, 67, 0
145, 0, 1, 5, 0, 0, 0.24%, 1, 0, 1, 0.60, 139, 157, 69, 0
151, 0, 1, 5, 0, 0, 0.24%, 1, 0, 1, 0.62, 143, 157, 71, 0
157, 0, 1, 5, 0, 0, 0.24%, 1, 0, 1, 0.26, 152, 157, 75, 0
163, 0, 1, 5, 0, 0, 0.24%, 1, 0, 1, 0.27, 154, 157, 77, 0
172, 0, 1, 5, 0, 0, 0.24%, 1, 0, 1, 0.32, 157, 157, 80, 0
178, 0, 1, 5, 0, 0, 0.24%, 1, 0, 1, 0.47, 162, 157, 83, 0
184, 0, 1, 5, 0, 0, 0.24%, 1, 0, 1, 0.48, 165, 157, 85, 0
191, 0, 1, 5, 0, 0, 0.24%, 1, 0, 1, 0.35, 169, 157, 88, 0
196, 1, 1, 5, 0, 0, 0.24%, 1, 0, 1, 0.41, 173, 157, 90, 0
201, 1, 1, 5, 0, 0, 0.24%, 1, 0, 1, 2.76, 185, 157, 92, 0
206, 1, 1, 5, 0, 0, 0.24%, 1, 0, 1, 2.94, 195, 157, 96, 0
212, 1, 1, 5, 0, 0, 0.24%, 1, 0, 1, 0.30, 197, 157, 98, 0
220, 1, 1, 5, 0, 0, 0.24%, 1, 0, 1, 0.35, 201, 157, 101, 0
225, 1, 1, 5, 0, 0, 0.24%, 1, 0, 1, 0.36, 203, 157, 103, 0
231, 1, 1, 5, 0, 0, 0.24%, 1, 0, 1, 0.38, 206, 157, 105, 0
238, 1, 1, 5, 0, 0, 0.24%, 1, 0, 1, 0.50, 210, 157, 108, 0
243, 1, 1, 5, 0, 0, 0.24%, 1, 0, 1, 0.55, 213, 157, 110, 0
248, 1, 1, 5, 0, 0, 0.24%, 1, 0, 1, 0.62, 218, 157, 113, 0
254, 1, 1, 5, 0, 0, 0.24%, 1, 0, 1, 0.47, 226, 157, 117, 0
262, 1, 1, 5, 0, 0, 0.24%, 1, 0, 1, 0.25, 233, 157, 122, 0
269, 1, 1, 5, 0, 0, 0.24%, 1, 0, 1, 1.59, 249, 157, 125, 0
274, 1, 1, 5, 0, 0, 0.24%, 1, 0, 1, 0.30, 253, 157, 127, 0
281, 1, 1, 5, 0, 0, 0.24%, 1, 0, 1, 0.30, 255, 157, 129, 0
289, 1, 1, 5, 0, 0, 0.24%, 1, 0, 1, 0.36, 259, 157, 132, 0
295, 1, 1, 5, 0, 0, 0.24%, 1, 0, 1, 0.48, 263, 157, 135, 0
302, 1, 1, 5, 0, 0, 0.24%, 1, 0, 1, 0.47, 266, 157, 138, 0
307, 1, 1, 5, 0, 0, 0.24%, 1, 0, 1, 0.47, 268, 157, 140, 0
315, 1, 1, 5, 0, 0, 0.24%, 1, 0, 1, 0.46, 271, 157, 142, 0
323, 1, 1, 5, 0, 0, 0.24%, 1, 0, 1, 0.27, 276, 157, 146, 0
332, 1, 1, 5, 0, 0, 0.24%, 1, 0, 1, 0.37, 282, 157, 149, 0
339, 1, 1, 5, 0, 0, 0.24%, 1, 0, 1, 0.36, 284, 157, 151, 0
346, 1, 1, 5, 0, 0, 0.24%, 1, 0, 1, 0.29, 288, 157, 155, 0
352, 1, 1, 5, 0, 0, 0.24%, 1, 0, 1, 0.57, 291, 157, 158, 0
357, 1, 1, 5, 0, 0, 0.24%, 1, 0, 1, 0.57, 294, 157, 160, 0
364, 1, 1, 5, 0, 0, 0.24%, 1, 0, 1, 0.58, 297, 157, 163, 0
370, 1, 1, 5, 0, 0, 0.24%, 1, 0, 1, 0.28, 301, 157, 166, 0
378, 1, 1, 5, 0, 0, 0.24%, 1, 0, 1, 0.25, 304, 157, 169, 0
384, 1, 1, 5, 0, 0, 0.24%, 1, 0, 1, 3.68, 309, 157, 172, 0
391, 2, 1, 5, 0, 0, 0.24%, 1, 0, 1, 3.22, 316, 157, 175, 0
397, 2, 1, 5, 0, 0, 0.24%, 1, 0, 1, 0.28, 322, 157, 180, 0
405, 2, 1, 5, 0, 0, 0.24%, 1, 0, 1, 0.25, 329, 157, 183, 0
410, 2, 1, 5, 0, 0, 0.24%, 1, 0, 1, 2.01, 332, 157, 186, 0
415, 2, 1, 5, 0, 0, 0.24%, 1, 0, 1, 1.38, 335, 157, 188, 0
423, 2, 1, 5, 0, 0, 0.24%, 1, 0, 1, 0.29, 340, 157, 193, 0
428, 2, 1, 5, 0, 0, 0.24%, 1, 0, 1, 3.69, 344, 157, 197, 0
435, 2, 1, 5, 0, 0, 0.24%, 1, 0, 1, 0.28, 346, 157, 199, 0
442, 2, 1, 5, 0, 0, 0.24%, 1, 0, 1, 0.31, 350, 157, 201, 0
449, 2, 1, 5, 0, 0, 0.24%, 1, 0, 1, 0.31, 352, 157, 203, 0
454, 2, 1, 5, 0, 0, 0.24%, 1, 0, 1, 0.34, 355, 157, 205, 0
460, 2, 1, 5, 0, 0, 0.24%, 1, 0, 1, 0.34, 357, 157, 207, 0
467, 2, 1, 5, 0, 0, 0.24%, 1, 0, 1, 0.25, 362, 157, 210, 0
472, 2, 1, 5, 0, 0, 0.24%, 1, 0, 1, 0.37, 366, 157, 213, 0
479, 2, 1, 5, 0, 0, 0.24%, 1, 0, 1, 0.40, 369, 157, 216, 0
485, 2, 1, 5, 0, 0, 0.24%, 1, 0, 1, 0.54, 374, 157, 220, 0
491, 2, 1, 5, 0, 0, 0.24%, 1, 0, 1, 0.52, 376, 157, 222, 0
496, 2, 1, 5, 0, 0, 0.24%, 1, 0, 1, 0.51, 378, 157, 224, 0
503, 2, 1, 5, 0, 0, 0.24%, 1, 0, 1, 0.66, 382, 157, 228, 0
509, 2, 1, 5, 0, 0, 0.24%, 1, 0, 1, 0.43, 386, 157, 231, 0
516, 2, 1, 5, 0, 0, 0.24%, 1, 0, 1, 0.50, 390, 157, 234, 0
523, 2, 1, 5, 0, 0, 0.24%, 1, 0, 1, 0.49, 393, 157, 237, 0
528, 2, 1, 5, 0, 0, 0.24%, 1, 0, 1, 0.48, 395, 157, 239, 0
535, 2, 1, 5, 0, 0, 0.24%, 1, 0, 1, 0.42, 399, 157, 243, 0
541, 2, 1, 5, 0, 0, 0.24%, 1, 0, 1, 0.53, 403, 157, 247, 0
546, 2, 1, 5, 0, 0, 0.24%, 1, 0, 1, 0.64, 407, 157, 250, 0
553, 2, 1, 5, 0, 0, 0.24%, 1, 0, 1, 0.52, 415, 157, 253, 0
560, 2, 1, 5, 0, 0, 0.24%, 1, 0, 1, 3.54, 426, 157, 260, 0
566, 2, 1, 5, 0, 0, 0.24%, 1, 0, 1, 0.25, 429, 157, 262, 0
571, 2, 1, 5, 0, 0, 0.24%, 1, 0, 1, 0.25, 433, 157, 265, 0
577, 2, 1, 5, 0, 0, 0.24%, 1, 0, 1, 0.27, 435, 157, 267, 0
584, 2, 1, 5, 0, 0, 0.24%, 1, 0, 1, 0.30, 439, 157, 271, 0
589, 2, 1, 5, 0, 0, 0.24%, 1, 0, 1, 0.59, 444, 157, 275, 0
596, 2, 1, 5, 0, 0, 0.24%, 1, 0, 1, 0.77, 450, 157, 280, 0
601, 3, 1, 5, 0, 0, 0.24%, 1, 0, 1, 0.75, 453, 157, 283, 0
607, 3, 1, 5, 0, 0, 0.24%, 1, 0, 1, 0.71, 455, 157, 285, 0
613, 3, 1, 5, 0, 0, 0.24%, 1, 0, 1, 0.29, 460, 157, 290, 0
619, 3, 1, 5, 0, 0, 0.24%, 1, 0, 1, 0.38, 463, 157, 293, 0
625, 3, 1, 5, 0, 0, 0.24%, 1, 0, 1, 0.25, 468, 157, 297, 0
631, 3, 1, 5, 0, 0, 0.24%, 1, 0, 1, 0.44, 473, 157, 302, 0
639, 3, 1, 5, 0, 0, 0.24%, 1, 0, 1, 0.59, 477, 157, 306, 0
648, 3, 1, 5, 0, 0, 0.24%, 1, 0, 1, 0.25, 481, 157, 310, 0
656, 3, 1, 5, 0, 0, 0.24%, 1, 0, 1, 0.25, 483, 157, 312, 0
663, 3, 1, 5, 0, 0, 0.24%, 1, 0, 1, 0.51, 489, 157, 316, 0
671, 3, 1, 5, 0, 0, 0.24%, 1, 0, 1, 0.48, 491, 157, 318, 0
676, 3, 1, 5, 0, 0, 0.24%, 1, 0, 1, 0.83, 496, 157, 321, 0
684, 3, 1, 5, 0, 0, 0.24%, 1, 0, 1, 0.83, 502, 157, 323, 0
689, 3, 1, 5, 0, 0, 0.24%, 1, 0, 1, 1.10, 507, 157, 326, 0
695, 3, 1, 5, 0, 0, 0.24%, 1, 0, 1, 1.05, 510, 157, 328, 0
701, 3, 1, 5, 0, 0, 0.24%, 1, 0, 1, 1.24, 516, 157, 331, 0
708, 3, 1, 5, 0, 0, 0.24%, 1, 0, 1, 1.24, 520, 157, 334, 0
716, 3, 1, 5, 0, 0, 0.24%, 1, 0, 1, 1.17, 525, 157, 338, 0
721, 3, 1, 5, 0, 0, 0.24%, 1, 0, 1, 1.12, 529, 157, 341, 0
729, 3, 1, 5, 0, 0, 0.24%, 1, 0, 1, 1.02, 531, 157, 343, 0
736, 3, 1, 5, 0, 0, 0.24%, 1, 0, 1, 0.93, 533, 157, 345, 0
744, 3, 1, 5, 0, 0, 0.24%, 1, 0, 1, 0.90, 537, 157, 348, 0
751, 3, 1, 5, 0, 0, 0.24%, 1, 0, 1, 0.83, 540, 157, 350, 0
758, 3, 1, 5, 0, 0, 0.24%, 1, 0, 1, 0.82, 544, 157, 353, 0
763, 3, 1, 5, 0, 0, 0.24%, 1, 0, 1, 1.14, 550, 157, 358, 0
770, 3, 1, 5, 0, 0, 0.24%, 1, 0, 1, 1.47, 560, 157, 362, 0
778, 3, 1, 5, 0, 0, 0.24%, 1, 0, 1, 0.27, 570, 157, 365, 0
785, 3, 1, 5, 0, 0, 0.24%, 1, 0, 1, 0.53, 577, 157, 370, 0
793, 3, 1, 5, 0, 0, 0.24%, 1, 0, 1, 0.48, 582, 157, 375, 0
798, 3, 1, 5, 0, 0, 0.24%, 1, 0, 1, 0.81, 588, 157, 379, 0
803, 3, 1, 5, 0, 0, 0.24%, 1, 0, 1, 0.76, 590, 157, 381, 0
808, 4, 1, 5, 0, 0, 0.24%, 1, 0, 1, 4.04, 596, 157, 385, 0
817, 4, 1, 5, 0, 0, 0.24%, 1, 0, 1, 0.25, 603, 157, 390, 0
825, 4, 1, 5, 0, 0, 0.24%, 1, 0, 1, 4.58, 621, 157, 398, 0
833, 4, 1, 5, 0, 0, 0.24%, 1, 0, 1, 0.29, 628, 157, 403, 0
838, 4, 1, 5, 0, 0, 0.24%, 1, 0, 1, 9.55, 640, 157, 408, 0
845, 4, 1, 5, 0, 0, 0.24%, 1, 0, 1, 0.32, 642, 157, 410, 0
851, 4, 1, 5, 0, 0, 0.24%, 1, 0, 1, 2.24, 647, 157, 413, 0
858, 4, 1, 5, 0, 0, 0.24%, 1, 0, 1, 1.97, 651, 157, 416, 0
864, 4, 1, 5, 0, 0, 0.24%, 1, 0, 1, 0.32, 654, 157, 419, 0
871, 4, 1, 5, 0, 0, 0.24%, 1, 0, 1, 3.34, 661, 157, 423, 0
878, 4, 1, 5, 0, 0, 0.24%, 1, 0, 1, 0.28, 663, 157, 425, 0
885, 4, 1, 5, 0, 0, 0.24%, 1, 0, 1, 1.56, 668, 157, 427, 0
892, 4, 1, 5, 0, 0, 0.24%, 1, 0, 1, 1.46, 674, 157, 429, 0
895, 4, 1, 5, 0, 0, 0.24%, 1, 0, 1, 1.95, 684, 157, 433, 0
