# relative_time, cycles_done, cur_item, corpus_count, pending_total, pending_favs, map_size, saved_crashes, saved_hangs, max_depth, execs_per_sec, total_execs, edges_found, total_crashes, servers_count
62, 9, 5, 6, 0, 0, 0.12%, 0, 0, 2, 15.45, 992, 81, 0, 0
67, 10, 5, 6, 0, 0, 0.12%, 0, 0, 2, 15.46, 1072, 81, 0, 0
72, 11, 5, 6, 0, 0, 0.12%, 0, 0, 2, 15.47, 1152, 81, 0, 0
77, 12, 5, 6, 0, 0, 0.12%, 0, 0, 2, 15.47, 1232, 81, 0, 0
82, 13, 1, 6, 0, 0, 0.12%, 0, 0, 2, 15.50, 1312, 81, 0, 0
87, 13, 1, 6, 0, 0, 0.12%, 0, 0, 2, 15.50, 1392, 81, 0, 0
93, 14, 1, 6, 0, 0, 0.12%, 0, 0, 2, 15.51, 1472, 81, 0, 0
98, 15, 1, 6, 0, 0, 0.12%, 0, 0, 2, 15.50, 1552, 81, 0, 0
103, 16, 1, 6, 0, 0, 0.12%, 0, 0, 2, 15.50, 1632, 81, 0, 0
108, 17, 1, 6, 0, 0, 0.12%, 0, 0, 2, 15.49, 1712, 81, 0, 0
113, 18, 1, 6, 0, 0, 0.12%, 0, 0, 2, 15.44, 1792, 81, 0, 0
118, 18, 5, 6, 0, 0, 0.12%, 0, 0, 2, 15.48, 1872, 81, 0, 0
124, 19, 1, 6, 0, 0, 0.12%, 0, 0, 2, 15.43, 1952, 81, 0, 0
129, 20, 5, 6, 0, 0, 0.12%, 0, 0, 2, 15.43, 2032, 81, 0, 0
134, 21, 0, 6, 0, 0, 0.12%, 0, 0, 2, 15.42, 2111, 81, 0, 0
139, 22, 0, 6, 0, 0, 0.12%, 0, 0, 2, 15.37, 2191, 81, 0, 0
144, 23, 5, 6, 0, 0, 0.12%, 0, 0, 2, 15.42, 2271, 81, 0, 0
150, 23, 1, 6, 0, 0, 0.12%, 0, 0, 2, 15.41, 2351, 81, 0, 0
155, 24, 1, 6, 0, 0, 0.12%, 0, 0, 2, 15.44, 2431, 81, 0, 0
160, 25, 1, 6, 0, 0, 0.12%, 0, 0, 2, 15.44, 2511, 81, 0, 0
165, 26, 5, 6, 0, 0, 0.12%, 0, 0, 2, 15.40, 2591, 81, 0, 0
170, 27, 1, 6, 0, 0, 0.12%, 0, 0, 2, 15.42, 2671, 81, 0, 0
175, 28, 5, 6, 0, 0, 0.12%, 0, 0, 2, 15.43, 2751, 81, 0, 0
181, 28, 1, 6, 0, 0, 0.12%, 0, 0, 2, 15.46, 2831, 81, 0, 0
186, 29, 1, 6, 0, 0, 0.12%, 0, 0, 2, 15.45, 2911, 81, 0, 0
191, 30, 1, 6, 0, 0, 0.12%, 0, 0, 2, 15.44, 2991, 81, 0, 0
196, 31, 5, 6, 0, 0, 0.12%, 0, 0, 2, 15.49, 3071, 81, 0, 0
201, 32, 5, 6, 0, 0, 0.12%, 0, 0, 2, 15.58, 3151, 81, 0, 0
206, 33, 0, 6, 0, 0, 0.12%, 0, 0, 2, 15.63, 3231, 81, 0, 0
211, 33, 1, 6, 0, 0, 0.12%, 0, 0, 2, 15.64, 3311, 81, 0, 0
217, 34, 5, 6, 0, 0, 0.12%, 0, 0, 2, 15.67, 3391, 81, 0, 0
222, 35, 1, 6, 0, 0, 0.12%, 0, 0, 2, 15.65, 3470, 81, 0, 0
227, 36, 5, 6, 0, 0, 0.12%, 0, 0, 2, 15.54, 3550, 81, 0, 0
232, 37, 1, 6, 0, 0, 0.12%, 0, 0, 2, 15.46, 3630, 81, 0, 0
237, 37, 0, 6, 0, 0, 0.12%, 0, 0, 2, 15.39, 3709, 81, 0, 0
242, 38, 1, 6, 0, 0, 0.12%, 0, 0, 2, 15.29, 3788, 81, 0, 0
247, 39, 0, 6, 0, 0, 0.12%, 0, 0, 2, 15.34, 3867, 81, 0, 0
253, 40, 1, 6, 0, 0, 0.12%, 0, 0, 2, 15.42, 3947, 81, 0, 0
258, 41, 1, 6, 0, 0, 0.12%, 0, 0, 2, 14.91, 4023, 81, 0, 0
263, 42, 5, 6, 0, 0, 0.12%, 0, 0, 2, 14.22, 4095, 81, 0, 0
268, 42, 5, 6, 0, 0, 0.12%, 0, 0, 2, 14.05, 4167, 81, 0, 0
273, 43, 5, 6, 0, 0, 0.12%, 0, 0, 2, 14.01, 4239, 81, 0, 0
278, 44, 5, 6, 0, 0, 0.12%, 0, 0, 2, 14.00, 4311, 81, 0, 0
283, 44, 0, 6, 0, 0, 0.12%, 0, 0, 2, 14.13, 4382, 81, 0, 0
288, 45, 5, 6, 0, 0, 0.12%, 0, 0, 2, 15.06, 4461, 81, 0, 0
294, 46, 1, 6, 0, 0, 0.12%, 0, 0, 2, 15.30, 4541, 81, 0, 0
299, 47, 5, 6, 0, 0, 0.12%, 0, 0, 2, 15.39, 4621, 81, 0, 0
304, 48, 1, 6, 0, 0, 0.12%, 0, 0, 2, 15.41, 4701, 81, 0, 0
309, 49, 1, 6, 0, 0, 0.12%, 0, 0, 2, 15.44, 4781, 81, 0, 0
314, 49, 5, 6, 0, 0, 0.12%, 0, 0, 2, 15.42, 4861, 81, 0, 0
320, 50, 1, 6, 0, 0, 0.12%, 0, 0, 2, 15.41, 4941, 81, 0, 0
325, 51, 1, 6, 0, 0, 0.12%, 0, 0, 2, 15.42, 5021, 81, 0, 0
330, 52, 5, 6, 0, 0, 0.12%, 0, 0, 2, 15.41, 5101, 81, 0, 0
335, 53, 5, 6, 0, 0, 0.12%, 0, 0, 2, 15.42, 5181, 81, 0, 0
340, 54, 1, 6, 0, 0, 0.12%, 0, 0, 2, 15.40, 5261, 81, 0, 0
345, 54, 1, 6, 0, 0, 0.12%, 0, 0, 2, 15.36, 5341, 81, 0, 0
351, 55, 1, 6, 0, 0, 0.12%, 0, 0, 2, 15.41, 5420, 81, 0, 0
356, 56, 5, 6, 0, 0, 0.12%, 0, 0, 2, 15.39, 5500, 81, 0, 0
361, 57, 1, 6, 0, 0, 0.12%, 0, 0, 2, 15.44, 5579, 81, 0, 0
366, 58, 5, 6, 0, 0, 0.12%, 0, 0, 2, 15.60, 5659, 81, 0, 0
371, 59, 1, 6, 0, 0, 0.12%, 0, 0, 2, 15.56, 5739, 81, 0, 0
376, 59, 5, 6, 0, 0, 0.12%, 0, 0, 2, 15.40, 5819, 81, 0, 0
382, 60, 1, 6, 0, 0, 0.12%, 0, 0, 2, 15.38, 5899, 81, 0, 0
387, 61, 5, 6, 0, 0, 0.12%, 0, 0, 2, 15.38, 5979, 81, 0, 0
392, 62, 5, 6, 0, 0, 0.12%, 0, 0, 2, 15.38, 6059, 81, 0, 0
397, 63, 5, 6, 0, 0, 0.12%, 0, 0, 2, 15.39, 6139, 81, 0, 0
402, 64, 5, 6, 0, 0, 0.12%, 0, 0, 2, 15.40, 6219, 81, 0, 0
408, 64, 1, 6, 0, 0, 0.12%, 0, 0, 2, 15.36, 6299, 81, 0, 0
413, 65, 5, 6, 0, 0, 0.12%, 0, 0, 2, 15.34, 6379, 81, 0, 0
418, 66, 0, 6, 0, 0, 0.12%, 0, 0, 2, 15.35, 6459, 81, 0, 0
423, 67, 1, 6, 0, 0, 0.12%, 0, 0, 2, 15.33, 6539, 81, 0, 0
428, 68, 5, 6, 0, 0, 0.12%, 0, 0, 2, 15.48, 6619, 81, 0, 0
433, 69, 5, 6, 0, 0, 0.12%, 0, 0, 2, 15.50, 6698, 81, 0, 0
439, 69, 5, 6, 0, 0, 0.12%, 0, 0, 2, 15.58, 6778, 81, 0, 0
444, 70, 1, 6, 0, 0, 0.12%, 0, 0, 2, 15.57, 6858, 81, 0, 0
449, 71, 1, 6, 0, 0, 0.12%, 0, 0, 2, 15.58, 6938, 81, 0, 0
454, 72, 1, 6, 0, 0, 0.12%, 0, 0, 2, 15.58, 7018, 81, 0, 0
459, 73, 5, 6, 0, 0, 0.12%, 0, 0, 2, 15.59, 7098, 81, 0, 0
464, 74, 1, 6, 0, 0, 0.12%, 0, 0, 2, 15.51, 7177, 81, 0, 0
469, 74, 5, 6, 0, 0, 0.12%, 0, 0, 2, 15.51, 7257, 81, 0, 0
475, 75, 1, 6, 0, 0, 0.12%, 0, 0, 2, 15.55, 7337, 81, 0, 0
480, 76, 5, 6, 0, 0, 0.12%, 0, 0, 2, 15.55, 7417, 81, 0, 0
485, 77, 1, 6, 0, 0, 0.12%, 0, 0, 2, 15.56, 7497, 81, 0, 0
490, 78, 1, 6, 0, 0, 0.12%, 0, 0, 2, 15.53, 7577, 81, 0, 0
495, 79, 0, 6, 0, 0, 0.12%, 0, 0, 2, 15.58, 7657, 81, 0, 0
500, 79, 1, 6, 0, 0, 0.12%, 0, 0, 2, 15.68, 7737, 81, 0, 0
505, 80, 1, 6, 0, 0, 0.12%, 0, 0, 2, 15.65, 7817, 81, 0, 0
511, 81, 5, 6, 0, 0, 0.12%, 0, 0, 2, 15.53, 7897, 81, 0, 0
516, 82, 5, 6, 0, 0, 0.12%, 0, 0, 2, 15.48, 7977, 81, 0, 0
521, 83, 5, 6, 0, 0, 0.12%, 0, 0, 2, 15.47, 8057, 81, 0, 0
526, 84, 5, 6, 0, 0, 0.12%, 0, 0, 2, 15.49, 8137, 81, 0, 0
531, 84, 1, 6, 0, 0, 0.12%, 0, 0, 2, 15.52, 8217, 81, 0, 0
536, 85, 5, 6, 0, 0, 0.12%, 0, 0, 2, 15.52, 8297, 81, 0, 0
541, 86, 5, 6, 0, 0, 0.12%, 0, 0, 2, 15.51, 8377, 81, 0, 0
547, 87, 1, 6, 0, 0, 0.12%, 0, 0, 2, 15.51, 8457, 81, 0, 0
552, 88, 5, 6, 0, 0, 0.12%, 0, 0, 2, 15.51, 8537, 81, 0, 0
557, 89, 5, 6, 0, 0, 0.12%, 0, 0, 2, 15.47, 8616, 81, 0, 0
562, 89, 5, 6, 0, 0, 0.12%, 0, 0, 2, 15.56, 8696, 81, 0, 0
567, 90, 5, 6, 0, 0, 0.12%, 0, 0, 2, 15.62, 8776, 81, 0, 0
572, 91, 5, 6, 0, 0, 0.12%, 0, 0, 2, 15.56, 8855, 81, 0, 0
577, 92, 5, 6, 0, 0, 0.12%, 0, 0, 2, 15.58, 8935, 81, 0, 0
582, 93, 1, 6, 0, 0, 0.12%, 0, 0, 2, 15.62, 9015, 81, 0, 0
588, 94, 5, 6, 0, 0, 0.12%, 0, 0, 2, 15.59, 9095, 81, 0, 0
593, 94, 1, 6, 0, 0, 0.12%, 0, 0, 2, 15.59, 9175, 81, 0, 0
598, 95, 1, 6, 0, 0, 0.12%, 0, 0, 2, 15.58, 9255, 81, 0, 0
603, 96, 1, 6, 0, 0, 0.12%, 0, 0, 2, 15.56, 9335, 81, 0, 0
608, 97, 1, 6, 0, 0, 0.12%, 0, 0, 2, 15.60, 9415, 81, 0, 0
613, 98, 5, 6, 0, 0, 0.12%, 0, 0, 2, 15.61, 9495, 81, 0, 0
618, 99, 5, 6, 0, 0, 0.12%, 0, 0, 2, 15.62, 9575, 81, 0, 0
624, 99, 1, 6, 0, 0, 0.12%, 0, 0, 2, 15.63, 9655, 81, 0, 0
629, 100, 5, 6, 0, 0, 0.12%, 0, 0, 2, 15.62, 9735, 81, 0, 0
634, 101, 1, 6, 0, 0, 0.12%, 0, 0, 2, 15.63, 9815, 81, 0, 0
639, 102, 5, 6, 0, 0, 0.12%, 0, 0, 2, 15.64, 9895, 81, 0, 0
644, 103, 0, 6, 0, 0, 0.12%, 0, 0, 2, 15.63, 9975, 81, 0, 0
649, 104, 5, 6, 0, 0, 0.12%, 0, 0, 2, 15.46, 10055, 81, 0, 0
654, 104, 1, 6, 0, 0, 0.12%, 0, 0, 2, 15.41, 10135, 81, 0, 0
660, 105, 1, 6, 0, 0, 0.12%, 0, 0, 2, 15.40, 10215, 81, 0, 0
665, 106, 5, 6, 0, 0, 0.12%, 0, 0, 2, 15.37, 10295, 81, 0, 0
670, 107, 1, 6, 0, 0, 0.12%, 0, 0, 2, 15.37, 10375, 81, 0, 0
675, 108, 1, 6, 0, 0, 0.12%, 0, 0, 2, 15.37, 10454, 81, 0, 0
680, 109, 1, 6, 0, 0, 0.12%, 0, 0, 2, 15.38, 10534, 81, 0, 0
686, 109, 1, 6, 0, 0, 0.12%, 0, 0, 2, 15.39, 10614, 81, 0, 0
691, 110, 1, 6, 0, 0, 0.12%, 0, 0, 2, 15.39, 10694, 81, 0, 0
696, 111, 1, 6, 0, 0, 0.12%, 0, 0, 2, 15.38, 10774, 81, 0, 0
701, 112, 1, 6, 0, 0, 0.12%, 0, 0, 2, 15.39, 10854, 81, 0, 0
706, 113, 1, 6, 0, 0, 0.12%, 0, 0, 2, 15.42, 10934, 81, 0, 0
711, 114, 5, 6, 0, 0, 0.12%, 0, 0, 2, 15.43, 11014, 81, 0, 0
717, 114, 1, 6, 0, 0, 0.12%, 0, 0, 2, 15.43, 11094, 81, 0, 0
722, 115, 1, 6, 0, 0, 0.12%, 0, 0, 2, 15.41, 11173, 81, 0, 0
727, 116, 1, 6, 0, 0, 0.12%, 0, 0, 2, 15.41, 11253, 81, 0, 0
732, 117, 0, 6, 0, 0, 0.12%, 0, 0, 2, 15.39, 11333, 81, 0, 0
737, 118, 5, 6, 0, 0, 0.12%, 0, 0, 2, 15.41, 11413, 81, 0, 0
743, 119, 1, 6, 0, 0, 0.12%, 0, 0, 2, 15.41, 11493, 81, 0, 0
748, 119, 5, 6, 0, 0, 0.12%, 0, 0, 2, 15.41, 11573, 81, 0, 0
753, 120, 5, 6, 0, 0, 0.12%, 0, 0, 2, 15.42, 11653, 81, 0, 0
758, 121, 1, 6, 0, 0, 0.12%, 0, 0, 2, 15.42, 11733, 81, 0, 0
763, 122, 5, 6, 0, 0, 0.12%, 0, 0, 2, 15.44, 11813, 81, 0, 0
768, 123, 5, 6, 0, 0, 0.12%, 0, 0, 2, 15.41, 11892, 81, 0, 0
774, 124, 5, 6, 0, 0, 0.12%, 0, 0, 2, 15.43, 11972, 81, 0, 0
779, 124, 5, 6, 0, 0, 0.12%, 0, 0, 2, 15.44, 12052, 81, 0, 0
784, 125, 5, 6, 0, 0, 0.12%, 0, 0, 2, 15.42, 12132, 81, 0, 0
789, 126, 1, 6, 0, 0, 0.12%, 0, 0, 2, 15.41, 12212, 81, 0, 0
794, 127, 5, 6, 0, 0, 0.12%, 0, 0, 2, 15.35, 12292, 81, 0, 0
800, 128, 1, 6, 0, 0, 0.12%, 0, 0, 2, 15.33, 12372, 81, 0, 0
805, 129, 5, 6, 0, 0, 0.12%, 0, 0, 2, 15.35, 12452, 81, 0, 0
810, 129, 5, 6, 0, 0, 0.12%, 0, 0, 2, 15.34, 12532, 81, 0, 0
815, 130, 5, 6, 0, 0, 0.12%, 0, 0, 2, 15.35, 12612, 81, 0, 0
820, 131, 1, 6, 0, 0, 0.12%, 0, 0, 2, 15.36, 12692, 81, 0, 0
826, 132, 5, 6, 0, 0, 0.12%, 0, 0, 2, 15.34, 12772, 81, 0, 0
831, 133, 1, 6, 0, 0, 0.12%, 0, 0, 2, 15.34, 12852, 81, 0, 0
836, 134, 1, 6, 0, 0, 0.12%, 0, 0, 2, 15.33, 12932, 81, 0, 0
841, 134, 5, 6, 0, 0, 0.12%, 0, 0, 2, 15.33, 13011, 81, 0, 0
847, 135, 5, 6, 0, 0, 0.12%, 0, 0, 2, 15.35, 13091, 81, 0, 0
852, 136, 0, 6, 0, 0, 0.12%, 0, 0, 2, 15.33, 13171, 81, 0, 0
857, 137, 1, 6, 0, 0, 0.12%, 0, 0, 2, 15.49, 13251, 81, 0, 0
862, 138, 1, 6, 0, 0, 0.12%, 0, 0, 2, 15.53, 13331, 81, 0, 0
867, 139, 1, 6, 0, 0, 0.12%, 0, 0, 2, 15.53, 13411, 81, 0, 0
872, 139, 0, 6, 0, 0, 0.12%, 0, 0, 2, 15.52, 13491, 81, 0, 0
877, 140, 5, 6, 0, 0, 0.12%, 0, 0, 2, 15.53, 13571, 81, 0, 0
883, 141, 0, 6, 0, 0, 0.12%, 0, 0, 2, 15.50, 13650, 81, 0, 0
888, 142, 5, 6, 0, 0, 0.12%, 0, 0, 2, 15.45, 13730, 81, 0, 0
893, 143, 5, 6, 0, 0, 0.12%, 0, 0, 2, 15.42, 13810, 81, 0, 0
896, 143, 5, 6, 0, 0, 0.12%, 0, 0, 2, 0.00, 13856, 81, 0, 0
