# relative_time, cycles_done, cur_item, corpus_count, pending_total, pending_favs, map_size, saved_crashes, saved_hangs, max_depth, execs_per_sec, total_execs, edges_found, total_crashes, servers_count
61, 6, 0, 8, 0, 0, 0.32%, 0, 0, 3, 22.60, 1402, 210, 0, 0
66, 6, 7, 8, 0, 0, 0.32%, 0, 0, 3, 22.27, 1514, 210, 0, 0
71, 7, 6, 8, 0, 0, 0.32%, 0, 0, 3, 21.55, 1624, 210, 0, 0
76, 7, 5, 8, 0, 0, 0.32%, 0, 0, 3, 21.86, 1734, 210, 0, 0
81, 8, 1, 8, 0, 0, 0.32%, 0, 0, 3, 22.81, 1851, 210, 0, 0
86, 9, 1, 8, 0, 0, 0.32%, 0, 0, 3, 21.60, 1961, 210, 0, 0
91, 9, 7, 8, 0, 0, 0.32%, 0, 0, 3, 21.75, 2075, 210, 0, 0
97, 10, 6, 8, 0, 0, 0.32%, 0, 0, 3, 21.38, 2186, 210, 0, 0
102, 10, 6, 8, 0, 0, 0.32%, 0, 0, 3, 22.00, 2299, 210, 0, 0
107, 11, 6, 8, 0, 0, 0.32%, 0, 0, 3, 20.99, 2407, 210, 0, 0
112, 11, 7, 8, 0, 0, 0.32%, 0, 0, 3, 21.76, 2518, 210, 0, 0
117, 12, 0, 8, 0, 0, 0.32%, 0, 0, 3, 21.51, 2628, 210, 0, 0
122, 12, 1, 8, 0, 0, 0.32%, 0, 0, 3, 22.16, 2740, 210, 0, 0
127, 13, 5, 8, 0, 0, 0.32%, 0, 0, 3, 21.34, 2846, 210, 0, 0
132, 13, 5, 8, 0, 0, 0.32%, 0, 0, 3, 22.36, 2962, 210, 0, 0
137, 14, 1, 8, 0, 0, 0.32%, 0, 0, 3, 22.75, 3075, 210, 0, 0
142, 15, 1, 8, 0, 0, 0.32%, 0, 0, 3, 22.77, 3187, 210, 0, 0
148, 15, 7, 8, 0, 0, 0.32%, 0, 0, 3, 22.17, 3302, 210, 0, 0
153, 16, 1, 8, 0, 0, 0.32%, 0, 0, 3, 21.87, 3413, 210, 0, 0
158, 17, 5, 8, 0, 0, 0.32%, 0, 0, 3, 21.94, 3527, 210, 0, 0
163, 17, 1, 8, 0, 0, 0.32%, 0, 0, 3, 21.55, 3635, 210, 0, 0
168, 18, 5, 8, 0, 0, 0.32%, 0, 0, 3, 21.45, 3747, 210, 0, 0
173, 18, 5, 8, 0, 0, 0.32%, 0, 0, 3, 21.66, 3859, 210, 0, 0
178, 19, 1, 8, 0, 0, 0.32%, 0, 0, 3, 22.30, 3971, 210, 0, 0
183, 19, 7, 8, 0, 0, 0.32%, 0, 0, 3, 22.60, 4084, 210, 0, 0
189, 20, 5, 8, 0, 0, 0.32%, 0, 0, 3, 21.86, 4196, 210, 0, 0
194, 20, 0, 8, 0, 0, 0.32%, 0, 0, 3, 21.22, 4306, 210, 0, 0
199, 21, 5, 8, 0, 0, 0.32%, 0, 0, 3, 21.03, 4413, 210, 0, 0
204, 21, 1, 8, 0, 0, 0.32%, 0, 0, 3, 21.70, 4521, 210, 0, 0
209, 22, 1, 8, 0, 0, 0.32%, 0, 0, 3, 21.19, 4628, 210, 0, 0
214, 23, 1, 8, 0, 0, 0.32%, 0, 0, 3, 22.92, 4743, 210, 0, 0
219, 23, 1, 8, 0, 0, 0.32%, 0, 0, 3, 21.79, 4856, 210, 0, 0
225, 24, 0, 8, 0, 0, 0.32%, 0, 0, 3, 21.85, 4971, 210, 0, 0
230, 24, 1, 8, 0, 0, 0.32%, 0, 0, 3, 21.41, 5085, 210, 0, 0
235, 25, 6, 8, 0, 0, 0.32%, 0, 0, 3, 21.93, 5198, 210, 0, 0
240, 25, 5, 8, 0, 0, 0.32%, 0, 0, 3, 21.39, 5308, 210, 0, 0
245, 26, 7, 8, 0, 0, 0.32%, 0, 0, 3, 21.87, 5419, 210, 0, 0
250, 26, 1, 8, 0, 0, 0.32%, 0, 0, 3, 21.43, 5528, 210, 0, 0
255, 27, 1, 8, 0, 0, 0.32%, 0, 0, 3, 21.70, 5641, 210, 0, 0
261, 28, 6, 8, 0, 0, 0.32%, 0, 0, 3, 21.33, 5752, 210, 0, 0
266, 28, 7, 8, 0, 0, 0.32%, 0, 0, 3, 22.40, 5866, 210, 0, 0
271, 29, 6, 8, 0, 0, 0.32%, 0, 0, 3, 24.45, 5991, 210, 0, 0
276, 30, 1, 8, 0, 0, 0.32%, 0, 0, 3, 22.54, 6104, 210, 0, 0
281, 30, 1, 8, 0, 0, 0.32%, 0, 0, 3, 22.92, 6218, 210, 0, 0
286, 31, 6, 8, 0, 0, 0.32%, 0, 0, 3, 21.51, 6324, 210, 0, 0
291, 32, 1, 8, 0, 0, 0.32%, 0, 0, 3, 22.53, 6440, 210, 0, 0
297, 32, 0, 8, 0, 0, 0.32%, 0, 0, 3, 21.60, 6551, 210, 0, 0
302, 33, 1, 8, 0, 0, 0.32%, 0, 0, 3, 22.27, 6663, 210, 0, 0
307, 33, 1, 8, 0, 0, 0.32%, 0, 0, 3, 23.24, 6787, 210, 0, 0
312, 34, 5, 8, 0, 0, 0.32%, 0, 0, 3, 22.41, 6908, 210, 0, 0
317, 34, 1, 8, 0, 0, 0.32%, 0, 0, 3, 22.04, 7020, 210, 0, 0
322, 35, 1, 8, 0, 0, 0.32%, 0, 0, 3, 22.56, 7133, 210, 0, 0
327, 36, 1, 8, 0, 0, 0.32%, 0, 0, 3, 22.11, 7247, 210, 0, 0
333, 36, 7, 8, 0, 0, 0.32%, 0, 0, 3, 21.44, 7356, 210, 0, 0
338, 37, 1, 8, 0, 0, 0.32%, 0, 0, 3, 21.50, 7466, 210, 0, 0
343, 37, 5, 8, 0, 0, 0.32%, 0, 0, 3, 22.65, 7584, 210, 0, 0
348, 38, 6, 8, 0, 0, 0.32%, 0, 0, 3, 22.23, 7697, 210, 0, 0
353, 38, 6, 8, 0, 0, 0.32%, 0, 0, 3, 21.43, 7805, 210, 0, 0
358, 39, 0, 8, 0, 0, 0.32%, 0, 0, 3, 22.04, 7920, 210, 0, 0
363, 40, 5, 8, 0, 0, 0.32%, 0, 0, 3, 21.50, 8032, 210, 0, 0
369, 40, 5, 8, 0, 0, 0.32%, 0, 0, 3, 22.98, 8155, 210, 0, 0
374, 41, 1, 8, 0, 0, 0.32%, 0, 0, 3, 22.10, 8266, 210, 0, 0
379, 42, 1, 8, 0, 0, 0.32%, 0, 0, 3, 24.35, 8390, 210, 0, 0
384, 42, 6, 8, 0, 0, 0.32%, 0, 0, 3, 22.30, 8500, 210, 0, 0
389, 43, 1, 8, 0, 0, 0.32%, 0, 0, 3, 21.23, 8606, 210, 0, 0
394, 43, 6, 8, 0, 0, 0.32%, 0, 0, 3, 21.43, 8718, 210, 0, 0
399, 44, 1, 8, 0, 0, 0.32%, 0, 0, 3, 22.17, 8833, 210, 0, 0
405, 45, 5, 8, 0, 0, 0.32%, 0, 0, 3, 22.93, 8954, 210, 0, 0
410, 45, 7, 8, 0, 0, 0.32%, 0, 0, 3, 22.21, 9064, 210, 0, 0
415, 46, 0, 8, 0, 0, 0.32%, 0, 0, 3, 21.66, 9175, 210, 0, 0
420, 47, 1, 8, 0, 0, 0.32%, 0, 0, 3, 23.30, 9300, 210, 0, 0
425, 47, 1, 8, 0, 0, 0.32%, 0, 0, 3, 23.62, 9417, 210, 0, 0
430, 48, 6, 8, 0, 0, 0.32%, 0, 0, 3, 21.66, 9531, 210, 0, 0
435, 49, 7, 8, 0, 0, 0.32%, 0, 0, 3, 22.40, 9645, 210, 0, 0
440, 49, 5, 8, 0, 0, 0.32%, 0, 0, 3, 21.09, 9750, 210, 0, 0
446, 49, 7, 8, 0, 0, 0.32%, 0, 0, 3, 21.19, 9856, 210, 0, 0
451, 50, 1, 8, 0, 0, 0.32%, 0, 0, 3, 21.70, 9967, 210, 0, 0
456, 50, 7, 8, 0, 0, 0.32%, 0, 0, 3, 21.90, 10081, 210, 0, 0
461, 51, 5, 8, 0, 0, 0.32%, 0, 0, 3, 21.81, 10191, 210, 0, 0
466, 52, 7, 8, 0, 0, 0.32%, 0, 0, 3, 21.62, 10299, 210, 0, 0
471, 52, 1, 8, 0, 0, 0.32%, 0, 0, 3, 21.93, 10412, 210, 0, 0
476, 53, 7, 8, 0, 0, 0.32%, 0, 0, 3, 21.19, 10519, 210, 0, 0
481, 53, 6, 8, 0, 0, 0.32%, 0, 0, 3, 20.87, 10624, 210, 0, 0
486, 54, 6, 8, 0, 0, 0.32%, 0, 0, 3, 21.33, 10736, 210, 0, 0
491, 54, 7, 8, 0, 0, 0.32%, 0, 0, 3, 21.84, 10849, 210, 0, 0
496, 55, 5, 8, 0, 0, 0.32%, 0, 0, 3, 21.85, 10959, 210, 0, 0
502, 55, 1, 8, 0, 0, 0.32%, 0, 0, 3, 21.35, 11071, 210, 0, 0
507, 56, 0, 8, 0, 0, 0.32%, 0, 0, 3, 21.18, 11181, 210, 0, 0
512, 56, 7, 8, 0, 0, 0.32%, 0, 0, 3, 21.82, 11296, 210, 0, 0
517, 57, 1, 8, 0, 0, 0.32%, 0, 0, 3, 22.61, 11414, 210, 0, 0
522, 58, 1, 8, 0, 0, 0.32%, 0, 0, 3, 22.27, 11529, 210, 0, 0
527, 58, 5, 8, 0, 0, 0.32%, 0, 0, 3, 21.81, 11644, 210, 0, 0
532, 59, 0, 8, 0, 0, 0.32%, 0, 0, 3, 21.95, 11758, 210, 0, 0
538, 59, 5, 8, 0, 0, 0.32%, 0, 0, 3, 21.70, 11868, 210, 0, 0
543, 60, 6, 8, 0, 0, 0.32%, 0, 0, 3, 21.28, 11978, 210, 0, 0
548, 60, 5, 8, 0, 0, 0.32%, 0, 0, 3, 21.59, 12088, 210, 0, 0
553, 61, 6, 8, 0, 0, 0.32%, 0, 0, 3, 21.38, 12198, 210, 0, 0
558, 61, 1, 8, 0, 0, 0.32%, 0, 0, 3, 21.28, 12307, 210, 0, 0
563, 62, 0, 8, 0, 0, 0.32%, 0, 0, 3, 22.14, 12422, 210, 0, 0
569, 62, 1, 8, 0, 0, 0.32%, 0, 0, 3, 22.95, 12537, 210, 0, 0
574, 63, 5, 8, 0, 0, 0.32%, 0, 0, 3, 22.03, 12647, 210, 0, 0
579, 63, 5, 8, 0, 0, 0.32%, 0, 0, 3, 21.23, 12754, 210, 0, 0
584, 64, 7, 8, 0, 0, 0.32%, 0, 0, 3, 22.31, 12870, 210, 0, 0
589, 65, 1, 8, 0, 0, 0.32%, 0, 0, 3, 21.40, 12976, 210, 0, 0
594, 65, 0, 8, 0, 0, 0.32%, 0, 0, 3, 21.49, 13084, 210, 0, 0
599, 66, 6, 8, 0, 0, 0.32%, 0, 0, 3, 21.95, 13197, 210, 0, 0
604, 66, 7, 8, 0, 0, 0.32%, 0, 0, 3, 22.90, 13317, 210, 0, 0
609, 67, 1, 8, 0, 0, 0.32%, 0, 0, 3, 22.66, 13431, 210, 0, 0
614, 68, 7, 8, 0, 0, 0.32%, 0, 0, 3, 22.45, 13549, 210, 0, 0
620, 68, 6, 8, 0, 0, 0.32%, 0, 0, 3, 22.62, 13669, 210, 0, 0
625, 69, 6, 8, 0, 0, 0.32%, 0, 0, 3, 21.60, 13779, 210, 0, 0
630, 70, 1, 8, 0, 0, 0.32%, 0, 0, 3, 23.38, 13899, 210, 0, 0
635, 70, 1, 8, 0, 0, 0.32%, 0, 0, 3, 23.16, 14019, 210, 0, 0
640, 71, 7, 8, 0, 0, 0.32%, 0, 0, 3, 22.12, 14132, 210, 0, 0
645, 71, 6, 8, 0, 0, 0.32%, 0, 0, 3, 21.14, 14237, 210, 0, 0
650, 72, 1, 8, 0, 0, 0.32%, 0, 0, 3, 22.63, 14353, 210, 0, 0
656, 73, 7, 8, 0, 0, 0.32%, 0, 0, 3, 21.92, 14466, 210, 0, 0
661, 73, 0, 8, 0, 0, 0.32%, 0, 0, 3, 21.92, 14577, 210, 0, 0
666, 74, 1, 8, 0, 0, 0.32%, 0, 0, 3, 21.79, 14685, 210, 0, 0
671, 74, 1, 8, 0, 0, 0.32%, 0, 0, 3, 22.91, 14807, 210, 0, 0
676, 75, 1, 8, 0, 0, 0.32%, 0, 0, 3, 24.10, 14938, 210, 0, 0
681, 76, 1, 8, 0, 0, 0.32%, 0, 0, 3, 22.09, 15047, 210, 0, 0
686, 77, 0, 8, 0, 0, 0.32%, 0, 0, 3, 21.60, 15156, 210, 0, 0
691, 77, 1, 8, 0, 0, 0.32%, 0, 0, 3, 22.17, 15268, 210, 0, 0
696, 78, 5, 8, 0, 0, 0.32%, 0, 0, 3, 22.52, 15384, 210, 0, 0
701, 78, 5, 8, 0, 0, 0.32%, 0, 0, 3, 21.15, 15489, 210, 0, 0
706, 79, 1, 8, 0, 0, 0.32%, 0, 0, 3, 21.63, 15602, 210, 0, 0
712, 79, 5, 8, 0, 0, 0.32%, 0, 0, 3, 21.35, 15712, 210, 0, 0
717, 80, 5, 8, 0, 0, 0.32%, 0, 0, 3, 22.20, 15824, 210, 0, 0
722, 80, 5, 8, 0, 0, 0.32%, 0, 0, 3, 22.10, 15937, 210, 0, 0
727, 81, 6, 8, 0, 0, 0.32%, 0, 0, 3, 21.22, 16045, 210, 0, 0
732, 82, 5, 8, 0, 0, 0.32%, 0, 0, 3, 22.88, 16165, 210, 0, 0
737, 82, 1, 8, 0, 0, 0.32%, 0, 0, 3, 22.09, 16275, 210, 0, 0
742, 83, 5, 8, 0, 0, 0.32%, 0, 0, 3, 22.30, 16393, 210, 0, 0
747, 83, 7, 8, 0, 0, 0.32%, 0, 0, 3, 23.21, 16512, 210, 0, 0
753, 84, 1, 8, 0, 0, 0.32%, 0, 0, 3, 24.40, 16637, 210, 0, 0
758, 85, 0, 8, 0, 0, 0.32%, 0, 0, 3, 23.82, 16763, 210, 0, 0
763, 86, 7, 8, 0, 0, 0.32%, 0, 0, 3, 22.25, 16873, 210, 0, 0
768, 86, 1, 8, 0, 0, 0.32%, 0, 0, 3, 23.22, 16991, 210, 0, 0
773, 87, 1, 8, 0, 0, 0.32%, 0, 0, 3, 22.75, 17109, 210, 0, 0
778, 88, 7, 8, 0, 0, 0.32%, 0, 0, 3, 23.28, 17230, 210, 0, 0
783, 88, 6, 8, 0, 0, 0.32%, 0, 0, 3, 21.28, 17334, 210, 0, 0
789, 89, 1, 8, 0, 0, 0.32%, 0, 0, 3, 21.48, 17446, 210, 0, 0
794, 89, 7, 8, 0, 0, 0.32%, 0, 0, 3, 21.21, 17556, 210, 0, 0
799, 90, 1, 8, 0, 0, 0.32%, 0, 0, 3, 22.24, 17673, 210, 0, 0
804, 91, 5, 8, 0, 0, 0.32%, 0, 0, 3, 22.02, 17790, 210, 0, 0
809, 91, 7, 8, 0, 0, 0.32%, 0, 0, 3, 21.73, 17902, 210, 0, 0
815, 92, 1, 8, 0, 0, 0.32%, 0, 0, 3, 22.15, 18016, 210, 0, 0
820, 92, 1, 8, 0, 0, 0.32%, 0, 0, 3, 21.57, 18127, 210, 0, 0
825, 93, 0, 8, 0, 0, 0.32%, 0, 0, 3, 22.74, 18243, 210, 0, 0
830, 94, 1, 8, 0, 0, 0.32%, 0, 0, 3, 22.43, 18357, 210, 0, 0
835, 94, 6, 8, 0, 0, 0.32%, 0, 0, 3, 21.58, 18467, 210, 0, 0
840, 95, 1, 8, 0, 0, 0.32%, 0, 0, 3, 22.74, 18586, 210, 0, 0
845, 95, 5, 8, 0, 0, 0.32%, 0, 0, 3, 21.75, 18695, 210, 0, 0
851, 96, 1, 8, 0, 0, 0.32%, 0, 0, 3, 22.47, 18810, 210, 0, 0
856, 97, 1, 8, 0, 0, 0.32%, 0, 0, 3, 22.49, 18922, 210, 0, 0
861, 97, 5, 8, 0, 0, 0.32%, 0, 0, 3, 21.80, 19033, 210, 0, 0
866, 98, 0, 8, 0, 0, 0.32%, 0, 0, 3, 21.65, 19145, 210, 0, 0
871, 98, 7, 8, 0, 0, 0.32%, 0, 0, 3, 22.48, 19262, 210, 0, 0
876, 99, 5, 8, 0, 0, 0.32%, 0, 0, 3, 22.46, 19375, 210, 0, 0
881, 100, 6, 8, 0, 0, 0.32%, 0, 0, 3, 22.07, 19485, 210, 0, 0
886, 100, 7, 8, 0, 0, 0.32%, 0, 0, 3, 21.26, 19592, 210, 0, 0
891, 101, 7, 8, 0, 0, 0.32%, 0, 0, 3, 20.95, 19701, 210, 0, 0
896, 101, 1, 8, 0, 0, 0.32%, 0, 0, 3, 22.60, 19817, 210, 0, 0
897, 102, 5, 8, 0, 0, 0.32%, 0, 0, 3, 21.70, 19838, 210, 0, 0
