# relative_time, cycles_done, cur_item, corpus_count, pending_total, pending_favs, map_size, saved_crashes, saved_hangs, max_depth, execs_per_sec, total_execs, edges_found, total_crashes, servers_count
61, 2, 6, 10, 0, 0, 0.11%, 0, 0, 2, 24.11, 1923, 74, 0, 0
66, 2, 8, 10, 0, 0, 0.11%, 0, 0, 2, 22.33, 2034, 74, 0, 0
71, 3, 6, 10, 0, 0, 0.11%, 0, 0, 2, 24.09, 2158, 74, 0, 0
76, 3, 8, 10, 0, 0, 0.11%, 0, 0, 2, 26.58, 2292, 74, 0, 0
81, 4, 9, 10, 0, 0, 0.11%, 0, 0, 2, 27.04, 2429, 74, 0, 0
86, 4, 9, 10, 0, 0, 0.11%, 0, 0, 2, 23.48, 2543, 74, 0, 0
91, 5, 5, 10, 0, 0, 0.11%, 0, 0, 2, 22.37, 2652, 74, 0, 0
96, 5, 0, 10, 0, 0, 0.11%, 0, 0, 2, 23.00, 2768, 74, 0, 0
101, 6, 1, 10, 0, 0, 0.11%, 0, 0, 2, 24.37, 2896, 74, 0, 0
107, 6, 6, 10, 0, 0, 0.11%, 0, 0, 2, 22.00, 3007, 74, 0, 0
112, 7, 6, 10, 0, 0, 0.11%, 0, 0, 2, 23.56, 3132, 74, 0, 0
117, 7, 1, 10, 0, 0, 0.11%, 0, 0, 2, 21.97, 3241, 74, 0, 0
122, 8, 7, 10, 0, 0, 0.11%, 0, 0, 2, 19.61, 3342, 74, 0, 0
127, 8, 1, 10, 0, 0, 0.11%, 0, 0, 2, 22.37, 3458, 74, 0, 0
132, 9, 0, 10, 0, 0, 0.11%, 0, 0, 2, 23.88, 3579, 74, 0, 0
137, 9, 7, 10, 0, 0, 0.11%, 0, 0, 2, 24.90, 3705, 74, 0, 0
142, 10, 1, 10, 0, 0, 0.11%, 0, 0, 2, 27.42, 3846, 74, 0, 0
148, 11, 8, 10, 0, 0, 0.11%, 0, 0, 2, 23.87, 3964, 74, 0, 0
153, 11, 0, 10, 0, 0, 0.11%, 0, 0, 2, 22.74, 4084, 74, 0, 0
158, 12, 1, 10, 0, 0, 0.11%, 0, 0, 2, 21.23, 4193, 74, 0, 0
163, 12, 5, 10, 0, 0, 0.11%, 0, 0, 2, 24.69, 4319, 74, 0, 0
168, 13, 6, 10, 0, 0, 0.11%, 0, 0, 2, 24.02, 4441, 74, 0, 0
173, 13, 6, 10, 0, 0, 0.11%, 0, 0, 2, 26.58, 4575, 74, 0, 0
178, 14, 6, 10, 0, 0, 0.11%, 0, 0, 2, 25.75, 4702, 74, 0, 0
183, 14, 0, 10, 0, 0, 0.11%, 0, 0, 2, 24.10, 4822, 74, 0, 0
189, 15, 6, 10, 0, 0, 0.11%, 0, 0, 2, 23.82, 4949, 74, 0, 0
194, 16, 0, 10, 0, 0, 0.11%, 0, 0, 2, 26.81, 5081, 74, 0, 0
199, 16, 0, 10, 0, 0, 0.11%, 0, 0, 2, 25.20, 5207, 74, 0, 0
204, 17, 8, 10, 0, 0, 0.11%, 0, 0, 2, 26.39, 5345, 74, 0, 0
209, 17, 0, 10, 0, 0, 0.11%, 0, 0, 2, 27.64, 5485, 74, 0, 0
214, 18, 8, 10, 0, 0, 0.11%, 0, 0, 2, 25.28, 5606, 74, 0, 0
219, 18, 1, 10, 0, 0, 0.11%, 0, 0, 2, 23.72, 5729, 74, 0, 0
224, 19, 0, 10, 0, 0, 0.11%, 0, 0, 2, 23.84, 5849, 74, 0, 0
229, 19, 8, 10, 0, 0, 0.11%, 0, 0, 2, 23.39, 5970, 74, 0, 0
234, 20, 9, 10, 0, 0, 0.11%, 0, 0, 2, 23.26, 6090, 74, 0, 0
240, 20, 8, 10, 0, 0, 0.11%, 0, 0, 2, 26.33, 6222, 74, 0, 0
245, 21, 8, 10, 0, 0, 0.11%, 0, 0, 2, 23.20, 6334, 74, 0, 0
250, 22, 5, 10, 0, 0, 0.11%, 0, 0, 2, 23.24, 6452, 74, 0, 0
255, 22, 0, 10, 0, 0, 0.11%, 0, 0, 2, 24.95, 6579, 74, 0, 0
260, 23, 5, 10, 0, 0, 0.11%, 0, 0, 2, 27.60, 6723, 74, 0, 0
265, 23, 6, 10, 0, 0, 0.11%, 0, 0, 2, 25.69, 6851, 74, 0, 0
270, 24, 8, 10, 0, 0, 0.11%, 0, 0, 2, 24.90, 6976, 74, 0, 0
275, 24, 8, 10, 0, 0, 0.11%, 0, 0, 2, 24.81, 7103, 74, 0, 0
280, 25, 6, 10, 0, 0, 0.11%, 0, 0, 2, 26.10, 7243, 74, 0, 0
286, 25, 6, 10, 0, 0, 0.11%, 0, 0, 2, 21.48, 7350, 74, 0, 0
291, 26, 5, 10, 0, 0, 0.11%, 0, 0, 2, 22.63, 7471, 74, 0, 0
296, 27, 6, 10, 0, 0, 0.11%, 0, 0, 2, 22.56, 7587, 74, 0, 0
301, 27, 1, 10, 0, 0, 0.11%, 0, 0, 2, 22.52, 7698, 74, 0, 0
306, 28, 1, 10, 0, 0, 0.11%, 0, 0, 2, 23.30, 7820, 74, 0, 0
311, 28, 1, 10, 0, 0, 0.11%, 0, 0, 2, 23.74, 7944, 74, 0, 0
317, 29, 8, 10, 0, 0, 0.11%, 0, 0, 2, 23.94, 8066, 74, 0, 0
322, 29, 8, 10, 0, 0, 0.11%, 0, 0, 2, 22.92, 8186, 74, 0, 0
327, 30, 6, 10, 0, 0, 0.11%, 0, 0, 2, 23.04, 8307, 74, 0, 0
332, 30, 8, 10, 0, 0, 0.11%, 0, 0, 2, 23.14, 8420, 74, 0, 0
337, 31, 8, 10, 0, 0, 0.11%, 0, 0, 2, 22.04, 8535, 74, 0, 0
342, 31, 5, 10, 0, 0, 0.11%, 0, 0, 2, 24.02, 8666, 74, 0, 0
347, 32, 0, 10, 0, 0, 0.11%, 0, 0, 2, 22.80, 8782, 74, 0, 0
353, 32, 6, 10, 0, 0, 0.11%, 0, 0, 2, 24.31, 8909, 74, 0, 0
358, 33, 5, 10, 0, 0, 0.11%, 0, 0, 2, 22.11, 9012, 74, 0, 0
363, 33, 5, 10, 0, 0, 0.11%, 0, 0, 2, 24.45, 9145, 74, 0, 0
368, 34, 1, 10, 0, 0, 0.11%, 0, 0, 2, 23.85, 9262, 74, 0, 0
373, 35, 6, 10, 0, 0, 0.11%, 0, 0, 2, 25.49, 9395, 74, 0, 0
378, 35, 1, 10, 0, 0, 0.11%, 0, 0, 2, 23.39, 9518, 74, 0, 0
384, 36, 1, 10, 0, 0, 0.11%, 0, 0, 2, 26.09, 9653, 74, 0, 0
389, 36, 0, 10, 0, 0, 0.11%, 0, 0, 2, 22.07, 9758, 74, 0, 0
394, 37, 6, 10, 0, 0, 0.11%, 0, 0, 2, 24.84, 9890, 74, 0, 0
399, 37, 8, 10, 0, 0, 0.11%, 0, 0, 2, 23.47, 10004, 74, 0, 0
404, 38, 0, 10, 0, 0, 0.11%, 0, 0, 2, 24.44, 10128, 74, 0, 0
409, 38, 0, 10, 0, 0, 0.11%, 0, 0, 2, 23.63, 10246, 74, 0, 0
414, 39, 0, 10, 0, 0, 0.11%, 0, 0, 2, 22.92, 10365, 74, 0, 0
419, 39, 6, 10, 0, 0, 0.11%, 0, 0, 2, 24.77, 10497, 74, 0, 0
424, 40, 8, 10, 0, 0, 0.11%, 0, 0, 2, 26.32, 10630, 74, 0, 0
430, 41, 8, 10, 0, 0, 0.11%, 0, 0, 2, 26.96, 10770, 74, 0, 0
435, 41, 0, 10, 0, 0, 0.11%, 0, 0, 2, 25.56, 10897, 74, 0, 0
440, 42, 5, 10, 0, 0, 0.11%, 0, 0, 2, 24.52, 11022, 74, 0, 0
445, 42, 6, 10, 0, 0, 0.11%, 0, 0, 2, 23.89, 11143, 74, 0, 0
450, 43, 0, 10, 0, 0, 0.11%, 0, 0, 2, 22.35, 11255, 74, 0, 0
455, 43, 9, 10, 0, 0, 0.11%, 0, 0, 2, 23.09, 11375, 74, 0, 0
460, 44, 0, 10, 0, 0, 0.11%, 0, 0, 2, 23.80, 11502, 74, 0, 0
466, 44, 8, 10, 0, 0, 0.11%, 0, 0, 2, 24.10, 11626, 74, 0, 0
471, 45, 8, 10, 0, 0, 0.11%, 0, 0, 2, 23.93, 11745, 74, 0, 0
476, 45, 6, 10, 0, 0, 0.11%, 0, 0, 2, 25.63, 11874, 74, 0, 0
481, 46, 1, 10, 0, 0, 0.11%, 0, 0, 2, 26.67, 12006, 74, 0, 0
486, 47, 0, 10, 0, 0, 0.11%, 0, 0, 2, 26.24, 12139, 74, 0, 0
491, 47, 6, 10, 0, 0, 0.11%, 0, 0, 2, 25.84, 12278, 74, 0, 0
496, 48, 0, 10, 0, 0, 0.11%, 0, 0, 2, 25.65, 12408, 74, 0, 0
501, 48, 5, 10, 0, 0, 0.11%, 0, 0, 2, 24.50, 12532, 74, 0, 0
506, 49, 1, 10, 0, 0, 0.11%, 0, 0, 2, 23.61, 12652, 74, 0, 0
511, 49, 0, 10, 0, 0, 0.11%, 0, 0, 2, 24.96, 12781, 74, 0, 0
516, 50, 8, 10, 0, 0, 0.11%, 0, 0, 2, 23.49, 12897, 74, 0, 0
522, 50, 8, 10, 0, 0, 0.11%, 0, 0, 2, 23.29, 13015, 74, 0, 0
527, 51, 8, 10, 0, 0, 0.11%, 0, 0, 2, 23.53, 13132, 74, 0, 0
532, 51, 8, 10, 0, 0, 0.11%, 0, 0, 2, 25.71, 13262, 74, 0, 0
537, 52, 8, 10, 0, 0, 0.11%, 0, 0, 2, 24.10, 13378, 74, 0, 0
542, 52, 0, 10, 0, 0, 0.11%, 0, 0, 2, 25.05, 13504, 74, 0, 0
547, 53, 0, 10, 0, 0, 0.11%, 0, 0, 2, 22.92, 13620, 74, 0, 0
552, 53, 0, 10, 0, 0, 0.11%, 0, 0, 2, 22.95, 13738, 74, 0, 0
557, 54, 6, 10, 0, 0, 0.11%, 0, 0, 2, 21.03, 13845, 74, 0, 0
562, 54, 0, 10, 0, 0, 0.11%, 0, 0, 2, 22.07, 13961, 74, 0, 0
567, 55, 6, 10, 0, 0, 0.11%, 0, 0, 2, 22.56, 14074, 74, 0, 0
573, 55, 0, 10, 0, 0, 0.11%, 0, 0, 2, 23.28, 14194, 74, 0, 0
578, 56, 0, 10, 0, 0, 0.11%, 0, 0, 2, 23.86, 14319, 74, 0, 0
583, 57, 7, 10, 0, 0, 0.11%, 0, 0, 2, 25.21, 14445, 74, 0, 0
588, 57, 0, 10, 0, 0, 0.11%, 0, 0, 2, 23.34, 14556, 74, 0, 0
593, 58, 6, 10, 0, 0, 0.11%, 0, 0, 2, 21.21, 14662, 74, 0, 0
598, 58, 1, 10, 0, 0, 0.11%, 0, 0, 2, 25.41, 14791, 74, 0, 0
603, 59, 5, 10, 0, 0, 0.11%, 0, 0, 2, 23.97, 14913, 74, 0, 0
608, 59, 5, 10, 0, 0, 0.11%, 0, 0, 2, 23.23, 15020, 74, 0, 0
613, 60, 6, 10, 0, 0, 0.11%, 0, 0, 2, 21.71, 15128, 74, 0, 0
618, 60, 5, 10, 0, 0, 0.11%, 0, 0, 2, 23.19, 15249, 74, 0, 0
623, 61, 6, 10, 0, 0, 0.11%, 0, 0, 2, 20.55, 15351, 74, 0, 0
628, 61, 8, 10, 0, 0, 0.11%, 0, 0, 2, 20.67, 15455, 74, 0, 0
634, 62, 0, 10, 0, 0, 0.11%, 0, 0, 2, 22.11, 15573, 74, 0, 0
639, 62, 1, 10, 0, 0, 0.11%, 0, 0, 2, 24.80, 15702, 74, 0, 0
644, 63, 1, 10, 0, 0, 0.11%, 0, 0, 2, 23.98, 15824, 74, 0, 0
649, 63, 0, 10, 0, 0, 0.11%, 0, 0, 2, 22.86, 15941, 74, 0, 0
654, 64, 0, 10, 0, 0, 0.11%, 0, 0, 2, 25.73, 16076, 74, 0, 0
659, 64, 1, 10, 0, 0, 0.11%, 0, 0, 2, 22.28, 16182, 74, 0, 0
664, 65, 6, 10, 0, 0, 0.11%, 0, 0, 2, 22.29, 16300, 74, 0, 0
669, 65, 1, 10, 0, 0, 0.11%, 0, 0, 2, 24.96, 16424, 74, 0, 0
674, 66, 8, 10, 0, 0, 0.11%, 0, 0, 2, 22.81, 16543, 74, 0, 0
679, 66, 8, 10, 0, 0, 0.11%, 0, 0, 2, 23.06, 16662, 74, 0, 0
685, 67, 8, 10, 0, 0, 0.11%, 0, 0, 2, 23.20, 16785, 74, 0, 0
690, 67, 6, 10, 0, 0, 0.11%, 0, 0, 2, 20.39, 16894, 74, 0, 0
695, 68, 5, 10, 0, 0, 0.11%, 0, 0, 2, 23.46, 17021, 74, 0, 0
700, 68, 5, 10, 0, 0, 0.11%, 0, 0, 2, 22.73, 17139, 74, 0, 0
705, 69, 6, 10, 0, 0, 0.11%, 0, 0, 2, 22.38, 17254, 74, 0, 0
710, 70, 5, 10, 0, 0, 0.11%, 0, 0, 2, 21.36, 17363, 74, 0, 0
715, 70, 8, 10, 0, 0, 0.11%, 0, 0, 2, 21.87, 17479, 74, 0, 0
721, 71, 7, 10, 0, 0, 0.11%, 0, 0, 2, 23.65, 17604, 74, 0, 0
726, 71, 0, 10, 0, 0, 0.11%, 0, 0, 2, 23.21, 17725, 74, 0, 0
731, 72, 6, 10, 0, 0, 0.11%, 0, 0, 2, 22.58, 17835, 74, 0, 0
736, 72, 0, 10, 0, 0, 0.11%, 0, 0, 2, 23.24, 17957, 74, 0, 0
741, 73, 8, 10, 0, 0, 0.11%, 0, 0, 2, 23.44, 18077, 74, 0, 0
746, 73, 1, 10, 0, 0, 0.11%, 0, 0, 2, 22.56, 18188, 74, 0, 0
751, 74, 5, 10, 0, 0, 0.11%, 0, 0, 2, 23.31, 18312, 74, 0, 0
756, 74, 5, 10, 0, 0, 0.11%, 0, 0, 2, 24.04, 18434, 74, 0, 0
762, 75, 5, 10, 0, 0, 0.11%, 0, 0, 2, 22.11, 18542, 74, 0, 0
767, 75, 5, 10, 0, 0, 0.11%, 0, 0, 2, 21.97, 18655, 74, 0, 0
772, 76, 0, 10, 0, 0, 0.11%, 0, 0, 2, 22.37, 18775, 74, 0, 0
777, 76, 8, 10, 0, 0, 0.11%, 0, 0, 2, 23.51, 18892, 74, 0, 0
782, 77, 5, 10, 0, 0, 0.11%, 0, 0, 2, 22.62, 19009, 74, 0, 0
787, 77, 1, 10, 0, 0, 0.11%, 0, 0, 2, 22.12, 19125, 74, 0, 0
792, 78, 6, 10, 0, 0, 0.11%, 0, 0, 2, 23.95, 19250, 74, 0, 0
797, 78, 9, 10, 0, 0, 0.11%, 0, 0, 2, 23.92, 19370, 74, 0, 0
803, 79, 0, 10, 0, 0, 0.11%, 0, 0, 2, 23.25, 19493, 74, 0, 0
808, 79, 1, 10, 0, 0, 0.11%, 0, 0, 2, 21.91, 19604, 74, 0, 0
813, 80, 6, 10, 0, 0, 0.11%, 0, 0, 2, 21.23, 19708, 74, 0, 0
818, 80, 0, 10, 0, 0, 0.11%, 0, 0, 2, 23.10, 19828, 74, 0, 0
823, 81, 7, 10, 0, 0, 0.11%, 0, 0, 2, 23.30, 19949, 74, 0, 0
828, 81, 7, 10, 0, 0, 0.11%, 0, 0, 2, 20.57, 20055, 74, 0, 0
833, 82, 0, 10, 0, 0, 0.11%, 0, 0, 2, 20.68, 20161, 74, 0, 0
838, 82, 1, 10, 0, 0, 0.11%, 0, 0, 2, 21.15, 20282, 74, 0, 0
843, 83, 1, 10, 0, 0, 0.11%, 0, 0, 2, 21.74, 20391, 74, 0, 0
848, 83, 1, 10, 0, 0, 0.11%, 0, 0, 2, 23.35, 20505, 74, 0, 0
853, 84, 8, 10, 0, 0, 0.11%, 0, 0, 2, 23.70, 20625, 74, 0, 0
859, 84, 6, 10, 0, 0, 0.11%, 0, 0, 2, 22.87, 20744, 74, 0, 0
864, 85, 0, 10, 0, 0, 0.11%, 0, 0, 2, 20.28, 20845, 74, 0, 0
869, 85, 0, 10, 0, 0, 0.11%, 0, 0, 2, 21.77, 20960, 74, 0, 0
874, 86, 8, 10, 0, 0, 0.11%, 0, 0, 2, 24.24, 21086, 74, 0, 0
879, 87, 7, 10, 0, 0, 0.11%, 0, 0, 2, 26.67, 21227, 74, 0, 0
884, 87, 1, 10, 0, 0, 0.11%, 0, 0, 2, 22.84, 21335, 74, 0, 0
889, 88, 8, 10, 0, 0, 0.11%, 0, 0, 2, 22.92, 21457, 74, 0, 0
894, 88, 8, 10, 0, 0, 0.11%, 0, 0, 2, 21.76, 21572, 74, 0, 0
897, 88, 1, 10, 0, 0, 0.11%, 0, 0, 2, 23.60, 21640, 74, 0, 0
