# relative_time, cycles_done, cur_item, corpus_count, pending_total, pending_favs, map_size, saved_crashes, saved_hangs, max_depth, execs_per_sec, total_execs, edges_found, total_crashes, servers_count
62, 4, 1, 5, 0, 0, 0.24%, 1, 0, 1, 7.49, 621, 159, 232, 0
67, 4, 1, 5, 0, 0, 0.24%, 1, 0, 1, 6.20, 653, 159, 254, 0
72, 4, 1, 5, 0, 0, 0.24%, 1, 0, 1, 6.30, 690, 159, 275, 0
77, 5, 1, 5, 0, 0, 0.24%, 1, 0, 1, 9.08, 739, 159, 294, 0
82, 5, 1, 5, 0, 0, 0.24%, 1, 0, 1, 7.70, 777, 159, 316, 0
88, 5, 1, 5, 0, 0, 0.24%, 1, 0, 1, 7.21, 813, 159, 338, 0
93, 5, 1, 5, 0, 0, 0.24%, 1, 0, 1, 6.59, 851, 159, 360, 0
98, 6, 1, 5, 0, 0, 0.24%, 1, 0, 1, 8.55, 899, 159, 380, 0
103, 6, 1, 5, 0, 0, 0.24%, 1, 0, 1, 8.47, 942, 159, 399, 0
108, 6, 1, 5, 0, 0, 0.24%, 1, 0, 1, 9.50, 996, 159, 417, 0
113, 7, 1, 5, 0, 0, 0.24%, 1, 0, 1, 10.83, 1050, 159, 436, 0
118, 7, 1, 5, 0, 0, 0.24%, 1, 0, 1, 8.87, 1096, 159, 456, 0
124, 7, 1, 5, 0, 0, 0.24%, 1, 0, 1, 7.71, 1137, 159, 476, 0
129, 8, 1, 5, 0, 0, 0.24%, 1, 0, 1, 9.63, 1186, 159, 495, 0
134, 8, 1, 5, 0, 0, 0.24%, 1, 0, 1, 7.00, 1221, 159, 518, 0
139, 8, 1, 5, 0, 0, 0.24%, 1, 0, 1, 8.49, 1273, 159, 536, 0
144, 9, 1, 5, 0, 0, 0.24%, 1, 0, 1, 7.99, 1317, 159, 555, 0
149, 9, 1, 5, 0, 0, 0.24%, 1, 0, 1, 6.50, 1350, 159, 577, 0
155, 9, 1, 5, 0, 0, 0.24%, 1, 0, 1, 7.82, 1396, 159, 597, 0
160, 10, 1, 5, 0, 0, 0.24%, 1, 0, 1, 8.46, 1446, 159, 616, 0
165, 10, 1, 5, 0, 0, 0.24%, 1, 0, 1, 7.95, 1489, 159, 636, 0
170, 10, 1, 5, 0, 0, 0.24%, 1, 0, 1, 7.67, 1529, 159, 657, 0
175, 11, 1, 5, 0, 0, 0.24%, 1, 0, 1, 10.15, 1592, 159, 674, 0
181, 11, 1, 5, 0, 0, 0.24%, 1, 0, 1, 9.47, 1640, 159, 694, 0
186, 11, 1, 5, 0, 0, 0.24%, 1, 0, 1, 6.91, 1676, 159, 716, 0
191, 12, 1, 5, 0, 0, 0.24%, 1, 0, 1, 7.11, 1716, 159, 736, 0
196, 12, 1, 5, 0, 0, 0.24%, 1, 0, 1, 6.64, 1749, 159, 758, 0
201, 12, 1, 5, 0, 0, 0.24%, 1, 0, 1, 7.30, 1792, 159, 779, 0
206, 12, 1, 5, 0, 0, 0.24%, 1, 0, 1, 9.35, 1840, 159, 799, 0
212, 13, 1, 5, 0, 0, 0.24%, 1, 0, 1, 7.60, 1881, 159, 820, 0
217, 13, 1, 5, 0, 0, 0.24%, 1, 0, 1, 8.33, 1922, 159, 840, 0
222, 13, 1, 5, 0, 0, 0.24%, 1, 0, 1, 7.20, 1961, 159, 861, 0
227, 14, 1, 5, 0, 0, 0.24%, 1, 0, 1, 9.07, 2015, 159, 879, 0
232, 14, 1, 5, 0, 0, 0.24%, 1, 0, 1, 9.01, 2064, 159, 898, 0
238, 14, 1, 5, 0, 0, 0.24%, 1, 0, 1, 6.76, 2097, 159, 921, 0
243, 15, 1, 5, 0, 0, 0.24%, 1, 0, 1, 7.34, 2138, 159, 942, 0
248, 15, 1, 5, 0, 0, 0.24%, 1, 0, 1, 6.86, 2174, 159, 963, 0
253, 15, 1, 5, 0, 0, 0.24%, 1, 0, 1, 8.39, 2228, 159, 981, 0
258, 16, 1, 5, 0, 0, 0.24%, 1, 0, 1, 9.00, 2275, 159, 1000, 0
263, 16, 1, 5, 0, 0, 0.24%, 1, 0, 1, 10.21, 2333, 159, 1017, 0
268, 16, 1, 5, 0, 0, 0.24%, 1, 0, 1, 10.07, 2388, 159, 1034, 0
274, 17, 1, 5, 0, 0, 0.24%, 1, 0, 1, 7.21, 2423, 159, 1056, 0
279, 17, 1, 5, 0, 0, 0.24%, 1, 0, 1, 7.99, 2467, 159, 1076, 0
284, 17, 1, 5, 0, 0, 0.24%, 1, 0, 1, 7.55, 2513, 159, 1097, 0
289, 18, 1, 5, 0, 0, 0.24%, 1, 0, 1, 7.90, 2558, 159, 1118, 0
294, 18, 1, 5, 0, 0, 0.24%, 1, 0, 1, 8.44, 2603, 159, 1137, 0
300, 18, 1, 5, 0, 0, 0.24%, 1, 0, 1, 7.56, 2643, 159, 1158, 0
305, 18, 1, 5, 0, 0, 0.24%, 1, 0, 1, 7.22, 2683, 159, 1178, 0
310, 19, 1, 5, 0, 0, 0.24%, 1, 0, 1, 6.67, 2717, 159, 1199, 0
315, 19, 1, 5, 0, 0, 0.24%, 1, 0, 1, 7.94, 2763, 159, 1218, 0
320, 19, 1, 5, 0, 0, 0.24%, 1, 0, 1, 7.75, 2807, 159, 1239, 0
325, 20, 1, 5, 0, 0, 0.24%, 1, 0, 1, 6.56, 2842, 159, 1261, 0
330, 20, 1, 5, 0, 0, 0.24%, 1, 0, 1, 7.19, 2882, 159, 1282, 0
335, 20, 1, 5, 0, 0, 0.24%, 1, 0, 1, 8.69, 2928, 159, 1301, 0
341, 21, 1, 5, 0, 0, 0.24%, 1, 0, 1, 7.55, 2972, 159, 1321, 0
346, 21, 1, 5, 0, 0, 0.24%, 1, 0, 1, 7.41, 3015, 159, 1341, 0
351, 21, 1, 5, 0, 0, 0.24%, 1, 0, 1, 8.54, 3066, 159, 1360, 0
356, 21, 1, 5, 0, 0, 0.24%, 1, 0, 1, 8.75, 3109, 159, 1379, 0
361, 22, 1, 5, 0, 0, 0.24%, 1, 0, 1, 6.96, 3144, 159, 1401, 0
366, 22, 1, 5, 0, 0, 0.24%, 1, 0, 1, 6.57, 3177, 159, 1423, 0
372, 22, 1, 5, 0, 0, 0.24%, 1, 0, 1, 8.33, 3224, 159, 1444, 0
377, 23, 1, 5, 0, 0, 0.24%, 1, 0, 1, 6.91, 3262, 159, 1465, 0
382, 23, 1, 5, 0, 0, 0.24%, 1, 0, 1, 7.84, 3308, 159, 1485, 0
387, 23, 1, 5, 0, 0, 0.24%, 1, 0, 1, 8.12, 3352, 159, 1505, 0
392, 24, 1, 5, 0, 0, 0.24%, 1, 0, 1, 7.20, 3393, 159, 1526, 0
397, 24, 1, 5, 0, 0, 0.24%, 1, 0, 1, 7.27, 3431, 159, 1547, 0
402, 24, 1, 5, 0, 0, 0.24%, 1, 0, 1, 8.06, 3480, 159, 1566, 0
407, 24, 1, 5, 0, 0, 0.24%, 1, 0, 1, 7.82, 3521, 159, 1586, 0
412, 25, 1, 5, 0, 0, 0.24%, 1, 0, 1, 6.29, 3551, 159, 1608, 0
417, 25, 1, 5, 0, 0, 0.24%, 1, 0, 1, 6.31, 3587, 159, 1629, 0
422, 25, 1, 5, 0, 0, 0.24%, 1, 0, 1, 7.71, 3634, 159, 1648, 0
428, 26, 1, 5, 0, 0, 0.24%, 1, 0, 1, 7.06, 3674, 159, 1668, 0
433, 26, 1, 5, 0, 0, 0.24%, 1, 0, 1, 9.23, 3732, 159, 1686, 0
438, 26, 1, 5, 0, 0, 0.24%, 1, 0, 1, 8.10, 3777, 159, 1706, 0
443, 27, 1, 5, 0, 0, 0.24%, 1, 0, 1, 9.73, 3826, 159, 1724, 0
448, 27, 1, 5, 0, 0, 0.24%, 1, 0, 1, 10.88, 3879, 159, 1742, 0
453, 27, 1, 5, 0, 0, 0.24%, 1, 0, 1, 7.93, 3919, 159, 1763, 0
458, 28, 1, 5, 0, 0, 0.24%, 1, 0, 1, 7.27, 3960, 159, 1784, 0
463, 28, 1, 5, 0, 0, 0.24%, 1, 0, 1, 7.51, 4003, 159, 1804, 0
469, 28, 1, 5, 0, 0, 0.24%, 1, 0, 1, 8.78, 4052, 159, 1823, 0
474, 29, 1, 5, 0, 0, 0.24%, 1, 0, 1, 9.92, 4104, 159, 1841, 0
479, 29, 1, 5, 0, 0, 0.24%, 1, 0, 1, 8.31, 4145, 159, 1861, 0
484, 29, 1, 5, 0, 0, 0.24%, 1, 0, 1, 6.44, 4177, 159, 1883, 0
489, 29, 1, 5, 0, 0, 0.24%, 1, 0, 1, 7.31, 4221, 159, 1903, 0
494, 30, 1, 5, 0, 0, 0.24%, 1, 0, 1, 6.59, 4255, 159, 1924, 0
499, 30, 1, 5, 0, 0, 0.24%, 1, 0, 1, 9.25, 4308, 159, 1942, 0
504, 30, 1, 5, 0, 0, 0.24%, 1, 0, 1, 7.24, 4343, 159, 1964, 0
509, 31, 1, 5, 0, 0, 0.24%, 1, 0, 1, 7.13, 4381, 159, 1985, 0
515, 31, 1, 5, 0, 0, 0.24%, 1, 0, 1, 8.82, 4429, 159, 2005, 0
520, 31, 1, 5, 0, 0, 0.24%, 1, 0, 1, 8.76, 4475, 159, 2024, 0
525, 32, 1, 5, 0, 0, 0.24%, 1, 0, 1, 9.10, 4519, 159, 2043, 0
530, 32, 1, 5, 0, 0, 0.24%, 1, 0, 1, 8.34, 4566, 159, 2063, 0
535, 32, 1, 5, 0, 0, 0.24%, 1, 0, 1, 7.95, 4609, 159, 2083, 0
540, 33, 1, 5, 0, 0, 0.24%, 1, 0, 1, 9.23, 4660, 159, 2101, 0
545, 33, 1, 5, 0, 0, 0.24%, 1, 0, 1, 9.47, 4709, 159, 2120, 0
550, 33, 1, 5, 0, 0, 0.24%, 1, 0, 1, 8.14, 4753, 159, 2139, 0
555, 34, 1, 5, 0, 0, 0.24%, 1, 0, 1, 8.79, 4799, 159, 2158, 0
560, 34, 1, 5, 0, 0, 0.24%, 1, 0, 1, 8.36, 4844, 159, 2178, 0
565, 34, 1, 5, 0, 0, 0.24%, 1, 0, 1, 9.27, 4893, 159, 2197, 0
570, 35, 1, 5, 0, 0, 0.24%, 1, 0, 1, 9.62, 4941, 159, 2215, 0
575, 35, 1, 5, 0, 0, 0.24%, 1, 0, 1, 7.43, 4978, 159, 2236, 0
581, 35, 1, 5, 0, 0, 0.24%, 1, 0, 1, 7.45, 5020, 159, 2256, 0
586, 36, 1, 5, 0, 0, 0.24%, 1, 0, 1, 12.57, 5087, 159, 2271, 0
591, 36, 1, 5, 0, 0, 0.24%, 1, 0, 1, 8.44, 5123, 159, 2292, 0
596, 36, 1, 5, 0, 0, 0.24%, 1, 0, 1, 9.56, 5172, 159, 2311, 0
601, 37, 1, 5, 0, 0, 0.24%, 1, 0, 1, 8.68, 5217, 159, 2331, 0
606, 37, 1, 5, 0, 0, 0.24%, 1, 0, 1, 8.60, 5267, 159, 2349, 0
611, 37, 1, 5, 0, 0, 0.24%, 1, 0, 1, 8.09, 5306, 159, 2370, 0
616, 38, 1, 5, 0, 0, 0.24%, 1, 0, 1, 8.42, 5356, 159, 2388, 0
622, 38, 1, 5, 0, 0, 0.24%, 1, 0, 1, 7.49, 5396, 159, 2409, 0
627, 38, 1, 5, 0, 0, 0.24%, 1, 0, 1, 7.40, 5435, 159, 2429, 0
632, 38, 1, 5, 0, 0, 0.24%, 1, 0, 1, 7.08, 5471, 159, 2451, 0
637, 39, 1, 5, 0, 0, 0.24%, 1, 0, 1, 6.57, 5504, 159, 2474, 0
642, 39, 1, 5, 0, 0, 0.24%, 1, 0, 1, 7.38, 5545, 159, 2494, 0
647, 39, 1, 5, 0, 0, 0.24%, 1, 0, 1, 9.60, 5605, 159, 2511, 0
652, 40, 1, 5, 0, 0, 0.24%, 1, 0, 1, 8.30, 5648, 159, 2531, 0
657, 40, 1, 5, 0, 0, 0.24%, 1, 0, 1, 7.45, 5687, 159, 2552, 0
663, 40, 1, 5, 0, 0, 0.24%, 1, 0, 1, 8.72, 5738, 159, 2571, 0
668, 41, 1, 5, 0, 0, 0.24%, 1, 0, 1, 8.41, 5786, 159, 2590, 0
673, 41, 1, 5, 0, 0, 0.24%, 1, 0, 1, 7.20, 5826, 159, 2611, 0
678, 41, 1, 5, 0, 0, 0.24%, 1, 0, 1, 7.28, 5864, 159, 2632, 0
684, 41, 1, 5, 0, 0, 0.24%, 1, 0, 1, 8.01, 5910, 159, 2652, 0
689, 42, 1, 5, 0, 0, 0.24%, 1, 0, 1, 7.22, 5951, 159, 2672, 0
694, 42, 1, 5, 0, 0, 0.24%, 1, 0, 1, 7.74, 5994, 159, 2692, 0
699, 42, 1, 5, 0, 0, 0.24%, 1, 0, 1, 7.04, 6029, 159, 2714, 0
704, 43, 1, 5, 0, 0, 0.24%, 1, 0, 1, 8.01, 6075, 159, 2734, 0
709, 43, 1, 5, 0, 0, 0.24%, 1, 0, 1, 8.33, 6120, 159, 2753, 0
714, 43, 1, 5, 0, 0, 0.24%, 1, 0, 1, 8.07, 6164, 159, 2772, 0
719, 44, 1, 5, 0, 0, 0.24%, 1, 0, 1, 9.63, 6220, 159, 2789, 0
724, 44, 1, 5, 0, 0, 0.24%, 1, 0, 1, 9.10, 6262, 159, 2808, 0
730, 44, 1, 5, 0, 0, 0.24%, 1, 0, 1, 9.42, 6318, 159, 2827, 0
735, 45, 1, 5, 0, 0, 0.24%, 1, 0, 1, 6.91, 6356, 159, 2848, 0
740, 45, 1, 5, 0, 0, 0.24%, 1, 0, 1, 8.40, 6401, 159, 2868, 0
745, 45, 1, 5, 0, 0, 0.24%, 1, 0, 1, 8.66, 6451, 159, 2886, 0
750, 46, 1, 5, 0, 0, 0.24%, 1, 0, 1, 8.70, 6499, 159, 2905, 0
755, 46, 1, 5, 0, 0, 0.24%, 1, 0, 1, 7.51, 6540, 159, 2926, 0
760, 46, 1, 5, 0, 0, 0.24%, 1, 0, 1, 9.24, 6590, 159, 2945, 0
766, 47, 1, 5, 0, 0, 0.24%, 1, 0, 1, 9.87, 6644, 159, 2963, 0
771, 47, 1, 5, 0, 0, 0.24%, 1, 0, 1, 7.38, 6681, 159, 2985, 0
776, 47, 1, 5, 0, 0, 0.24%, 1, 0, 1, 9.79, 6732, 159, 3003, 0
781, 48, 1, 5, 0, 0, 0.24%, 1, 0, 1, 7.56, 6775, 159, 3023, 0
786, 48, 1, 5, 0, 0, 0.24%, 1, 0, 1, 6.57, 6810, 159, 3044, 0
791, 48, 1, 5, 0, 0, 0.24%, 1, 0, 1, 6.59, 6846, 159, 3065, 0
796, 48, 1, 5, 0, 0, 0.24%, 1, 0, 1, 6.66, 6885, 159, 3086, 0
802, 49, 1, 5, 0, 0, 0.24%, 1, 0, 1, 8.24, 6927, 159, 3106, 0
807, 49, 1, 5, 0, 0, 0.24%, 1, 0, 1, 9.68, 6983, 159, 3123, 0
812, 50, 1, 5, 0, 0, 0.24%, 1, 0, 1, 9.98, 7036, 159, 3141, 0
817, 50, 1, 5, 0, 0, 0.24%, 1, 0, 1, 7.90, 7073, 159, 3162, 0
822, 50, 1, 5, 0, 0, 0.24%, 1, 0, 1, 8.25, 7117, 159, 3183, 0
827, 50, 1, 5, 0, 0, 0.24%, 1, 0, 1, 9.03, 7165, 159, 3203, 0
832, 51, 1, 5, 0, 0, 0.24%, 1, 0, 1, 8.33, 7208, 159, 3223, 0
837, 51, 1, 5, 0, 0, 0.24%, 1, 0, 1, 8.20, 7250, 159, 3244, 0
843, 51, 1, 5, 0, 0, 0.24%, 1, 0, 1, 7.12, 7289, 159, 3265, 0
848, 52, 1, 5, 0, 0, 0.24%, 1, 0, 1, 8.22, 7336, 159, 3284, 0
853, 52, 1, 5, 0, 0, 0.24%, 1, 0, 1, 9.22, 7383, 159, 3303, 0
858, 52, 1, 5, 0, 0, 0.24%, 1, 0, 1, 7.24, 7418, 159, 3324, 0
863, 53, 1, 5, 0, 0, 0.24%, 1, 0, 1, 7.61, 7458, 159, 3344, 0
868, 53, 1, 5, 0, 0, 0.24%, 1, 0, 1, 7.83, 7506, 159, 3363, 0
873, 53, 1, 5, 0, 0, 0.24%, 1, 0, 1, 7.03, 7542, 159, 3384, 0
878, 53, 1, 5, 0, 0, 0.24%, 1, 0, 1, 7.25, 7581, 159, 3405, 0
883, 54, 1, 5, 0, 0, 0.24%, 1, 0, 1, 8.33, 7627, 159, 3424, 0
888, 54, 1, 5, 0, 0, 0.24%, 1, 0, 1, 7.81, 7671, 159, 3444, 0
893, 54, 1, 5, 0, 0, 0.24%, 1, 0, 1, 8.46, 7716, 159, 3463, 0
897, 55, 1, 5, 0, 0, 0.24%, 1, 0, 1, 0.00, 7737, 159, 3479, 0
