# relative_time, cycles_done, cur_item, corpus_count, pending_total, pending_favs, map_size, saved_crashes, saved_hangs, max_depth, execs_per_sec, total_execs, edges_found, total_crashes, servers_count
61, 13, 1, 5, 0, 0, 0.24%, 0, 0, 1, 32.19, 1970, 157, 0, 0
66, 14, 1, 5, 0, 0, 0.24%, 0, 0, 1, 31.35, 2131, 157, 0, 0
71, 16, 1, 5, 0, 0, 0.24%, 0, 0, 1, 31.21, 2291, 157, 0, 0
77, 17, 1, 5, 0, 0, 0.24%, 0, 0, 1, 31.26, 2452, 157, 0, 0
82, 18, 1, 5, 0, 0, 0.24%, 0, 0, 1, 31.17, 2612, 157, 0, 0
87, 19, 1, 5, 0, 0, 0.24%, 0, 0, 1, 31.85, 2773, 157, 0, 0
92, 20, 1, 5, 0, 0, 0.24%, 0, 0, 1, 31.55, 2934, 157, 0, 0
97, 21, 1, 5, 0, 0, 0.24%, 0, 0, 1, 31.70, 3095, 157, 0, 0
102, 22, 1, 5, 0, 0, 0.24%, 0, 0, 1, 31.53, 3256, 157, 0, 0
107, 24, 1, 5, 0, 0, 0.24%, 0, 0, 1, 32.86, 3424, 157, 0, 0
112, 25, 1, 5, 0, 0, 0.24%, 0, 0, 1, 32.51, 3592, 157, 0, 0
117, 26, 1, 5, 0, 0, 0.24%, 0, 0, 1, 31.92, 3753, 157, 0, 0
122, 27, 1, 5, 0, 0, 0.24%, 0, 0, 1, 31.97, 3914, 157, 0, 0
127, 28, 1, 5, 0, 0, 0.24%, 0, 0, 1, 31.97, 4075, 157, 0, 0
133, 30, 1, 5, 0, 0, 0.24%, 0, 0, 1, 32.37, 4243, 157, 0, 0
138, 31, 1, 5, 0, 0, 0.24%, 0, 0, 1, 32.00, 4404, 157, 0, 0
143, 32, 1, 5, 0, 0, 0.24%, 0, 0, 1, 31.68, 4565, 157, 0, 0
148, 33, 1, 5, 0, 0, 0.24%, 0, 0, 1, 32.01, 4726, 157, 0, 0
153, 34, 1, 5, 0, 0, 0.24%, 0, 0, 1, 32.15, 4894, 157, 0, 0
158, 35, 1, 5, 0, 0, 0.24%, 0, 0, 1, 31.94, 5055, 157, 0, 0
163, 36, 1, 5, 0, 0, 0.24%, 0, 0, 1, 30.98, 5215, 157, 0, 0
168, 38, 1, 5, 0, 0, 0.24%, 0, 0, 1, 31.81, 5376, 157, 0, 0
173, 39, 1, 5, 0, 0, 0.24%, 0, 0, 1, 31.97, 5537, 157, 0, 0
178, 40, 1, 5, 0, 0, 0.24%, 0, 0, 1, 31.95, 5698, 157, 0, 0
183, 41, 1, 5, 0, 0, 0.24%, 0, 0, 1, 32.09, 5859, 157, 0, 0
188, 42, 1, 5, 0, 0, 0.24%, 0, 0, 1, 32.20, 6020, 157, 0, 0
194, 43, 1, 5, 0, 0, 0.24%, 0, 0, 1, 32.24, 6188, 157, 0, 0
199, 45, 1, 5, 0, 0, 0.24%, 0, 0, 1, 31.99, 6349, 157, 0, 0
204, 46, 1, 5, 0, 0, 0.24%, 0, 0, 1, 32.12, 6517, 157, 0, 0
209, 47, 1, 5, 0, 0, 0.24%, 0, 0, 1, 31.77, 6678, 157, 0, 0
214, 48, 1, 5, 0, 0, 0.24%, 0, 0, 1, 31.92, 6839, 157, 0, 0
219, 49, 1, 5, 0, 0, 0.24%, 0, 0, 1, 31.67, 7000, 157, 0, 0
224, 50, 1, 5, 0, 0, 0.24%, 0, 0, 1, 31.20, 7161, 157, 0, 0
229, 52, 1, 5, 0, 0, 0.24%, 0, 0, 1, 31.31, 7322, 157, 0, 0
234, 53, 1, 5, 0, 0, 0.24%, 0, 0, 1, 31.20, 7481, 157, 0, 0
240, 54, 1, 5, 0, 0, 0.24%, 0, 0, 1, 31.30, 7642, 157, 0, 0
245, 55, 1, 5, 0, 0, 0.24%, 0, 0, 1, 31.79, 7803, 157, 0, 0
250, 56, 1, 5, 0, 0, 0.24%, 0, 0, 1, 31.75, 7964, 157, 0, 0
255, 57, 1, 5, 0, 0, 0.24%, 0, 0, 1, 31.42, 8125, 157, 0, 0
260, 58, 1, 5, 0, 0, 0.24%, 0, 0, 1, 31.94, 8293, 157, 0, 0
265, 60, 1, 5, 0, 0, 0.24%, 0, 0, 1, 31.47, 8454, 157, 0, 0
270, 61, 1, 5, 0, 0, 0.24%, 0, 0, 1, 31.76, 8615, 157, 0, 0
275, 62, 1, 5, 0, 0, 0.24%, 0, 0, 1, 31.89, 8776, 157, 0, 0
281, 63, 1, 5, 0, 0, 0.24%, 0, 0, 1, 32.21, 8944, 157, 0, 0
286, 64, 1, 5, 0, 0, 0.24%, 0, 0, 1, 31.73, 9105, 157, 0, 0
291, 65, 1, 5, 0, 0, 0.24%, 0, 0, 1, 31.83, 9266, 157, 0, 0
296, 67, 1, 5, 0, 0, 0.24%, 0, 0, 1, 31.47, 9427, 157, 0, 0
301, 68, 1, 5, 0, 0, 0.24%, 0, 0, 1, 31.54, 9588, 157, 0, 0
306, 69, 1, 5, 0, 0, 0.24%, 0, 0, 1, 31.48, 9749, 157, 0, 0
311, 70, 1, 5, 0, 0, 0.24%, 0, 0, 1, 31.59, 9910, 157, 0, 0
316, 71, 1, 5, 0, 0, 0.24%, 0, 0, 1, 31.44, 10071, 157, 0, 0
321, 72, 1, 5, 0, 0, 0.24%, 0, 0, 1, 31.75, 10232, 157, 0, 0
326, 73, 1, 5, 0, 0, 0.24%, 0, 0, 1, 31.71, 10393, 157, 0, 0
331, 75, 1, 5, 0, 0, 0.24%, 0, 0, 1, 31.72, 10554, 157, 0, 0
336, 76, 1, 5, 0, 0, 0.24%, 0, 0, 1, 31.86, 10715, 157, 0, 0
342, 77, 1, 5, 0, 0, 0.24%, 0, 0, 1, 31.87, 10876, 157, 0, 0
347, 78, 1, 5, 0, 0, 0.24%, 0, 0, 1, 31.98, 11037, 157, 0, 0
352, 79, 1, 5, 0, 0, 0.24%, 0, 0, 1, 32.15, 11205, 157, 0, 0
357, 80, 1, 5, 0, 0, 0.24%, 0, 0, 1, 32.39, 11373, 157, 0, 0
362, 82, 1, 5, 0, 0, 0.24%, 0, 0, 1, 31.73, 11534, 157, 0, 0
367, 83, 1, 5, 0, 0, 0.24%, 0, 0, 1, 32.22, 11702, 157, 0, 0
372, 84, 1, 5, 0, 0, 0.24%, 0, 0, 1, 31.73, 11863, 157, 0, 0
377, 85, 1, 5, 0, 0, 0.24%, 0, 0, 1, 31.52, 12024, 157, 0, 0
383, 86, 1, 5, 0, 0, 0.24%, 0, 0, 1, 31.11, 12182, 157, 0, 0
388, 87, 1, 5, 0, 0, 0.24%, 0, 0, 1, 31.41, 12343, 157, 0, 0
393, 89, 1, 5, 0, 0, 0.24%, 0, 0, 1, 31.89, 12504, 157, 0, 0
398, 90, 1, 5, 0, 0, 0.24%, 0, 0, 1, 32.01, 12665, 157, 0, 0
403, 91, 1, 5, 0, 0, 0.24%, 0, 0, 1, 31.98, 12826, 157, 0, 0
408, 92, 1, 5, 0, 0, 0.24%, 0, 0, 1, 31.65, 12987, 157, 0, 0
413, 93, 1, 5, 0, 0, 0.24%, 0, 0, 1, 31.42, 13148, 157, 0, 0
418, 94, 1, 5, 0, 0, 0.24%, 0, 0, 1, 31.34, 13309, 157, 0, 0
423, 95, 1, 5, 0, 0, 0.24%, 0, 0, 1, 31.80, 13470, 157, 0, 0
428, 97, 1, 5, 0, 0, 0.24%, 0, 0, 1, 32.08, 13638, 157, 0, 0
433, 98, 1, 5, 0, 0, 0.24%, 0, 0, 1, 31.80, 13799, 157, 0, 0
438, 99, 1, 5, 0, 0, 0.24%, 0, 0, 1, 32.15, 13960, 157, 0, 0
444, 100, 1, 5, 0, 0, 0.24%, 0, 0, 1, 32.24, 14128, 157, 0, 0
449, 101, 1, 5, 0, 0, 0.24%, 0, 0, 1, 32.07, 14289, 157, 0, 0
454, 102, 1, 5, 0, 0, 0.24%, 0, 0, 1, 33.28, 14457, 157, 0, 0
459, 104, 1, 5, 0, 0, 0.24%, 0, 0, 1, 32.69, 14625, 157, 0, 0
464, 105, 1, 5, 0, 0, 0.24%, 0, 0, 1, 32.30, 14793, 157, 0, 0
469, 106, 1, 5, 0, 0, 0.24%, 0, 0, 1, 31.85, 14954, 157, 0, 0
474, 107, 1, 5, 0, 0, 0.24%, 0, 0, 1, 31.65, 15115, 157, 0, 0
479, 108, 1, 5, 0, 0, 0.24%, 0, 0, 1, 32.00, 15276, 157, 0, 0
484, 109, 1, 5, 0, 0, 0.24%, 0, 0, 1, 31.85, 15437, 157, 0, 0
489, 111, 1, 5, 0, 0, 0.24%, 0, 0, 1, 31.91, 15598, 157, 0, 0
495, 112, 1, 5, 0, 0, 0.24%, 0, 0, 1, 32.36, 15766, 157, 0, 0
500, 113, 1, 5, 0, 0, 0.24%, 0, 0, 1, 32.48, 15934, 157, 0, 0
505, 114, 1, 5, 0, 0, 0.24%, 0, 0, 1, 32.79, 16102, 157, 0, 0
510, 115, 1, 5, 0, 0, 0.24%, 0, 0, 1, 32.86, 16270, 157, 0, 0
515, 117, 1, 5, 0, 0, 0.24%, 0, 0, 1, 32.74, 16438, 157, 0, 0
520, 118, 1, 5, 0, 0, 0.24%, 0, 0, 1, 31.77, 16599, 157, 0, 0
525, 119, 1, 5, 0, 0, 0.24%, 0, 0, 1, 31.80, 16760, 157, 0, 0
530, 120, 1, 5, 0, 0, 0.24%, 0, 0, 1, 31.45, 16921, 157, 0, 0
535, 121, 1, 5, 0, 0, 0.24%, 0, 0, 1, 31.52, 17082, 157, 0, 0
541, 122, 1, 5, 0, 0, 0.24%, 0, 0, 1, 31.57, 17243, 157, 0, 0
546, 124, 1, 5, 0, 0, 0.24%, 0, 0, 1, 31.71, 17404, 157, 0, 0
551, 125, 1, 5, 0, 0, 0.24%, 0, 0, 1, 31.54, 17565, 157, 0, 0
556, 126, 1, 5, 0, 0, 0.24%, 0, 0, 1, 31.68, 17726, 157, 0, 0
561, 127, 1, 5, 0, 0, 0.24%, 0, 0, 1, 31.46, 17887, 157, 0, 0
566, 128, 1, 5, 0, 0, 0.24%, 0, 0, 1, 31.32, 18048, 157, 0, 0
571, 129, 1, 5, 0, 0, 0.24%, 0, 0, 1, 31.46, 18209, 157, 0, 0
576, 130, 1, 5, 0, 0, 0.24%, 0, 0, 1, 30.98, 18369, 157, 0, 0
581, 132, 1, 5, 0, 0, 0.24%, 0, 0, 1, 31.62, 18529, 157, 0, 0
586, 133, 1, 5, 0, 0, 0.24%, 0, 0, 1, 32.21, 18690, 157, 0, 0
592, 134, 1, 5, 0, 0, 0.24%, 0, 0, 1, 32.25, 18858, 157, 0, 0
597, 135, 1, 5, 0, 0, 0.24%, 0, 0, 1, 31.93, 19019, 157, 0, 0
602, 136, 1, 5, 0, 0, 0.24%, 0, 0, 1, 32.09, 19180, 157, 0, 0
607, 137, 1, 5, 0, 0, 0.24%, 0, 0, 1, 31.84, 19341, 157, 0, 0
612, 139, 1, 5, 0, 0, 0.24%, 0, 0, 1, 31.90, 19502, 157, 0, 0
617, 140, 1, 5, 0, 0, 0.24%, 0, 0, 1, 31.68, 19663, 157, 0, 0
622, 141, 1, 5, 0, 0, 0.24%, 0, 0, 1, 31.45, 19824, 157, 0, 0
627, 142, 1, 5, 0, 0, 0.24%, 0, 0, 1, 31.80, 19985, 157, 0, 0
632, 143, 1, 5, 0, 0, 0.24%, 0, 0, 1, 32.06, 20146, 157, 0, 0
637, 144, 1, 5, 0, 0, 0.24%, 0, 0, 1, 31.76, 20307, 157, 0, 0
642, 145, 1, 5, 0, 0, 0.24%, 0, 0, 1, 31.89, 20468, 157, 0, 0
647, 147, 1, 5, 0, 0, 0.24%, 0, 0, 1, 32.36, 20636, 157, 0, 0
652, 148, 1, 5, 0, 0, 0.24%, 0, 0, 1, 32.17, 20797, 157, 0, 0
657, 149, 1, 5, 0, 0, 0.24%, 0, 0, 1, 32.04, 20958, 157, 0, 0
662, 150, 1, 5, 0, 0, 0.24%, 0, 0, 1, 32.10, 21119, 157, 0, 0
668, 151, 1, 5, 0, 0, 0.24%, 0, 0, 1, 31.89, 21285, 157, 0, 0
673, 152, 1, 5, 0, 0, 0.24%, 0, 0, 1, 31.18, 21440, 157, 0, 0
678, 154, 1, 5, 0, 0, 0.24%, 0, 0, 1, 31.84, 21601, 157, 0, 0
683, 155, 1, 5, 0, 0, 0.24%, 0, 0, 1, 31.44, 21761, 157, 0, 0
688, 156, 1, 5, 0, 0, 0.24%, 0, 0, 1, 32.51, 21929, 157, 0, 0
693, 157, 1, 5, 0, 0, 0.24%, 0, 0, 1, 31.91, 22090, 157, 0, 0
698, 158, 1, 5, 0, 0, 0.24%, 0, 0, 1, 31.75, 22251, 157, 0, 0
703, 159, 1, 5, 0, 0, 0.24%, 0, 0, 1, 32.00, 22412, 157, 0, 0
708, 160, 1, 5, 0, 0, 0.24%, 0, 0, 1, 31.92, 22573, 157, 0, 0
713, 162, 1, 5, 0, 0, 0.24%, 0, 0, 1, 32.00, 22734, 157, 0, 0
718, 163, 1, 5, 0, 0, 0.24%, 0, 0, 1, 31.92, 22895, 157, 0, 0
723, 164, 1, 5, 0, 0, 0.24%, 0, 0, 1, 32.08, 23056, 157, 0, 0
728, 165, 1, 5, 0, 0, 0.24%, 0, 0, 1, 31.83, 23217, 157, 0, 0
733, 166, 1, 5, 0, 0, 0.24%, 0, 0, 1, 32.18, 23378, 157, 0, 0
738, 167, 1, 5, 0, 0, 0.24%, 0, 0, 1, 31.50, 23539, 157, 0, 0
744, 169, 1, 5, 0, 0, 0.24%, 0, 0, 1, 31.39, 23699, 157, 0, 0
749, 170, 1, 5, 0, 0, 0.24%, 0, 0, 1, 31.62, 23860, 157, 0, 0
754, 171, 1, 5, 0, 0, 0.24%, 0, 0, 1, 31.43, 24021, 157, 0, 0
759, 172, 1, 5, 0, 0, 0.24%, 0, 0, 1, 31.86, 24182, 157, 0, 0
764, 173, 1, 5, 0, 0, 0.24%, 0, 0, 1, 32.25, 24350, 157, 0, 0
769, 174, 1, 5, 0, 0, 0.24%, 0, 0, 1, 32.14, 24511, 157, 0, 0
774, 175, 1, 5, 0, 0, 0.24%, 0, 0, 1, 31.78, 24672, 157, 0, 0
779, 177, 1, 5, 0, 0, 0.24%, 0, 0, 1, 31.79, 24833, 157, 0, 0
784, 178, 1, 5, 0, 0, 0.24%, 0, 0, 1, 31.64, 24994, 157, 0, 0
789, 179, 1, 5, 0, 0, 0.24%, 0, 0, 1, 31.89, 25155, 157, 0, 0
794, 180, 1, 5, 0, 0, 0.24%, 0, 0, 1, 32.57, 25323, 157, 0, 0
800, 181, 1, 5, 0, 0, 0.24%, 0, 0, 1, 32.08, 25484, 157, 0, 0
805, 182, 1, 5, 0, 0, 0.24%, 0, 0, 1, 31.88, 25644, 157, 0, 0
810, 184, 1, 5, 0, 0, 0.24%, 0, 0, 1, 32.03, 25805, 157, 0, 0
815, 185, 1, 5, 0, 0, 0.24%, 0, 0, 1, 31.83, 25966, 157, 0, 0
820, 186, 1, 5, 0, 0, 0.24%, 0, 0, 1, 31.66, 26126, 157, 0, 0
825, 187, 1, 5, 0, 0, 0.24%, 0, 0, 1, 31.91, 26286, 157, 0, 0
830, 188, 1, 5, 0, 0, 0.24%, 0, 0, 1, 32.06, 26447, 157, 0, 0
835, 189, 1, 5, 0, 0, 0.24%, 0, 0, 1, 31.44, 26608, 157, 0, 0
840, 190, 1, 5, 0, 0, 0.24%, 0, 0, 1, 31.37, 26769, 157, 0, 0
845, 192, 1, 5, 0, 0, 0.24%, 0, 0, 1, 31.96, 26930, 157, 0, 0
850, 193, 1, 5, 0, 0, 0.24%, 0, 0, 1, 31.30, 27086, 157, 0, 0
855, 194, 1, 5, 0, 0, 0.24%, 0, 0, 1, 31.87, 27247, 157, 0, 0
860, 195, 1, 5, 0, 0, 0.24%, 0, 0, 1, 31.57, 27408, 157, 0, 0
865, 196, 1, 5, 0, 0, 0.24%, 0, 0, 1, 31.82, 27569, 157, 0, 0
870, 197, 1, 5, 0, 0, 0.24%, 0, 0, 1, 31.60, 27730, 157, 0, 0
875, 198, 1, 5, 0, 0, 0.24%, 0, 0, 1, 31.92, 27891, 157, 0, 0
881, 200, 1, 5, 0, 0, 0.24%, 0, 0, 1, 31.89, 28052, 157, 0, 0
886, 201, 1, 5, 0, 0, 0.24%, 0, 0, 1, 31.75, 28213, 157, 0, 0
891, 202, 1, 5, 0, 0, 0.24%, 0, 0, 1, 31.78, 28374, 157, 0, 0
896, 203, 1, 5, 0, 0, 0.24%, 0, 0, 1, 31.88, 28535, 157, 0, 0
897, 203, 1, 5, 0, 0, 0.24%, 0, 0, 1, 0.00, 28575, 157, 0, 0
