# relative_time, cycles_done, cur_item, corpus_count, pending_total, pending_favs, map_size, saved_crashes, saved_hangs, max_depth, execs_per_sec, total_execs, edges_found, total_crashes, servers_count
62, 2, 5, 6, 0, 0, 0.25%, 3, 0, 2, 6.54, 453, 163, 246, 0
67, 2, 5, 6, 0, 0, 0.25%, 3, 0, 2, 5.94, 486, 163, 267, 0
72, 2, 5, 6, 0, 0, 0.25%, 3, 0, 2, 6.09, 520, 163, 287, 0
77, 3, 5, 6, 0, 0, 0.25%, 3, 0, 2, 5.84, 550, 163, 307, 0
82, 3, 5, 6, 0, 0, 0.25%, 3, 0, 2, 5.40, 578, 163, 329, 0
88, 3, 5, 6, 0, 0, 0.25%, 3, 0, 2, 6.52, 615, 163, 349, 0
93, 3, 5, 6, 0, 0, 0.25%, 3, 0, 2, 6.83, 652, 163, 369, 0
98, 3, 5, 6, 0, 0, 0.25%, 3, 0, 2, 5.13, 676, 163, 391, 0
103, 4, 5, 6, 0, 0, 0.25%, 4, 0, 2, 5.31, 703, 163, 412, 0
108, 4, 5, 6, 0, 0, 0.25%, 4, 0, 2, 5.17, 730, 163, 434, 0
113, 4, 5, 6, 0, 0, 0.25%, 4, 0, 2, 5.89, 762, 163, 455, 0
119, 4, 5, 6, 0, 0, 0.25%, 4, 0, 2, 5.45, 791, 163, 476, 0
124, 4, 5, 6, 0, 0, 0.25%, 4, 0, 2, 5.59, 819, 163, 497, 0
129, 4, 5, 6, 0, 0, 0.25%, 4, 0, 2, 5.35, 848, 163, 518, 0
134, 5, 5, 6, 0, 0, 0.25%, 4, 0, 2, 5.31, 876, 163, 539, 0
139, 5, 5, 6, 0, 0, 0.25%, 4, 0, 2, 5.15, 902, 163, 561, 0
144, 5, 5, 6, 0, 0, 0.25%, 4, 0, 2, 4.61, 925, 163, 583, 0
149, 5, 5, 6, 0, 0, 0.25%, 4, 0, 2, 5.02, 951, 163, 604, 0
154, 5, 5, 6, 0, 0, 0.25%, 4, 0, 2, 4.70, 976, 163, 626, 0
159, 5, 5, 6, 0, 0, 0.25%, 4, 0, 2, 4.87, 1001, 163, 647, 0
164, 6, 5, 6, 0, 0, 0.25%, 4, 0, 2, 4.67, 1025, 163, 669, 0
170, 6, 5, 6, 0, 0, 0.25%, 4, 0, 2, 5.65, 1056, 163, 690, 0
175, 6, 5, 6, 0, 0, 0.25%, 4, 0, 2, 5.87, 1087, 163, 711, 0
180, 6, 5, 6, 0, 0, 0.25%, 4, 0, 2, 4.92, 1111, 163, 733, 0
185, 6, 5, 6, 0, 0, 0.25%, 4, 0, 2, 7.68, 1161, 163, 751, 0
190, 7, 5, 6, 0, 0, 0.25%, 4, 0, 2, 5.20, 1183, 163, 773, 0
195, 7, 1, 6, 0, 0, 0.25%, 4, 0, 2, 5.10, 1210, 163, 795, 0
200, 7, 5, 6, 0, 0, 0.25%, 4, 0, 2, 5.49, 1242, 163, 816, 0
206, 7, 5, 6, 0, 0, 0.25%, 4, 0, 2, 6.19, 1279, 163, 836, 0
211, 7, 5, 6, 0, 0, 0.25%, 4, 0, 2, 5.63, 1308, 163, 858, 0
216, 8, 5, 6, 0, 0, 0.25%, 4, 0, 2, 5.86, 1338, 163, 879, 0
221, 8, 5, 6, 0, 0, 0.25%, 4, 0, 2, 5.79, 1369, 163, 900, 0
226, 8, 5, 6, 0, 0, 0.25%, 4, 0, 2, 4.69, 1391, 163, 922, 0
231, 8, 5, 6, 0, 0, 0.25%, 4, 0, 2, 5.69, 1425, 163, 942, 0
236, 8, 5, 6, 0, 0, 0.25%, 4, 0, 2, 6.51, 1463, 163, 962, 0
241, 8, 1, 6, 0, 0, 0.25%, 4, 0, 2, 5.20, 1489, 163, 984, 0
246, 9, 5, 6, 0, 0, 0.25%, 4, 0, 2, 3.56, 1519, 163, 1004, 0
252, 9, 5, 6, 0, 0, 0.25%, 4, 0, 2, 4.88, 1549, 163, 1025, 0
257, 9, 5, 6, 0, 0, 0.25%, 4, 0, 2, 5.15, 1577, 163, 1046, 0
262, 9, 5, 6, 0, 0, 0.25%, 4, 0, 2, 5.40, 1604, 163, 1068, 0
267, 9, 5, 6, 0, 0, 0.25%, 4, 0, 2, 5.46, 1633, 163, 1089, 0
272, 10, 5, 6, 0, 0, 0.25%, 4, 0, 2, 5.89, 1665, 163, 1111, 0
277, 10, 5, 6, 0, 0, 0.25%, 4, 0, 2, 5.14, 1691, 163, 1132, 0
282, 10, 5, 6, 0, 0, 0.25%, 4, 0, 2, 5.71, 1721, 163, 1153, 0
288, 10, 5, 6, 0, 0, 0.25%, 4, 0, 2, 5.43, 1752, 163, 1174, 0
293, 10, 5, 6, 0, 0, 0.25%, 4, 0, 2, 5.80, 1783, 163, 1195, 0
298, 11, 5, 6, 0, 0, 0.25%, 4, 0, 2, 6.62, 1821, 163, 1214, 0
303, 11, 5, 6, 0, 0, 0.25%, 4, 0, 2, 5.71, 1849, 163, 1236, 0
308, 11, 5, 6, 0, 0, 0.25%, 4, 0, 2, 6.12, 1885, 163, 1255, 0
313, 11, 5, 6, 0, 0, 0.25%, 4, 0, 2, 5.12, 1910, 163, 1277, 0
318, 11, 5, 6, 0, 0, 0.25%, 4, 0, 2, 5.52, 1938, 163, 1298, 0
323, 11, 5, 6, 0, 0, 0.25%, 4, 0, 2, 5.58, 1971, 163, 1319, 0
329, 12, 5, 6, 0, 0, 0.25%, 4, 0, 2, 5.77, 2003, 163, 1340, 0
334, 12, 5, 6, 0, 0, 0.25%, 4, 0, 2, 5.11, 2031, 163, 1362, 0
339, 12, 5, 6, 0, 0, 0.25%, 4, 0, 2, 5.39, 2060, 163, 1383, 0
344, 12, 5, 6, 0, 0, 0.25%, 4, 0, 2, 5.07, 2088, 163, 1405, 0
349, 12, 5, 6, 0, 0, 0.25%, 4, 0, 2, 4.80, 2113, 163, 1427, 0
354, 13, 5, 6, 0, 0, 0.25%, 4, 0, 2, 6.41, 2153, 163, 1447, 0
360, 13, 5, 6, 0, 0, 0.25%, 4, 0, 2, 5.26, 2179, 163, 1469, 0
365, 13, 5, 6, 0, 0, 0.25%, 4, 0, 2, 4.84, 2204, 163, 1491, 0
370, 13, 5, 6, 0, 0, 0.25%, 4, 0, 2, 4.83, 2229, 163, 1513, 0
375, 13, 5, 6, 0, 0, 0.25%, 4, 0, 2, 5.40, 2259, 163, 1534, 0
380, 14, 5, 6, 0, 0, 0.25%, 4, 0, 2, 6.61, 2297, 163, 1554, 0
385, 14, 5, 6, 0, 0, 0.25%, 4, 0, 2, 5.99, 2328, 163, 1575, 0
390, 14, 5, 6, 0, 0, 0.25%, 4, 0, 2, 5.65, 2360, 163, 1595, 0
395, 14, 5, 6, 0, 0, 0.25%, 4, 0, 2, 7.09, 2398, 163, 1615, 0
400, 14, 5, 6, 0, 0, 0.25%, 4, 0, 2, 6.06, 2429, 163, 1635, 0
406, 15, 5, 6, 0, 0, 0.25%, 4, 0, 2, 5.08, 2454, 163, 1657, 0
411, 15, 5, 6, 0, 0, 0.25%, 4, 0, 2, 5.14, 2479, 163, 1679, 0
416, 15, 1, 6, 0, 0, 0.25%, 4, 0, 2, 4.99, 2506, 163, 1700, 0
421, 15, 5, 6, 0, 0, 0.25%, 4, 0, 2, 5.42, 2534, 163, 1722, 0
426, 15, 5, 6, 0, 0, 0.25%, 4, 0, 2, 5.15, 2560, 163, 1744, 0
431, 15, 5, 6, 0, 0, 0.25%, 4, 0, 2, 5.09, 2587, 163, 1766, 0
436, 16, 5, 6, 0, 0, 0.25%, 4, 0, 2, 5.26, 2615, 163, 1787, 0
441, 16, 5, 6, 0, 0, 0.25%, 4, 0, 2, 4.75, 2638, 163, 1809, 0
447, 16, 5, 6, 0, 0, 0.25%, 4, 0, 2, 4.91, 2665, 163, 1832, 0
452, 16, 1, 6, 0, 0, 0.25%, 4, 0, 2, 5.95, 2696, 163, 1853, 0
457, 16, 5, 6, 0, 0, 0.25%, 4, 0, 2, 6.17, 2728, 163, 1873, 0
462, 16, 5, 6, 0, 0, 0.25%, 4, 0, 2, 5.10, 2752, 163, 1895, 0
467, 17, 1, 6, 0, 0, 0.25%, 4, 0, 2, 5.53, 2784, 163, 1916, 0
472, 17, 1, 6, 0, 0, 0.25%, 4, 0, 2, 5.60, 2814, 163, 1937, 0
477, 17, 5, 6, 0, 0, 0.25%, 4, 0, 2, 4.95, 2838, 163, 1959, 0
482, 17, 5, 6, 0, 0, 0.25%, 4, 0, 2, 5.43, 2866, 163, 1981, 0
488, 17, 5, 6, 0, 0, 0.25%, 4, 0, 2, 5.19, 2893, 163, 2003, 0
493, 18, 5, 6, 0, 0, 0.25%, 4, 0, 2, 6.67, 2936, 163, 2022, 0
498, 18, 5, 6, 0, 0, 0.25%, 4, 0, 2, 7.53, 2974, 163, 2042, 0
503, 18, 1, 6, 0, 0, 0.25%, 4, 0, 2, 6.50, 3005, 163, 2064, 0
508, 18, 5, 6, 0, 0, 0.25%, 4, 0, 2, 5.39, 3033, 163, 2085, 0
514, 18, 5, 6, 0, 0, 0.25%, 4, 0, 2, 5.14, 3060, 163, 2107, 0
519, 18, 1, 6, 0, 0, 0.25%, 4, 0, 2, 5.57, 3089, 163, 2129, 0
524, 19, 5, 6, 0, 0, 0.25%, 4, 0, 2, 6.69, 3128, 163, 2148, 0
529, 19, 5, 6, 0, 0, 0.25%, 4, 0, 2, 5.39, 3153, 163, 2170, 0
534, 19, 5, 6, 0, 0, 0.25%, 4, 0, 2, 5.76, 3186, 163, 2190, 0
539, 19, 5, 6, 0, 0, 0.25%, 4, 0, 2, 7.65, 3229, 163, 2209, 0
544, 20, 5, 6, 0, 0, 0.25%, 4, 0, 2, 5.42, 3254, 163, 2231, 0
550, 20, 5, 6, 0, 0, 0.25%, 4, 0, 2, 4.77, 3278, 163, 2253, 0
555, 20, 5, 6, 0, 0, 0.25%, 4, 0, 2, 4.83, 3303, 163, 2275, 0
560, 20, 1, 6, 0, 0, 0.25%, 4, 0, 2, 5.12, 3332, 163, 2296, 0
565, 20, 5, 6, 0, 0, 0.25%, 4, 0, 2, 4.95, 3357, 163, 2318, 0
570, 20, 5, 6, 0, 0, 0.25%, 4, 0, 2, 5.15, 3385, 163, 2340, 0
575, 21, 5, 6, 0, 0, 0.25%, 4, 0, 2, 5.48, 3414, 163, 2362, 0
580, 21, 5, 6, 0, 0, 0.25%, 4, 0, 2, 5.44, 3441, 163, 2383, 0
585, 21, 5, 6, 0, 0, 0.25%, 4, 0, 2, 5.61, 3473, 163, 2403, 0
591, 21, 5, 6, 0, 0, 0.25%, 4, 0, 2, 5.79, 3506, 163, 2423, 0
596, 21, 5, 6, 0, 0, 0.25%, 4, 0, 2, 4.94, 3531, 163, 2445, 0
601, 21, 5, 6, 0, 0, 0.25%, 4, 0, 2, 4.85, 3555, 163, 2467, 0
606, 22, 5, 6, 0, 0, 0.25%, 4, 0, 2, 5.17, 3583, 163, 2488, 0
611, 22, 5, 6, 0, 0, 0.25%, 4, 0, 2, 6.08, 3616, 163, 2509, 0
616, 22, 5, 6, 0, 0, 0.25%, 4, 0, 2, 5.57, 3646, 163, 2530, 0
621, 22, 5, 6, 0, 0, 0.25%, 4, 0, 2, 5.62, 3675, 163, 2551, 0
626, 22, 5, 6, 0, 0, 0.25%, 4, 0, 2, 4.70, 3697, 163, 2573, 0
631, 22, 5, 6, 0, 0, 0.25%, 4, 0, 2, 4.62, 3722, 163, 2595, 0
637, 23, 5, 6, 0, 0, 0.25%, 4, 0, 2, 5.22, 3752, 163, 2617, 0
642, 23, 5, 6, 0, 0, 0.25%, 4, 0, 2, 5.02, 3777, 163, 2638, 0
647, 23, 5, 6, 0, 0, 0.25%, 4, 0, 2, 6.08, 3809, 163, 2659, 0
652, 23, 5, 6, 0, 0, 0.25%, 4, 0, 2, 5.54, 3837, 163, 2680, 0
657, 23, 5, 6, 0, 0, 0.25%, 4, 0, 2, 5.14, 3864, 163, 2702, 0
662, 23, 5, 6, 0, 0, 0.25%, 4, 0, 2, 5.39, 3892, 163, 2723, 0
667, 24, 5, 6, 0, 0, 0.25%, 4, 0, 2, 5.82, 3922, 163, 2745, 0
672, 24, 1, 6, 0, 0, 0.25%, 4, 0, 2, 5.42, 3950, 163, 2766, 0
678, 24, 5, 6, 0, 0, 0.25%, 4, 0, 2, 5.28, 3979, 163, 2787, 0
683, 24, 5, 6, 0, 0, 0.25%, 4, 0, 2, 5.92, 4010, 163, 2807, 0
688, 24, 5, 6, 0, 0, 0.25%, 4, 0, 2, 5.85, 4040, 163, 2828, 0
693, 25, 5, 6, 0, 0, 0.25%, 4, 0, 2, 5.53, 4069, 163, 2849, 0
698, 25, 5, 6, 0, 0, 0.25%, 4, 0, 2, 4.92, 4093, 163, 2871, 0
703, 25, 5, 6, 0, 0, 0.25%, 4, 0, 2, 5.14, 4121, 163, 2893, 0
708, 25, 5, 6, 0, 0, 0.25%, 4, 0, 2, 6.17, 4154, 163, 2915, 0
713, 25, 5, 6, 0, 0, 0.25%, 4, 0, 2, 5.19, 4178, 163, 2937, 0
718, 25, 5, 6, 0, 0, 0.25%, 4, 0, 2, 4.92, 4203, 163, 2959, 0
723, 26, 5, 6, 0, 0, 0.25%, 4, 0, 2, 6.66, 4242, 163, 2978, 0
728, 26, 5, 6, 0, 0, 0.25%, 4, 0, 2, 5.75, 4270, 163, 3000, 0
734, 26, 5, 6, 0, 0, 0.25%, 4, 0, 2, 5.05, 4296, 163, 3022, 0
739, 26, 5, 6, 0, 0, 0.25%, 4, 0, 2, 4.67, 4320, 163, 3044, 0
744, 26, 1, 6, 0, 0, 0.25%, 4, 0, 2, 4.70, 4355, 163, 3065, 0
749, 27, 1, 6, 0, 0, 0.25%, 4, 0, 2, 4.87, 4382, 163, 3087, 0
754, 27, 5, 6, 0, 0, 0.25%, 4, 0, 2, 4.84, 4407, 163, 3109, 0
760, 27, 5, 6, 0, 0, 0.25%, 4, 0, 2, 5.35, 4438, 163, 3130, 0
765, 27, 5, 6, 0, 0, 0.25%, 4, 0, 2, 4.97, 4464, 163, 3151, 0
770, 27, 5, 6, 0, 0, 0.25%, 4, 0, 2, 5.28, 4493, 163, 3172, 0
775, 27, 5, 6, 0, 0, 0.25%, 4, 0, 2, 4.76, 4517, 163, 3194, 0
780, 28, 5, 6, 0, 0, 0.25%, 4, 0, 2, 5.01, 4544, 163, 3216, 0
785, 28, 1, 6, 0, 0, 0.25%, 4, 0, 2, 5.04, 4570, 163, 3238, 0
790, 28, 5, 6, 0, 0, 0.25%, 4, 0, 2, 6.14, 4607, 163, 3258, 0
795, 28, 5, 6, 0, 0, 0.25%, 4, 0, 2, 5.56, 4635, 163, 3280, 0
800, 28, 5, 6, 0, 0, 0.25%, 4, 0, 2, 4.81, 4658, 163, 3302, 0
806, 28, 5, 6, 0, 0, 0.25%, 4, 0, 2, 4.77, 4691, 163, 3322, 0
811, 29, 5, 6, 0, 0, 0.25%, 4, 0, 2, 4.90, 4716, 163, 3343, 0
816, 29, 5, 6, 0, 0, 0.25%, 4, 0, 2, 5.49, 4745, 163, 3364, 0
821, 29, 5, 6, 0, 0, 0.25%, 4, 0, 2, 4.95, 4772, 163, 3386, 0
826, 29, 5, 6, 0, 0, 0.25%, 4, 0, 2, 5.16, 4799, 163, 3407, 0
831, 29, 5, 6, 0, 0, 0.25%, 4, 0, 2, 5.79, 4830, 163, 3428, 0
836, 30, 5, 6, 0, 0, 0.25%, 4, 0, 2, 5.05, 4857, 163, 3450, 0
841, 30, 5, 6, 0, 0, 0.25%, 4, 0, 2, 4.87, 4882, 163, 3471, 0
846, 30, 5, 6, 0, 0, 0.25%, 4, 0, 2, 5.49, 4911, 163, 3492, 0
851, 30, 5, 6, 0, 0, 0.25%, 4, 0, 2, 5.20, 4938, 163, 3513, 0
856, 30, 5, 6, 0, 0, 0.25%, 4, 0, 2, 5.57, 4970, 163, 3534, 0
862, 30, 5, 6, 0, 0, 0.25%, 4, 0, 2, 4.76, 4993, 163, 3556, 0
867, 31, 5, 6, 0, 0, 0.25%, 4, 0, 2, 4.89, 5018, 163, 3578, 0
872, 31, 5, 6, 0, 0, 0.25%, 4, 0, 2, 6.23, 5054, 163, 3598, 0
877, 31, 5, 6, 0, 0, 0.25%, 4, 0, 2, 5.87, 5085, 163, 3620, 0
882, 31, 5, 6, 0, 0, 0.25%, 4, 0, 2, 5.62, 5115, 163, 3641, 0
887, 31, 5, 6, 0, 0, 0.25%, 4, 0, 2, 5.52, 5144, 163, 3662, 0
892, 31, 5, 6, 0, 0, 0.25%, 4, 0, 2, 5.15, 5171, 163, 3683, 0
896, 32, 5, 6, 0, 0, 0.25%, 4, 0, 2, 0.00, 5204, 163, 3697, 0
